0,7.958542219,10.28406194,9.323627403,10.429688,12.99191142,11.67445356,9.557716567,10.82595617,10.52775737,9.896784195,10.56460545,8.894983736,7.513238079,8.949124333,8.111519593,8.661565749,8.602884245,10.48939716,7.800339757,10.06612093,10.75290645,10.42328289,13.03685217,8.90881118,10.95140886,10.7572863,11.53746647,10.1530996,9.390222207,12.8976025,11.51087922,11.75272253,12.00115163,10.27435099,9.136937251,9.575692711,11.61127635,10.98166586,11.85839524,11.65879859,11.49538012,10.23955222,12.00995122,9.814042171,10.55617392,12.3737378,12.55321448,8.064562129,9.776603843,10.11177752,9.251448036,8.249052534,10.39621412,8.994770693,9.987812469,10.68631461,8.227840645,7.783348277,9.04644488,12.5578377,9.005105633,7.870096276,9.126907045,9.28497745,7.560006018,8.844614434,10.26202608,12.59960209,10.43214573,8.150224998,9.578830133,11.66613489,11.94918643,9.947778808,10.72653123,12.43567624,13.19730286,8.639944167,10.39424923,8.001129996,10.54530226,11.06398237,10.47462003,8.550246374,8.583109995,10.97193118,11.02459756,9.607385362,11.87274399,8.733356236,9.346137291,10.45387126,9.415852279,11.48321083,11.45694283,12.89935255,10.8438508,9.06320356,8.94307424
7.958542219,0,8.695960471,7.06431687,6.201075335,11.149368,8.518164974,8.536636355,8.01935394,7.318163365,8.18823911,9.883916446,8.532638421,7.938209597,7.150632171,7.349950646,7.884754833,4.148457154,9.560491661,8.45729001,8.27572337,8.567788371,7.64326634,9.004770088,7.621627612,8.878446513,8.524313155,9.984933058,9.021808737,7.407280736,9.763575231,7.379291754,7.082208711,8.629428339,8.562644224,7.249977944,7.541381236,8.296623457,9.107219669,9.481491034,10.20532624,8.941485554,8.813499964,8.578451245,8.586315288,9.888475906,9.48431119,9.358555783,7.280987481,7.856984316,8.610642679,7.515097413,8.941063618,8.073187993,8.389490794,9.340467281,8.987488227,8.249809456,8.470057423,7.206696043,9.577839202,9.495773972,7.145609818,8.359804141,7.342968598,6.159016052,5.956955201,6.656272582,10.95049343,7.966278046,8.049412429,9.224852826,10.93854743,9.566380213,7.836296481,7.824024686,9.82605717,10.09751164,8.132877952,7.318919673,7.752471144,7.471458545,9.12588223,9.73141202,6.820026824,9.979548025,8.626657195,9.981934146,7.23293271,10.29882638,8.204633641,8.505443503,8.081936661,8.602079252,8.816132017,11.39566809,9.629046947,8.020358961,8.312272078,7.725710505
10.28406194,8.695960471,0,9.426779783,8.018649389,8.794528462,11.83812839,6.916383539,7.045729908,8.064772818,6.730322809,11.90312152,7.532807733,8.266536796,9.599029004,6.962842409,7.85937863,7.725020785,7.238638085,8.498538506,9.35747887,7.808360023,7.805672562,10.02728783,7.892718301,9.815986129,10.26263235,9.055872846,9.372453572,8.000633862,9.713395044,6.641527824,8.326974713,9.361513297,10.56082255,9.200537778,7.001138999,10.10633982,7.682974733,8.657409809,8.419101402,10.29464281,7.517865687,7.576288026,10.41732577,9.136379864,7.462245991,8.439415406,9.161071801,10.13122347,10.65521236,6.828190636,7.542462175,7.477685912,7.863249945,8.331828177,10.55146957,8.653545409,7.77200764,8.282883412,11.20419301,9.508873598,7.957894249,6.516346183,9.076892516,6.830921777,8.176577458,7.990698347,9.348611045,8.822766225,9.991061943,8.124557436,9.889766904,9.926783954,9.69800784,8.525170113,10.45107328,9.890347613,9.926570923,8.39064805,10.00001902,7.828185761,9.490581306,8.396278328,8.51869007,8.133798218,11.64082203,7.257586433,7.703348569,11.11829042,7.698994362,9.795204497,8.934263754,8.44427663,9.095209043,9.780967014,9.52759002,9.720535526,8.408780378,7.238160656
9.323627403,7.06431687,9.426779783,0,6.81959838,11.53627631,9.922181772,8.885368798,10.17823447,7.11654765,8.46505665,8.857365805,6.65738165,9.816600669,9.076734483,8.967928101,9.142383495,7.000439875,8.426606226,8.626715326,8.413373321,9.479214419,8.030705161,9.706733762,8.341043082,9.464068901,8.035866182,11.19702789,9.744675296,9.322807114,11.18914505,8.754851971,8.986498203,10.67260677,9.408879698,9.003212353,6.283665458,9.47608342,10.58389251,10.10359258,9.927142119,9.006647603,8.814742688,11.02831785,10.40401607,9.949201132,10.28092797,10.64508091,7.637554015,7.700355798,7.697497891,8.676145045,8.290705316,10.19649251,9.553344424,9.883715558,8.492760731,8.71008548,9.761481399,9.192216167,10.93783086,10.09352967,10.38835921,10.16180065,8.375218339,8.411485396,7.761141107,7.214688677,8.935536386,9.857322399,10.28908052,10.42598158,10.63197189,10.23434926,8.701778529,7.788463611,9.469972953,11.14324249,8.396629149,5.491877762,7.028367162,8.682120058,9.231603747,8.281571801,9.685868202,8.914366826,9.421233498,10.49151517,8.014054976,8.661359145,9.820367135,9.687306362,8.981742161,9.706140569,9.3498791,11.38169864,8.600055087,7.998923637,8.418790343,9.091222829
10.429688,6.201075335,8.018649389,6.81959838,0,9.720374023,9.175088283,9.672423171,7.150843945,6.296000646,7.920642465,10.49064431,6.844812568,10.3529422,8.983224458,7.359845448,7.815069116,6.137611272,8.818861807,9.491265496,8.920928864,8.959516564,6.143191207,7.782171207,7.479356128,7.350119883,9.222431231,9.295905261,8.429547715,8.738716288,10.52795237,6.957968427,8.244972073,9.589176504,8.436149844,7.375321261,7.212230815,8.280068795,8.414979155,8.884079644,9.998550671,9.227344704,9.563475982,8.480711739,10.32390005,9.920541615,9.663991574,8.671518469,7.594069499,7.748089912,9.309618101,8.634475196,8.858104477,8.583795859,9.581929311,9.647077238,7.743683791,8.4730797,9.521890898,7.903398434,10.67100662,10.99713459,8.455487687,8.980962354,8.727120122,7.649857509,6.314251998,7.007538846,10.0459499,9.008747466,8.826125783,8.654217401,9.796365329,11.22068089,8.456054462,7.311398961,8.373420755,9.081890196,9.263408989,5.915993725,8.952218641,8.09704432,9.399535649,9.960640344,7.883155422,10.71996782,10.99563372,9.312009939,6.775399457,10.93014911,7.504872147,10.12919884,8.392004603,10.28623765,9.679409125,9.981826676,8.280474662,6.401191595,8.133940296,7.308814579
12.99191142,11.149368,8.794528462,11.53627631,9.720374023,0,12.12669739,10.99748662,10.51407914,10.20132646,10.61537968,11.54766408,10.26971812,10.48535008,9.554985974,8.963129947,9.896794453,9.886131722,8.740967534,9.312143427,9.233165801,9.812257625,8.751842668,10.72580149,10.69397561,12.25508407,12.11295574,7.580312124,11.27423003,10.77630626,10.74610979,8.883346794,8.792412963,12.03420996,10.42306318,11.6574963,10.40127081,10.94065585,9.141822322,8.788338029,8.596707095,11.10870402,8.645141413,8.662818915,11.42897728,9.081415972,10.59803617,11.79094493,10.4658532,12.7833527,13.02171365,8.619398303,10.28663057,11.35763901,9.589145186,8.654444478,10.36511354,10.08533865,10.74472284,11.04195812,11.99007193,12.12207579,9.99736438,7.406322916,12.13444719,10.46515798,10.94167956,11.04544393,10.42871771,11.57780874,11.21236718,8.578621766,11.38387191,12.41800115,9.595461432,7.351659864,10.19602844,11.80550173,9.661956307,9.847657778,10.29350966,11.04772463,10.65781556,11.70668533,12.36069257,10.19079568,13.37782448,10.01889448,9.757340882,13.75721893,9.164979907,11.44299366,9.530294098,11.12198417,8.339127844,8.364600242,11.20439081,10.33381095,10.46460009,9.560688915
11.67445356,8.518164974,11.83812839,9.922181772,9.175088283,12.12669739,0,10.90552842,12.10342717,8.936393014,10.48573686,9.669632675,9.755803348,11.89595263,8.558993449,9.980308419,10.55801397,8.249349898,10.98149685,9.307744934,7.531786961,9.264753544,9.812981012,10.45032184,10.74023435,10.35353578,8.815873957,12.71248222,9.816592511,10.08772976,8.462369624,9.355510375,9.840989397,11.47043391,7.730988797,9.853704783,9.453414116,9.141859555,11.20288655,9.802719847,13.10898997,9.138021948,10.63340508,10.53158893,6.670006728,11.01751561,13.56732911,9.886848325,9.82850265,11.92371529,10.15141505,8.574675105,12.42660006,10.43535158,9.703908381,10.85595572,8.142196173,10.83161907,9.076262586,7.764722054,10.37888206,12.22542059,9.317949307,9.519092101,9.483745201,9.89382398,7.665253932,9.651407794,12.94493914,8.477233205,8.780660602,10.10570375,11.47097312,9.464736132,9.374258097,9.350655132,11.16774365,10.50548981,9.694981792,9.726745774,9.971590424,11.83623729,8.558082059,13.26828474,9.981704414,10.34615331,10.71692355,13.05685915,8.928030172,12.3567023,9.681393867,9.46537043,8.372430643,12.56539848,11.05425546,12.09634628,11.28774346,8.618236128,10.81871187,10.32728992
9.557716567,8.536636355,6.916383539,8.885368798,9.672423171,10.99748662,10.90552842,0,8.47989095,6.586484632,8.171170369,11.76086815,7.135843774,9.851371484,9.160451865,7.091575652,8.465435605,7.39690443,8.746410918,7.470492614,10.03903598,7.87761936,7.104345677,10.50331933,9.772956945,10.37994352,10.17372735,9.576692786,7.80034134,7.73209286,9.639057567,8.29785551,9.614653993,10.38965773,8.726429453,9.082062022,7.061605519,10.75767732,8.341150199,10.31430876,10.37951872,8.508459609,8.045097832,10.2746679,8.848603073,9.027408382,9.371565459,8.199151442,10.29685543,11.15437989,8.216004731,5.494732516,7.704957971,7.344761299,7.807948509,9.881689375,10.76999196,10.76739941,8.523618951,7.796587118,11.20591896,8.742275771,8.256909183,6.340440643,8.154809093,7.080346265,8.596793265,7.216284081,8.932552236,9.216965637,9.346393311,10.21026304,11.59061476,7.942197719,8.421943987,8.799528695,10.5513086,9.651648882,10.93189651,8.692684317,8.739246571,8.389362106,9.14287853,7.359662495,9.606229474,6.512265913,11.5480704,7.264801524,7.834599733,11.40320325,8.166853204,7.96015695,8.705528987,9.301490443,9.230823778,10.95198231,9.450675897,9.664502817,8.475701437,7.201267064
10.82595617,8.01935394,7.045729908,10.17823447,7.150843945,10.51407914,12.10342717,8.47989095,0,8.093161963,8.41329866,13.77883303,9.024904771,10.14217996,9.807713665,6.79379751,9.710419624,7.62502077,9.422584096,8.767582549,11.33058441,8.918081165,5.975353146,9.254389902,9.076777226,9.14169675,11.26539653,9.365814416,10.06396302,8.605223063,11.11819067,8.558672708,8.832722198,9.075447874,10.42455804,7.430858582,9.336604198,9.693793289,8.604015644,9.258320561,9.370196581,7.740631479,8.781480908,7.416203423,10.26440787,9.804045518,10.77634779,8.492591258,9.0540045,10.45337898,11.30708004,8.002712825,9.128606409,9.230268016,9.739594859,11.39716296,10.47360893,10.17735513,9.678705936,8.761514053,12.53903832,9.625983174,8.250338356,8.788774786,9.815006708,6.830865297,8.034781006,7.368244782,9.257060397,8.951277196,9.952130665,8.639279325,11.54428132,11.19575047,9.96696596,9.374675288,10.42911419,11.02733404,11.05291836,8.095422753,11.00111737,9.593533607,9.331876992,9.94056707,9.168004577,10.63822621,11.65767277,8.164347541,8.856295076,12.11504899,7.944284625,11.17061799,9.981860265,9.003774183,9.987749049,10.01506463,9.231856893,9.033678276,7.903102093,9.107028436
10.52775737,7.318163365,8.064772818,7.11654765,6.296000646,10.20132646,8.936393014,6.586484632,8.093161963,0,8.198609705,11.94620787,7.737036046,10.33773641,8.756123254,6.545783755,8.495266564,7.339988773,8.580950477,8.839643257,8.503680076,8.125024468,5.205908322,7.662166114,8.194881568,7.716110899,9.323565559,10.00837337,8.042086225,7.587304765,9.833387829,6.18452092,9.518500221,10.5740399,7.136093394,7.324172346,6.124427659,8.601246222,9.289391541,9.663731121,10.7249162,8.015197491,8.713664924,10.15111545,8.320161436,10.53260315,10.58067888,7.730825169,8.852743356,8.913314108,8.661273735,6.688598191,7.58751695,6.935580353,7.912344964,10.90893045,10.00589862,10.66032625,10.10208101,8.254599046,10.27259985,10.07477336,9.045647282,7.985888878,7.065630639,8.517220026,7.730871205,7.810653633,9.6191913,8.759145979,9.28631864,10.11596641,8.844064143,9.210899607,7.844732792,6.443956176,7.062942303,9.239177082,10.70823083,6.214036725,8.061516059,8.578298734,9.201215996,9.036523878,8.280330493,9.030321264,12.61401507,8.409285806,6.826191588,12.59923478,7.352554599,8.625447551,7.452042896,9.025433326,9.978440834,10.26341661,9.533878281,7.143434345,8.044393079,6.840689828
9.896784195,8.18823911,6.730322809,8.46505665,7.920642465,10.61537968,10.48573686,8.171170369,8.41329866,8.198609705,0,11.41003992,7.907632773,8.944348561,9.607802838,6.950570003,9.165219039,8.61825052,9.519363146,8.671523016,10.22535821,9.09653578,8.624228833,9.544378607,7.829013548,7.933065352,9.244272585,10.38346898,9.024179592,8.381358015,10.36602709,7.236267422,8.275860385,7.405971745,8.700337242,10.02502101,7.339856075,9.955415462,7.954032519,8.866212013,8.632660252,8.933658272,8.121160118,10.10922298,9.929567988,8.629805358,9.282185421,8.371010972,8.084712258,10.37157781,9.459215982,8.21186778,7.845430394,9.223348581,9.686229781,9.273273577,10.61383883,6.080464666,8.417836358,6.655228838,10.53658412,7.788185336,8.326915402,7.969869537,9.152797213,6.941816085,5.272560634,7.580096535,10.91993307,7.062347132,8.384688419,8.437783188,9.435766148,10.65802493,10.00930484,7.671946373,11.55761947,8.480772515,9.917754441,7.027811737,8.889598434,9.752240915,8.450245755,8.645352151,8.320151217,8.321164065,10.87883635,8.88872806,5.201095462,9.751766805,8.648360611,11.16750481,9.594183665,9.570088468,10.42122127,10.66523849,8.169328528,8.494745501,7.561569978,5.929091667
10.56460545,9.883916446,11.90312152,8.857365805,10.49064431,11.54766408,9.669632675,11.76086815,13.77883303,11.94620787,11.41003992,0,8.465471328,10.69099764,8.269052448,11.7825052,9.109081879,9.328622791,10.13478149,8.525962837,9.520050219,10.73505168,11.16349901,11.97603415,11.67152907,12.30875109,9.98016377,12.13431934,12.2367903,11.36781654,10.59319725,11.67762641,9.885286751,13.9534404,10.55966356,12.40487618,9.758951214,11.95148298,10.65472005,11.0446263,12.78051107,12.70488094,11.51440078,12.15642321,11.52617335,8.488123372,12.7946221,13.78327401,8.122632557,12.42200663,10.85529491,9.506813093,11.88816808,12.29388021,10.05794316,9.415863958,7.774290303,9.119266937,9.320120335,10.62821693,12.37031898,12.28787937,10.68089132,10.03936797,11.13030395,10.40756315,9.577485224,10.48193088,12.29936072,11.96116996,9.079957746,10.81892397,13.0953256,11.61151036,8.717024573,9.634669426,12.33042752,12.56171885,8.733174534,11.06042799,10.2599503,11.58491218,11.37593254,10.91428874,10.76577974,10.31989196,10.13669174,14.02610707,11.05121745,9.937888015,11.91458059,9.908638707,11.83900077,13.75339976,10.00324312,10.37392018,12.42945667,11.36632858,10.85070844,10.97628239
8.894983736,8.532638421,7.532807733,6.65738165,6.844812568,10.26971812,9.755803348,7.135843774,9.024904771,7.737036046,7.907632773,8.465471328,0,10.11662433,9.863775815,7.05821439,7.995984427,6.977057915,7.67778555,7.602100416,8.448778065,8.443263759,6.454723387,9.823123233,8.230056136,7.886709691,8.017976675,9.356186386,6.778932753,7.935340882,9.649973257,9.059779862,9.66502565,10.70119842,8.347499512,9.168161042,7.379847612,10.60459333,7.1773628,10.03434311,10.44011194,9.332312054,9.784171553,9.602399946,9.909025769,7.702456892,9.515704564,9.644391843,8.293778047,9.376104398,7.023656936,7.359219661,7.398062612,8.353886076,8.414076946,7.152518176,6.638977595,8.432383761,7.398625726,7.562969217,10.64376071,10.41997884,8.29447903,7.914171301,8.46009246,7.909024141,6.696471646,7.35174035,9.00808788,9.975988685,8.480252391,8.577283482,9.970390521,10.94703475,8.621237359,8.391750715,9.249185259,9.679143242,9.335144636,7.349827317,8.70561454,8.900212727,9.254632948,8.898933356,9.409747625,7.49371951,10.26854399,9.437153478,7.408419601,8.908574256,7.59394479,8.060525094,9.019336622,10.95441782,9.725669032,9.5255159,8.311392609,7.795438541,7.332560579,7.62503112
7.513238079,7.938209597,8.266536796,9.816600669,10.3529422,10.48535008,11.89595263,9.851371484,10.14217996,10.33773641,8.944348561,10.69099764,10.11662433,0,8.047014503,7.748070962,7.797207092,8.450995606,8.619509606,7.834356765,8.507736001,8.773572211,9.85861982,10.57151303,8.734379765,10.73285819,9.970873421,9.867879968,11.95911217,8.416583675,10.65297158,8.667879836,8.943495879,10.60222631,10.86937897,9.453491758,8.31313844,9.682244808,9.749659808,10.98313942,8.844447826,11.33280428,7.858210884,9.928073075,9.560432092,10.18313137,9.874228927,10.87147396,7.55527087,10.23199284,11.45191134,7.937295628,7.743567007,9.824016816,9.17873688,9.493634858,11.7992895,7.232626769,7.517235819,10.38557435,11.71315586,8.338653325,8.619810316,8.060931963,9.962815425,7.27424984,8.874754908,9.540623282,10.99627288,8.231568372,9.323823355,7.863395204,12.26340046,11.08626501,9.814979086,8.691399048,11.39065741,11.39999988,8.78476861,9.182145842,8.53382247,9.108824953,8.885290737,9.440211489,7.044259443,9.071150481,10.83923442,11.00230313,9.946034653,10.67769511,9.767294483,11.24569174,10.48033776,7.907289668,10.5535924,10.727872,12.30674582,10.53205697,8.505522371,8.804171938
8.949124333,7.150632171,9.599029004,9.076734483,8.983224458,9.554985974,8.558993449,9.160451865,9.807713665,8.756123254,9.607802838,8.269052448,9.863775815,8.047014503,0,8.82636623,7.754150387,7.057300207,8.959067131,6.571806605,8.843462327,7.52743124,8.868699174,9.796757204,10.11451287,11.1494286,9.984679099,10.22978383,10.89913226,9.15995347,8.806928623,8.254793955,7.898188919,10.96652663,8.386758013,7.923935132,7.590265637,8.907853208,9.89803877,8.669003401,10.29635362,9.950777244,7.148329997,9.632333276,8.252819376,9.071492318,11.78762703,10.86723584,7.065355659,10.85188142,10.9517664,6.011991507,10.52279888,10.27425308,7.63940577,10.04316634,9.553569528,9.293124327,8.081312487,9.522412138,11.64313796,9.222418883,7.8542602,7.205425476,8.921852457,7.653188456,8.464525999,8.522448686,10.50803171,8.507827059,7.152711496,8.991865264,11.75978607,7.159982444,5.858262063,7.457358042,11.54814437,10.54409282,6.873576692,9.485314302,8.014570593,9.00026598,8.453103434,9.311869026,8.158614397,9.036093461,10.54467001,10.87345425,8.89468586,11.60448347,9.185700395,10.03595096,9.465541684,9.452991842,7.983854036,8.715171367,12.04474809,9.713196982,9.453065505,8.71014392
8.111519593,7.349950646,6.962842409,8.967928101,7.359845448,8.963129947,9.980308419,7.091575652,6.79379751,6.545783755,6.950570003,11.7825052,7.05821439,7.748070962,8.82636623,0,8.81792395,7.054156508,8.990692467,7.248390915,8.589659597,8.833023112,5.660474405,8.345652905,7.081655134,6.925287565,8.964211292,8.567317717,7.227221517,6.455164443,10.17765145,7.426966248,8.794039431,9.420067085,7.00791224,8.337948897,7.986379288,9.833559413,7.616985134,9.546208177,9.407498622,7.632846811,7.949260762,8.631427608,7.090154126,8.682908261,9.287000765,8.872297046,7.32784681,9.129990247,8.863065977,6.25233445,6.372624186,7.418313265,8.629662605,8.084716762,9.878255872,7.874594763,7.939107105,7.376796879,9.36449922,8.332230776,7.084847088,6.208480827,8.542634678,6.822560488,7.085954666,8.217246995,9.456844445,8.173535112,7.521138843,7.718527179,9.01390684,10.73269775,8.64624152,7.237180106,8.22655897,9.366760121,9.672029968,7.425040973,8.228250683,8.691088665,8.062296625,9.583642146,7.698291368,7.728681272,11.16093284,9.281083674,6.150667206,11.3704302,5.554034602,9.531843523,8.739044027,7.928188762,10.42221292,9.901185664,9.043147981,7.727268904,6.643222761,6.374664948
8.661565749,7.884754833,7.85937863,9.142383495,7.815069116,9.896794453,10.55801397,8.465435605,9.710419624,8.495266564,9.165219039,9.109081879,7.995984427,7.797207092,7.754150387,8.81792395,0,7.683640028,8.22616978,8.158186626,9.655866387,8.382187332,8.877829476,10.9493384,9.622151954,10.8480553,11.59008048,8.432361939,10.88250821,10.1433945,10.57376847,8.822531978,10.05772284,12.54106938,9.061120343,8.647227761,7.334575947,9.162718435,9.122599176,10.5680674,9.919194551,11.42194408,9.411023374,10.29472411,10.89576337,8.925512785,10.5818958,9.725760552,8.357655793,10.39838809,10.7593935,7.612678098,8.751878866,9.207567416,8.064575346,10.48577187,9.941916563,8.411777841,7.415843154,8.737120552,13.54185712,10.4130265,7.912440174,7.478887698,9.901330419,6.946133247,8.270419573,8.762579152,10.08669984,9.355535558,6.951996708,9.139006492,12.18094886,10.53553945,8.589142728,8.485620729,9.957037359,10.7635111,10.07529493,8.856930938,9.697695186,9.611517155,10.07915118,8.543020426,6.47865397,10.00282247,12.65506205,9.169441913,9.653355424,12.69802932,9.237997209,9.443061303,9.298433687,10.40729568,10.02903469,9.266654679,11.71893772,10.22890547,9.622015146,6.107348039
8.602884245,4.148457154,7.725020785,7.000439875,6.137611272,9.886131722,8.249349898,7.39690443,7.62502077,7.339988773,8.61825052,9.328622791,6.977057915,8.450995606,7.057300207,7.054156508,7.683640028,0,8.645690329,7.676434888,7.162267911,7.903934542,6.591249801,8.702753314,8.878301763,9.465551543,8.33746188,8.617442029,7.826024423,8.019335118,7.743450545,7.032371543,7.010361943,8.598797697,7.946998811,7.242972949,7.185322863,9.220455979,8.387341259,8.134229405,9.750298819,8.687256686,7.310020826,7.040016001,8.615231483,9.168836046,8.822990421,8.932147663,8.023011735,8.555576305,9.018050627,6.071757685,8.649461934,8.085630323,8.736300683,8.140026961,7.586141792,8.651485516,7.630652345,6.989741001,9.207957896,9.903791252,7.405757258,7.546481792,7.307325473,6.171676509,6.017951811,4.85314142,9.679855006,7.822339809,8.782990841,8.728008948,10.71201843,7.976211597,7.623504668,7.102973767,10.06630762,9.642590976,6.923444227,7.721324939,7.700403737,7.126075782,8.497048736,9.69936215,8.225120051,8.477307719,8.607988062,9.202716447,6.956858702,9.792200133,7.940784089,8.502719179,8.107901081,8.972626988,7.585266134,10.227764,9.350469233,7.812868547,8.090186953,7.639860231
10.48939716,9.560491661,7.238638085,8.426606226,8.818861807,8.740967534,10.98149685,8.746410918,9.422584096,8.580950477,9.519363146,10.13478149,7.67778555,8.619509606,8.959067131,8.990692467,8.22616978,8.645690329,0,7.944173937,7.904318227,7.382435718,8.339927599,11.2008933,9.156011956,9.637325736,8.287923135,10.69206191,10.35382656,7.618563864,9.233442093,7.380635728,8.011638281,10.56915351,10.11518735,8.491136131,5.775737686,7.678231643,7.81290135,10.19027254,10.02701345,10.23405507,8.570915158,9.86785029,10.20250909,10.33534794,10.22010346,8.226843644,9.886820453,11.26990699,9.139161522,8.302227727,8.521773493,7.71635931,7.309995427,9.046939166,8.530465033,9.464654372,8.705760557,9.476647238,12.90763704,8.986103619,10.33744057,8.169948257,9.128071614,8.077673346,9.063998194,9.4930746,8.43182792,10.88249826,10.69128145,7.680159705,11.50229489,9.503907949,10.16429442,8.545032395,10.20311914,11.12800387,8.50112742,7.416208702,9.502051159,8.338029975,8.270578886,8.521854575,10.43526512,7.792554444,11.07079638,8.490879965,10.54433005,10.3094528,7.762794727,8.772659778,7.01442811,8.124200511,6.740431738,9.395615679,9.710618407,8.325171304,9.106453624,10.0769578
7.800339757,8.45729001,8.498538506,8.626715326,9.491265496,9.312143427,9.307744934,7.470492614,8.767582549,8.839643257,8.671523016,8.525962837,7.602100416,7.834356765,6.571806605,7.248390915,8.158186626,7.676434888,7.944173937,0,8.424226358,7.77391207,7.141448953,9.532527008,9.048841373,10.48843615,10.00499653,9.64567728,9.84635147,8.589516466,9.957776744,9.322925594,8.313899007,10.75061992,9.245661659,9.442895546,7.782443714,9.877727126,8.157935107,7.286833261,9.699666019,7.408138023,6.379526451,8.510445857,7.429927466,6.260707121,10.97758782,10.06380229,6.79617696,12.12817764,9.877744595,4.931544373,7.624151126,9.714618628,7.219494755,9.489801551,7.649162437,7.529715459,6.740312139,7.409821461,11.69878869,7.369570966,6.863218392,5.535191292,8.311962933,6.392734962,8.170191681,7.799388595,9.623440728,7.989010023,7.721190313,6.763077035,11.52406623,9.078418461,7.365854806,7.913968418,9.936858191,10.73075889,8.418755492,8.529788581,7.885260434,10.05079432,7.9383389,7.602249797,8.742558426,5.587670588,9.924456947,9.221313229,8.608369377,9.864579114,7.490777649,8.144668417,8.909373073,9.697393376,8.513267013,7.435912198,10.01644409,9.530589511,6.135145065,8.804336719
10.06612093,8.27572337,9.35747887,8.413373321,8.920928864,9.233165801,7.531786961,10.03903598,11.33058441,8.503680076,10.22535821,9.520050219,8.448778065,8.507736001,8.843462327,8.589659597,9.655866387,7.162267911,7.904318227,8.424226358,0,8.43963367,8.288021107,9.272369604,8.233868132,10.44119123,6.802158582,9.604888245,9.773521787,7.8797041,7.437604916,7.352069533,8.915552437,10.34291672,9.644371799,9.36829624,8.440019121,8.554195151,9.688925455,9.214402882,10.22290935,10.26231616,8.648067882,8.426632024,7.673881598,11.12344186,10.81441386,9.951283021,9.085759648,10.05983078,10.45811187,7.70729309,8.883471865,9.273750346,8.216864012,7.91725724,8.465505748,9.612113582,8.911564726,9.070333343,8.330574314,11.75072498,8.873344283,7.966456477,8.364046401,9.30226984,7.92755109,9.175131413,11.51374975,8.420044215,10.98624471,8.039098841,10.32734547,10.23185605,9.283226058,7.585387875,10.04556393,11.04575182,6.967513257,7.976209454,6.96360937,9.442849123,8.666830247,11.9845438,10.27054104,8.110759688,10.02430329,10.90101975,8.590984068,10.79603688,8.862669032,8.612685818,7.015141838,10.72899114,9.152907001,10.06693912,11.23358856,8.152107539,9.160047586,9.678059643
10.75290645,8.567788371,7.808360023,9.479214419,8.959516564,9.812257625,9.264753544,7.87761936,8.918081165,8.125024468,9.09653578,10.73505168,8.443263759,8.773572211,7.52743124,8.833023112,8.382187332,7.903934542,7.382435718,7.77391207,8.43963367,0,7.650071237,9.850335839,9.668899468,9.897502279,9.768703018,10.42662214,8.696939308,7.877729489,8.444052361,7.981181439,8.619749187,9.15872199,10.20984034,6.669081373,7.227760839,8.763375431,8.386391203,9.283432938,9.36137521,9.357147734,7.919371983,8.236850749,9.074477546,8.945753627,10.05421939,8.414681733,9.993990806,10.71394128,9.337116353,6.045871043,9.541210077,8.549130647,6.569888106,9.272784317,8.938386489,10.6070447,6.132410316,9.852149557,11.64079975,9.88599016,7.372706731,7.647345063,8.340699085,8.520472586,8.433646806,7.524516186,10.28735317,7.892561943,9.61795784,6.96408979,11.58963138,8.843017871,6.856786231,8.428780744,10.63332191,8.119624748,9.642995143,8.555504696,8.849718683,8.392150426,7.897075377,9.686105955,8.652658925,8.848466931,11.11062037,8.635601815,8.816249197,10.33239296,8.242441305,9.240148576,8.322885931,9.174816987,8.845365772,9.920725448,10.54654299,7.905184195,7.891124657,9.42173302
10.42328289,7.64326634,7.805672562,8.030705161,6.143191207,8.751842668,9.812981012,7.104345677,5.975353146,5.205908322,8.624228833,11.16349901,6.454723387,9.85861982,8.868699174,5.660474405,8.877829476,6.591249801,8.339927599,7.141448953,8.288021107,7.650071237,0,6.011060896,8.321460663,7.551608844,9.29341802,7.939344113,7.798941265,7.040834858,9.236554717,7.334792325,8.518825479,9.854924601,8.32586385,7.687818996,7.9315953,9.484474637,7.059363783,8.298792048,9.788133592,7.142512779,8.397189885,7.554741381,8.5814404,8.32344699,10.09455217,8.434647433,7.890217193,9.845943778,9.452264757,5.798006917,6.860825542,7.736792539,8.249955302,9.729254742,8.069043695,9.869297465,9.364314895,8.313538513,9.722865105,10.00765669,7.824084605,7.138798527,7.604576278,8.022625029,7.256251019,6.495467323,9.187581495,8.511623012,9.431233021,7.981447194,9.662508112,10.5831852,7.150934997,6.173042118,7.005268378,9.148832687,10.20286662,6.629643269,8.387997289,8.776253545,9.03757196,9.191494702,8.835418087,8.626477188,11.42794813,8.215660921,7.133660755,10.9967663,6.881471615,8.601666818,8.713642734,10.04751645,9.238170551,7.928576084,8.809120306,6.863313771,5.495939364,7.844297755
13.03685217,9.004770088,10.02728783,9.706733762,7.782171207,10.72580149,10.45032184,10.50331933,9.254389902,7.662166114,9.544378607,11.97603415,9.823123233,10.57151303,9.796757204,8.345652905,10.9493384,8.702753314,11.2008933,9.532527008,9.272369604,9.850335839,6.011060896,0,9.242901464,8.724772523,10.1194497,9.975192621,10.91448416,8.998240878,9.697329548,7.071428226,9.192667817,10.37707528,10.55002997,10.87462578,9.306998366,10.73405446,8.728811254,9.029649003,11.63454256,10.07468775,9.342961327,8.659008023,10.18674451,10.92646488,10.32027281,10.07810213,8.496252806,11.90697481,12.07625391,7.834744018,8.730780773,10.09819836,11.13073944,11.64080866,10.68676316,10.47150957,11.82435584,10.54617535,9.65366428,11.92322596,9.868635191,9.064970064,8.737265465,10.40960815,8.532680376,8.255832859,12.14780494,7.917251085,11.21522651,9.906440629,11.34437185,11.65178863,8.890202082,7.046355476,8.872219847,8.348394934,11.71905159,8.264843595,9.683398941,9.636923076,10.37524005,10.33342098,9.002549366,11.01447851,12.97636635,11.50740851,8.108791398,11.27704526,10.05649252,12.22671198,11.40932952,12.7674342,12.04268839,9.300669272,10.88870326,9.27985268,7.15011725,9.196329958
8.90881118,7.621627612,7.892718301,8.341043082,7.479356128,10.69397561,10.74023435,9.772956945,9.076777226,8.194881568,7.829013548,11.67152907,8.230056136,8.734379765,10.11451287,7.081655134,9.622151954,8.878301763,9.156011956,9.048841373,8.233868132,9.668899468,8.321460663,9.242901464,0,8.717206608,8.207981085,9.884696879,9.838889504,6.607275932,11.79617075,7.78127158,9.642234324,9.383864215,11.20936718,9.761344019,8.738730434,8.377769384,8.660400591,10.76700461,9.722888588,10.17522689,9.968646117,8.941837388,9.420035191,11.19159384,8.865331999,10.05998133,8.240892209,9.178453698,8.92386618,9.087078131,7.384890398,9.216500445,7.707507265,8.479305307,10.47428277,8.315938226,9.782142824,8.715502653,10.55369167,11.04745023,6.997995419,7.910243629,8.60819732,8.154298478,7.920816496,10.22452168,11.18250983,9.000939619,9.595446626,8.472545224,10.93355891,12.71086676,10.10544265,9.942814052,9.450438001,10.62549717,9.816279244,6.270098234,7.843415752,8.276382869,9.65004661,9.699602401,8.850386876,9.658959581,10.95298424,9.74016654,7.63414245,10.63692651,7.401311535,9.776274996,7.562020282,10.49946431,11.40449056,10.83645176,9.400686007,9.2451846,8.415741707,8.270144931
10.95140886,8.878446513,9.815986129,9.464068901,7.350119883,12.25508407,10.35353578,10.37994352,9.14169675,7.716110899,7.933065352,12.30875109,7.886709691,10.73285819,11.1494286,6.925287565,10.8480553,9.465551543,9.637325736,10.48843615,10.44119123,9.897502279,7.551608844,8.724772523,8.717206608,0,8.508398707,12.79895275,8.083683781,7.237639359,10.79480482,8.314330685,10.30180231,9.819331881,8.141338525,9.424445921,8.386839708,10.70817842,7.80159056,11.71031828,13.26317571,10.30478476,11.63309238,11.37658559,10.33696485,11.18852192,11.28732378,9.301810162,9.329015229,10.70793714,8.401909112,9.722408592,8.410938834,7.335130042,10.35390065,10.27537734,9.600755028,9.352091497,10.17423036,8.998870655,11.33489931,10.06128895,10.45429921,10.4794575,8.093859971,10.19103261,6.928598167,9.937932364,12.39249081,10.42609361,9.246634011,9.657728395,8.809502251,12.53907879,10.98391951,8.676013753,9.077933475,8.991480482,11.84341484,8.266462012,10.95998446,10.12365527,10.32367324,11.12951052,8.560810817,10.79827103,12.97251708,11.66293253,8.402930865,11.17291403,7.411920559,10.91672078,10.43559391,10.22700135,12.31868582,11.32374158,10.18209528,7.386375193,7.451301268,9.03471845
10.7572863,8.524313155,10.26263235,8.035866182,9.222431231,12.11295574,8.815873957,10.17372735,11.26539653,9.323565559,9.244272585,9.98016377,8.017976675,9.970873421,9.984679099,8.964211292,11.59008048,8.33746188,8.287923135,10.00499653,6.802158582,9.768703018,9.29341802,10.1194497,8.207981085,8.508398707,0,11.88575207,9.76550338,5.812471361,8.170929195,7.861190282,8.328589652,9.12809377,9.581398541,9.812342297,8.301488938,8.296432614,9.094102957,12.00369148,11.61361745,10.20490413,10.80563672,11.06050835,8.289197084,12.16088458,11.08183761,9.408266454,9.472588078,9.913506922,7.736871189,9.728786332,10.31137743,9.090247955,9.912263077,8.129726886,9.55913215,10.06829394,10.3430277,9.453089882,8.680092427,10.91547724,10.62488105,9.834927979,9.371247547,9.266444429,7.21769684,9.609411432,10.90304612,9.980639752,10.95320036,9.692318882,11.8051401,10.51023212,10.69475243,9.580498739,12.05221776,10.58617226,8.108450724,7.411375779,8.448448994,8.618649439,7.70483836,11.50186974,11.15476023,9.053922112,8.062378491,12.34779566,9.055711274,8.122753954,9.731275023,10.09115827,8.522980636,11.04583262,9.767299746,12.48406925,9.261268566,7.569053218,10.0784873,10.7691916
11.53746647,9.984933058,9.055872846,11.19702789,9.295905261,7.580312124,12.71248222,9.576692786,9.365814416,10.00837337,10.38346898,12.13431934,9.356186386,9.867879968,10.22978383,8.567317717,8.432361939,8.617442029,10.69206191,9.64567728,9.604888245,10.42662214,7.939344113,9.975192621,9.884696879,12.79895275,11.88575207,0,11.44701683,10.43657894,10.71666199,9.54295837,10.39774011,11.84912084,10.91251545,10.87575378,11.29785251,10.65849258,9.254415119,10.76969787,7.305781849,11.06313418,9.628607971,8.690224247,11.44509045,9.844083322,10.48264968,11.14995063,10.09397317,11.37129733,12.95522531,8.624248093,9.47850257,11.96733412,10.56823145,9.80801886,11.80819606,10.50040383,10.83695979,10.71123588,11.57000398,12.97785214,8.286353196,7.418617582,12.35930692,8.890909444,9.615375437,9.318951555,10.00170314,9.788005382,10.69407632,9.499268985,13.57325101,13.07363182,9.610274716,8.844551953,11.37764459,11.71381809,10.46073442,9.066800249,9.260056621,10.66977798,10.52109734,11.35283377,11.34534769,10.79877728,12.70698982,9.354407128,9.281354372,13.359331,10.71500405,11.87715615,10.41277479,12.89923079,10.53193613,9.256701643,11.22876822,10.81145119,10.38926908,7.663994618
10.1530996,9.021808737,9.372453572,9.744675296,8.429547715,11.27423003,9.816592511,7.80034134,10.06396302,8.042086225,9.024179592,12.2367903,6.778932753,11.95911217,10.89913226,7.227221517,10.88250821,7.826024423,10.35382656,9.84635147,9.773521787,8.696939308,7.798941265,10.91448416,9.838889504,8.083683781,9.76550338,11.44701683,0,8.213827363,10.69467031,9.267498689,10.52759103,9.084121914,8.383592922,9.141737433,8.757043532,12.11155836,7.997036697,10.40961666,12.4805422,10.08293862,10.36730653,10.47597081,9.852162598,10.34434324,9.723665429,9.596508973,11.45554725,10.67384513,7.309423547,8.548876401,8.917523016,7.488802148,9.697561539,7.900403391,8.481320794,10.69904288,8.766801317,7.968068086,9.697982254,10.64404877,8.527156019,8.577505796,8.06243473,9.674764269,8.19062519,8.422049025,12.58964557,10.58282993,10.16802769,9.268267543,9.761202837,10.95784157,9.134414208,9.244187652,10.94456197,7.962352425,10.46569682,9.684070845,8.805970882,8.78595725,10.55175282,11.47228915,10.81486721,8.241605367,11.90528399,9.117860105,6.313519497,11.24617165,6.005995465,8.786271883,8.859287656,10.6187543,10.54267916,12.06578054,9.525436939,7.144442667,8.245072496,8.529285975
9.390222207,7.407280736,8.000633862,9.322807114,8.738716288,10.77630626,10.08772976,7.73209286,8.605223063,7.587304765,8.381358015,11.36781654,7.935340882,8.416583675,9.15995347,6.455164443,10.1433945,8.019335118,7.618563864,8.589516466,7.8797041,7.877729489,7.040834858,8.998240878,6.607275932,7.237639359,5.812471361,10.43657894,8.213827363,0,8.939144118,6.746984318,7.824333525,8.35675927,9.546540107,8.224372154,7.722910475,8.189564159,6.534539657,11.20674686,10.95950647,9.511877323,10.03944521,9.592661651,7.483062369,10.8362761,9.488702937,8.052804428,9.017327246,9.898550082,7.504847332,7.806792812,8.020814076,5.713100127,7.250667177,8.026901313,10.05040764,9.928682131,9.321695605,8.651943819,8.706161336,9.089733343,7.974387232,7.160681662,7.692713436,7.823119648,7.390930983,9.157902779,10.91701236,9.368014771,9.681803686,8.043120238,10.92234309,10.49705354,8.930499196,8.856260336,10.2579355,9.199205556,9.539732034,7.578528169,8.159324843,6.878712932,8.472550146,9.782739302,9.07615692,8.279694111,9.670870228,9.571817683,8.109961796,9.698049996,6.821041142,7.994817021,7.675884724,9.125535363,9.240819107,10.98838149,9.319628447,7.353510587,7.856336908,9.075262003
12.8976025,9.763575231,9.713395044,11.18914505,10.52795237,10.74610979,8.462369624,9.639057567,11.11819067,9.833387829,10.36602709,10.59319725,9.649973257,10.65297158,8.806928623,10.17765145,10.57376847,7.743450545,9.233442093,9.957776744,7.437604916,8.444052361,9.236554717,9.697329548,11.79617075,10.79480482,8.170929195,10.71666199,10.69467031,8.939144118,0,7.433091048,9.144021301,10.19407661,9.14761244,10.43454288,9.438406369,10.55050019,9.009345661,10.09034821,12.24246003,11.43997906,9.522555516,9.091429077,9.599152867,11.4492909,11.89041953,9.502712829,11.17906337,13.1342935,11.87898887,7.404957159,11.40592477,9.615874256,9.710018596,9.620653065,10.11828521,11.68041196,9.733518002,9.768355181,10.39855247,12.42600101,10.42099249,8.992488907,9.116859121,10.39160099,7.771221698,9.003686706,11.97336488,8.95777472,10.99454224,10.4402862,11.70913225,7.965364256,10.44212034,8.479286704,12.8408342,10.37844908,9.214386253,10.61708622,10.90388063,10.56553591,9.367086413,12.50679325,11.22446233,9.762361695,11.7840189,11.92110395,9.93159648,11.76661966,10.90980037,10.78776111,10.0551751,12.21978565,9.423482702,10.12989595,12.56138676,10.24801406,10.81877608,10.15802121
11.51087922,7.379291754,6.641527824,8.754851971,6.957968427,8.883346794,9.355510375,8.29785551,8.558672708,6.18452092,7.236267422,11.67762641,9.059779862,8.667879836,8.254793955,7.426966248,8.822531978,7.032371543,7.380635728,9.322925594,7.352069533,7.981181439,7.334792325,7.071428226,7.78127158,8.314330685,7.861190282,9.54295837,9.267498689,6.746984318,7.433091048,0,6.674618573,7.626195991,8.774288705,8.719680192,5.580983615,7.46760776,7.274291702,8.590526791,9.942076869,9.981666656,7.282210219,8.395838533,9.058359769,11.44376687,8.02270158,6.328201614,9.408220882,10.54965271,10.02653463,7.301406504,8.115509158,6.662500062,8.762485431,9.341612497,10.39361243,9.149438917,10.07158829,8.19064225,9.517646358,9.57723662,9.160682579,7.032705813,7.523204462,7.87602415,7.063230919,7.882991785,10.57195185,7.592947571,10.33642748,8.606048001,10.18486914,8.208283599,9.390542995,6.389820981,10.00286129,7.557120414,8.931565896,6.691850338,8.306218629,6.516349551,8.172329296,9.009273591,8.617212652,8.710274817,11.60949342,8.336012418,6.971108989,10.97576415,7.722753106,10.34042331,7.194478484,9.023694892,8.477795195,9.967368674,9.389998136,7.680883618,8.659189331,7.225380982
11.75272253,7.082208711,8.326974713,8.986498203,8.244972073,8.792412963,9.840989397,9.614653993,8.832722198,9.518500221,8.275860385,9.885286751,9.66502565,8.943495879,7.898188919,8.794039431,10.05772284,7.010361943,8.011638281,8.313899007,8.915552437,8.619749187,8.518825479,9.192667817,9.642234324,10.30180231,8.328589652,10.39774011,10.52759103,7.824333525,9.144021301,6.674618573,0,7.777015372,10.05286318,9.827945358,7.484583238,8.0816139,7.764258118,8.096482851,9.189170525,8.696494463,7.780087544,8.337583681,9.157044961,9.158785519,8.83322447,8.516498475,8.58283272,11.20544036,9.986839781,8.246580121,10.55848326,8.934447301,9.934435642,8.957094419,8.968817266,8.276089394,9.694111493,8.406315782,9.586215295,8.368550326,9.54484867,7.787556198,10.13036194,6.756615365,7.94735811,7.308984124,10.06517114,9.047798197,10.47611398,7.795298138,12.51377379,9.206734857,8.767473415,7.516786967,11.46298363,9.329477441,8.057457272,7.842236641,9.21502294,7.592694214,7.536307278,9.372028612,10.03822105,9.153683807,7.407435053,10.09353964,8.466769387,8.499289353,9.053579167,10.21576968,8.675946451,9.271304264,5.814675949,11.18426006,7.40012224,7.83954835,8.956476145,10.03945346
