0,58.63514465,63.11143367,53.87365284,63.79926321,47.06789831,69.20520409,71.78427381,68.27473841,73.65992785,67.38531158,80.69048639,45.94873199,61.74565834,56.26578765,62.62552063,62.61831872,61.95780677,49.26461361,55.00272539,47.85675305,56.9298897,67.17201953,60.24935628,69.19782523,66.59079829,71.54911515,47.38554285,62.79477201,59.27545195,65.35269655,47.73538056,52.00588519,42.9420288,57.98680432,68.66873975,55.86465257,68.31369649,73.28803883,70.35409548,75.74884327,59.04940086,67.31650981,55.58827541,56.75192485,55.84165009,77.11142671,66.64234353,56.00417542,76.96045837,64.83607054,52.32457662,59.21740632,46.67313787,49.32224002,67.3764324,46.30690802,69.77662495,70.61187623,54.30046197,50.79151563,54.85705769,61.85183709,58.74699999,64.71370616,61.823876,74.51321231,52.95714928,62.72059394,66.98950111,60.58700223,59.33070978,69.4627744,56.66950599,45.87127749,56.85553848,55.87654214,71.92286264,49.80259458,49.45522072,67.12392198,45.99875732,68.92442341,55.67402434,51.84488378,51.92171576,55.39019267,60.85309956,62.60688456,53.01527154,59.17301741,52.2538384,60.06164385,60.19096292,65.78653699,69.99245768,59.58229789,58.63242277,54.95753431,68.02597408
58.63514465,0,55.97275325,52.82344359,58.6202191,54.47363902,62.94933303,59.96391256,43.27763144,63.7421125,78.85308951,69.57973856,40.48824043,55.85484894,59.17646527,62.75961526,57.13233089,58.44339977,61.11223308,61.25206023,58.31143307,69.34106467,54.54690906,63.38773475,50.32276877,42.15020358,55.22073661,45.69099493,63.8088054,59.29353679,51.56873534,36.34150052,51.80672322,46.7162529,62.70307861,62.11982203,66.69507333,56.36990567,56.34577289,69.98070679,80.87174981,64.04254123,65.3104314,60.50388307,50.76451547,47.70065303,58.66287332,52.98486848,56.18006446,71.23394168,42.5492942,54.6305697,53.45206949,52.55967788,67.52908968,56.86911657,48.64899432,50.49145386,66.53271308,43.00084567,53.32090552,49.61919642,58.58875847,47.06959777,57.52270123,71.84036788,74.37378818,63.12045062,63.74618985,67.82897728,51.16366279,58.31020739,54.88883741,65.64723484,53.26151014,36.53733131,60.6133544,44.69990772,48.52168133,58.49023354,55.95723156,63.13692134,58.23306394,55.75164707,51.20513348,53.88234972,53.09098187,50.80514729,63.10560386,68.50801832,61.33408949,57.43633496,49.73292985,66.23689778,57.21658579,56.47690845,70.16379339,51.91181343,39.74828145,56.87975429
63.11143367,55.97275325,0,59.26073052,68.41570942,57.29821931,76.0441926,81.96136008,75.04474441,84.91775852,77.86045097,85.81518554,58.8415602,59.70066601,72.37232331,63.36574778,61.40370763,66.63868312,77.4020967,67.74727024,59.35832834,66.81596742,60.1813725,53.64359739,59.98770931,58.65610624,78.98912671,55.99093994,57.58730241,60.1434335,66.00952423,57.21156306,61.5117348,59.94201191,52.79005769,69.01001438,51.13644821,69.85347399,61.49722918,64.85875372,77.26678106,57.11404009,72.74500017,76.72422761,64.63221716,59.02136024,70.63991786,75.0890854,49.79454246,81.85110757,69.94370359,66.35028352,68.08576862,73.28884079,60.89434936,58.58096324,56.67486887,61.49972411,68.58768155,53.67967238,59.5384325,58.96165986,57.83351391,61.80584709,58.33501381,84.8637152,67.93631605,62.38273305,81.00286804,68.41245207,67.94799843,72.92842526,59.98019062,62.66830228,70.35071278,59.01092308,70.37056303,63.03036237,65.08507847,52.70174437,67.87800999,64.33851672,63.19898164,49.71851525,68.08412535,62.55943945,57.80050262,66.09044157,69.41032036,80.71574331,67.74959623,67.78831376,54.85025404,80.47939742,55.52595591,79.8498827,68.37373284,66.55808217,58.83477783,57.88711827
53.87365284,52.82344359,59.26073052,0,55.78312044,42.48432834,60.83433,61.39752946,57.74433191,61.77783593,56.92028561,60.66324884,48.28337381,47.50095185,65.78870649,51.09559674,50.36785136,42.73147257,53.07377995,49.67604937,48.71494388,51.93883517,52.76740594,61.07408245,47.49081929,46.18076676,61.94116763,41.68619258,56.87843019,51.94264625,57.09353178,39.03388739,57.67854556,46.38670104,39.66358592,51.30710219,56.55834858,52.14802161,48.18496277,53.59428549,53.3823205,53.29956882,70.99719385,58.974648,51.57049809,51.68155349,52.07563288,56.8861184,46.66769306,57.54121046,49.26416902,51.53896546,61.87659807,58.56499109,51.19056078,50.98701393,59.43639419,52.98341575,43.84723554,51.68164919,44.08372209,41.98348205,52.50223902,50.66744735,62.29215941,64.77891315,59.21527508,56.14716565,44.77420092,55.908931,54.7587563,44.23572257,58.24776864,57.56115607,43.79292833,55.55588653,48.09729408,53.81513163,55.8478701,54.65170485,52.11254012,59.60390367,47.42124707,50.60663668,53.06481607,48.27050945,35.10547079,51.879149,60.39051975,57.1473486,54.00714342,41.08998383,45.60526607,61.82028495,46.87310852,57.53342367,54.69378772,35.03549741,40.10316903,52.03929118
63.79926321,58.6202191,68.41570942,55.78312044,0,64.66178885,71.51674999,58.7828002,56.85390121,52.91935989,54.1147636,81.06750789,56.92829753,69.34335852,57.65131222,58.62878416,66.30310043,62.8263079,55.04515276,56.83696939,50.34257047,63.61413264,71.68243917,65.18518463,60.14083683,51.82535558,54.78272454,64.04244796,59.85311299,59.45236856,63.14297056,61.15637491,55.16979399,46.48054286,55.81227831,66.63561589,60.05733162,55.9891477,67.52049829,51.32375042,82.75685952,69.18136156,54.98637364,77.10131352,47.37320356,52.67255193,58.21970442,45.68672123,49.15449536,56.67830236,58.10179144,66.25268755,62.00164105,67.69442219,57.09986797,58.72039501,69.94311979,39.46193945,49.08930369,55.28283551,50.09563433,45.29777041,63.29364792,64.09111481,65.93390518,57.45408687,69.45684952,66.86246297,71.07327215,62.46888281,69.63196657,43.58765675,75.58376374,62.53668588,52.87517436,62.32843398,64.47671986,51.74944815,46.20646114,58.29726472,55.4627111,79.09627088,65.20956809,63.9495656,56.99204242,56.03929388,44.51729848,65.47181809,61.68787727,70.57207772,55.15469859,70.29694068,71.52893172,65.779292,68.40348924,64.94529894,66.76650827,58.86519775,50.89552643,63.63021663
47.06789831,54.47363902,57.29821931,42.48432834,64.66178885,0,68.76918808,67.70321692,64.15504138,68.82554042,65.77015168,73.29458305,50.28968867,55.6354192,70.42555285,57.13152154,51.32481101,58.37311695,63.6127186,53.75043866,55.07272829,67.18870523,44.29311762,44.3759959,60.17755965,56.83219507,70.03744965,46.98778728,73.22796045,57.91692913,60.81602349,37.56451083,60.21754363,45.84373265,47.04405994,53.72873553,52.00899312,65.26994447,64.89140631,57.20288993,67.32364051,57.35610032,76.14026077,56.01856597,46.50814997,57.13205933,66.12845735,60.7335114,55.66770443,74.05258006,58.39185841,52.28176948,61.24829077,50.48009112,64.5513581,59.04364806,54.01426448,62.99668628,64.38584484,46.03242987,49.09574136,54.22886176,61.38912989,55.10380439,64.7938937,69.85138504,65.55402784,49.28925646,53.63156039,60.54024964,59.25314089,56.40394896,67.86814272,64.64338088,47.23665758,57.06080538,57.32380456,69.286578,48.50334433,50.08374202,66.2091033,46.31586157,53.48728438,60.96026829,64.20538232,53.88874848,52.93501692,55.77864998,61.41382075,67.67679363,59.62989353,45.5124523,44.42971512,72.93879622,57.24916001,66.68890559,57.60566018,46.31932833,42.95837639,56.99822906
69.20520409,62.94933303,76.0441926,60.83433,71.51674999,68.76918808,0,69.15952436,51.06821522,73.86952701,77.04860198,65.73313172,66.60214427,80.35632433,63.30488087,75.15591169,74.56464997,49.08258699,72.61062148,62.84522131,66.2104792,64.40250709,74.65439246,79.63318039,67.15752484,56.13095529,61.57439164,58.9814994,85.56399511,57.72359043,67.79665914,59.19857397,54.90486595,53.08263027,63.63333503,60.99969078,59.3474405,49.69945761,54.64817237,67.78408868,74.90531908,63.19115065,66.58697638,54.47816815,67.55833129,72.1562401,70.40937234,68.52841935,65.80842038,62.88343405,63.57001093,63.22865994,49.16801543,67.28405963,61.98071344,56.33537226,60.88412087,64.42687336,71.52894714,62.35104608,66.78879218,54.29084266,72.76536345,57.52294169,66.95636449,68.07817714,68.89039858,59.93067886,69.22851302,63.75444815,75.56302587,61.91306468,64.13686172,76.59915301,63.47416515,69.41092237,59.12978844,65.97937316,65.27606467,53.92924252,72.85606828,71.77937273,57.068128,57.14311964,70.21116859,65.63332565,61.40238605,60.66907474,72.95065647,71.95753725,72.65992955,71.99923353,64.43953687,54.54003626,75.39210876,50.70493404,83.87528345,75.50469093,57.24120228,51.76013591
71.78427381,59.96391256,81.96136008,61.39752946,58.7828002,67.70321692,69.15952436,0,56.5184557,76.6185639,68.70207515,76.40052994,59.98575707,67.27233368,77.47886451,78.21140896,82.57171705,59.05040508,70.63485603,70.94181918,79.8013839,64.79423,71.62765204,82.1017735,70.43316946,70.33273376,57.63074245,68.72657753,73.77390778,75.2046408,72.23689522,61.23473886,49.19154348,61.12834742,74.54300172,69.12675643,66.27964634,41.88341565,76.36476285,70.4830289,60.52246944,78.80160359,61.51471658,69.99743975,66.75789977,69.92477871,65.93040052,59.52911632,75.60227715,72.23047616,58.59195436,59.7240553,66.57175598,73.91344886,78.84221436,65.13331741,71.3355874,71.00350739,72.77480001,61.49416975,66.29361244,56.01990663,84.36964223,69.3807126,80.78323169,71.33813306,71.75286917,75.17284358,61.77422731,66.28003776,76.23384318,53.71260623,79.41256745,62.45921371,53.04331712,70.60978996,76.33070751,60.33495989,47.33352368,68.51707588,75.74276478,74.76974439,66.80831109,64.65243779,65.98096943,58.34504927,57.87678745,71.74212598,73.26490578,86.48938617,64.61066164,65.60579426,63.34438627,65.40492139,62.33104843,68.6330898,70.89362504,64.74211829,52.66506809,83.22354104
68.27473841,43.27763144,75.04474441,57.74433191,56.85390121,64.15504138,51.06821522,56.5184557,0,60.32726186,75.47966262,53.59005118,50.52023434,71.24584199,63.71101972,73.82187234,69.7532622,55.25434609,73.45171294,65.00050809,63.20107373,64.42639144,62.36206098,68.42388819,57.29830301,45.64654914,58.40517778,54.22943653,70.81530465,50.95554885,52.17019397,55.42345208,55.58473932,47.96501743,63.8195105,52.48287595,62.576118,47.61223627,58.58639511,62.93301704,78.1847576,72.01327645,55.42709172,68.41023776,50.66214677,57.48594033,52.36788518,53.95785772,61.14446887,69.19927538,50.20434687,54.81227086,46.26138732,57.57350742,69.42005813,65.79305387,65.79003632,51.68720077,56.41365248,46.4480641,61.92344294,50.56101582,58.92765441,57.34122792,65.54710791,67.61979338,75.21756993,68.4370555,57.75851198,69.03623742,55.93067639,56.61365814,52.46754597,71.00621005,55.46115337,60.03123378,69.71998871,61.1675918,49.39424397,60.43253934,61.29344347,70.97251617,61.06884103,60.18931704,54.09396253,60.0742798,58.37007749,54.45737623,65.81336867,72.16162621,62.27550552,61.06449916,60.6031986,70.0701967,66.42417679,43.05345518,75.83730816,62.02562623,44.75300736,63.27777708
73.65992785,63.7421125,84.91775852,61.77783593,52.91935989,68.82554042,73.86952701,76.6185639,60.32726186,0,70.44048409,79.92063254,70.94768579,79.7634264,63.71013124,67.94827112,77.78911768,69.14752573,75.44062902,76.04323496,62.05615775,72.31198261,69.99435637,69.03216019,51.72741459,60.47073959,64.8041035,79.60324689,81.23972473,65.42227268,70.13965204,66.43204024,79.11554784,60.06684746,66.35718296,62.24292777,75.98580567,59.44628282,74.74923649,57.58525701,90.85836408,77.01359149,74.45767072,82.56708933,56.57750774,79.80982906,63.23505364,47.97359151,61.42999267,69.24523161,58.45066641,68.24949529,68.3477155,72.37939829,71.18497409,74.55581176,71.87828388,63.64681142,59.9277788,66.3708278,71.19772348,47.87095296,70.51752099,70.40464471,72.04503256,70.10389493,82.55744295,75.64004815,76.01244825,75.36395316,68.27707473,56.45640417,74.96292616,87.10211752,61.5135928,68.84113464,77.93303885,67.84868268,65.98271433,80.10361498,75.10520881,80.67443702,72.61786081,80.76143954,60.93091562,63.94623017,72.3420811,72.0200183,79.5065744,59.31905037,63.58878092,59.16278916,69.35555398,84.1837271,75.72459214,70.06473816,83.54578779,68.51730339,62.5623888,69.39433834
67.38531158,78.85308951,77.86045097,56.92028561,54.1147636,65.77015168,77.04860198,68.70207515,75.47966262,70.44048409,0,78.52134224,72.22324425,72.93587431,73.92906107,72.49258481,67.6752527,62.98746402,67.10237426,69.18103567,65.74136435,59.42064256,69.53084874,82.81386561,66.18252925,69.51589817,62.11429687,74.37564511,63.97786301,60.20532101,66.52178793,66.04405473,61.97436808,55.63912587,59.56734118,64.50617609,63.00666652,60.39034544,74.41837006,54.64042539,70.58263388,72.5986993,73.21036859,77.43536671,62.6767915,69.09554897,77.23183487,53.76537947,50.03529963,59.75773083,69.46569666,74.63537177,63.75300421,83.53113153,59.2845811,67.86103399,83.86302675,69.42961999,55.00235206,57.85199903,57.86986601,58.3388439,68.31191442,76.28914452,67.0624081,65.37771384,75.40381292,65.54796699,64.43974452,56.54393745,70.29490715,60.07673675,80.13757851,69.41632672,57.45767111,77.49665941,72.22895295,77.60449911,65.51186532,67.07979618,72.02416138,68.63345124,61.49768749,60.40221356,62.47146339,59.60529631,45.3743214,62.89368866,63.24047793,77.44275057,55.03398252,73.89099701,75.254169,67.29846276,79.71226934,79.74024971,69.84556328,63.74637533,63.0375273,72.23317175
80.69048639,69.57973856,85.81518554,60.66324884,81.06750789,73.29458305,65.73313172,76.40052994,53.59005118,79.92063254,78.52134224,0,69.60403183,71.70345278,89.73698832,92.45484758,78.02754563,62.32031649,85.81052314,75.98263113,77.67067465,71.96825912,60.99950615,84.82162162,70.57465709,56.02559786,55.22148217,61.4351813,80.80973081,68.13498847,65.59925996,71.8473149,71.40199566,67.56996091,69.52031059,57.09643264,75.8954932,63.33572703,59.07472871,74.32959837,66.91544418,70.19075507,88.92351621,77.7858003,69.56349341,70.60488271,62.87788419,73.16574955,70.50063793,76.27484061,68.09514285,66.9830137,71.22423036,84.72158142,79.02836096,78.33469808,79.91668955,78.64676577,54.01638045,66.03793957,77.99790646,70.52822897,72.05609912,77.13464589,78.01063299,77.0044519,83.50987185,80.32758203,59.37406888,72.89213435,63.03361367,75.43521325,51.1905966,78.71137097,70.10678276,68.84115924,76.10642392,77.71995106,77.85067408,80.92306788,80.95825149,83.04435514,64.35029383,68.73249996,62.22690664,81.29910033,68.73156056,71.25522191,76.70114882,89.09374658,74.35357536,70.13643608,75.64872114,80.42711623,76.8128012,75.8228024,80.60960874,68.04507403,60.60439782,72.73222316
45.94873199,40.48824043,58.8415602,48.28337381,56.92829753,50.28968867,66.60214427,59.98575707,50.52023434,70.94768579,72.22324425,69.60403183,0,56.97791638,65.29603125,67.86029422,57.67927396,59.18175246,56.26233802,53.66429507,56.90803045,51.0259021,64.25236792,64.72940584,54.03131023,49.01316467,64.96167677,42.94358075,60.18747579,52.52041723,59.26222296,40.04192436,46.96859737,47.16155409,66.58641746,59.59271344,65.87061297,59.24276973,62.71466728,72.59820177,72.48419529,58.91939865,55.92554452,63.57670237,55.85958798,44.95500067,61.3576425,56.70326861,61.18405754,77.44271405,48.50218218,48.11467056,44.78515465,40.80319584,67.21487523,55.78333027,50.79069327,49.21729102,66.22746209,51.80332161,49.6895445,59.41860645,59.05654897,56.54906611,68.85013629,54.27138719,71.80662944,47.74964287,61.37779571,71.65098696,59.55394169,58.45304706,59.80730258,56.66542259,53.03833938,49.52702496,68.80798226,51.26720007,48.15639878,48.294106,56.33388222,50.40974464,51.31211357,51.13591426,47.84332731,53.81125883,48.22076922,55.31356942,58.53313832,70.37914946,51.82240868,50.36903295,52.18915254,62.30952409,60.42005901,54.9614482,51.52334149,53.67546483,40.22351134,66.61263239
61.74565834,55.85484894,59.70066601,47.50095185,69.34335852,55.6354192,80.35632433,67.27233368,71.24584199,79.7634264,72.93587431,71.70345278,56.97791638,0,77.79891965,59.24509262,67.04498808,59.38304276,58.09847095,68.32422557,68.96394779,64.63694292,50.63861465,68.04455364,58.95355836,64.45030219,66.39241864,54.47876439,65.14564856,69.96886022,75.34508015,44.84647277,58.53114454,63.75799887,54.14245628,64.91828606,62.71618509,64.22262791,66.56062572,73.50962038,68.61856694,58.10025986,81.74403665,61.82322916,56.00584953,54.67501483,72.80646315,66.67949797,65.69750253,75.92129256,68.53596562,48.94725535,78.9028039,76.56817365,66.50881997,71.99795454,58.01787606,64.89844778,66.67661703,61.95388291,60.80472491,60.40598202,69.89151148,51.17368455,70.71258129,77.82156736,60.32168756,63.01977746,57.23550721,51.68796687,60.37102501,68.49414452,54.90908062,60.84815561,60.54133084,50.15559743,62.0491257,54.92190873,59.27732722,68.48246899,68.18258521,65.08765863,58.13716883,62.53817082,70.92841996,50.72508209,54.03627877,62.58491529,63.18363464,70.33702917,59.56756763,56.07433892,57.24534752,83.01659679,53.44267602,76.57389134,56.88068822,66.03850614,53.01381919,65.39902822
56.26578765,59.17646527,72.37232331,65.78870649,57.65131222,70.42555285,63.30488087,77.47886451,63.71101972,63.71013124,73.92906107,89.73698832,65.29603125,77.79891965,0,61.01389925,76.36399383,59.62499857,53.67206231,79.9673257,45.1188016,67.01723525,76.4950767,71.49349503,69.40909069,65.70015707,70.67554151,70.83248483,76.83512947,60.68197846,71.05271063,59.46210353,67.22499039,44.7824247,57.16108935,71.61084334,63.36454308,67.82168661,72.5721203,68.5005122,99.14673126,73.59635997,66.43032693,67.80965703,56.92989508,59.40286618,76.82224917,63.59804776,54.34094529,80.90578183,72.84627281,63.83722684,64.98288036,72.3993702,59.60048164,73.82276182,62.33765902,60.93587908,67.19067864,66.01587699,69.89332844,48.00102386,64.30297785,57.77933403,59.38184612,56.05123744,69.82464659,66.05679782,76.98962183,81.48784524,63.61326314,65.32552986,73.59488097,71.36704117,53.58425536,67.23098181,63.34161305,62.85672653,55.55116508,67.72286535,75.18482144,69.06115561,72.44773091,63.31770419,63.03145053,57.22177921,59.33696456,62.35256463,84.17422866,65.12888507,71.14486229,69.6570014,64.41262736,59.21746304,72.83549827,70.69383974,73.29032247,74.57652489,70.006555,59.82541308
62.62552063,62.75961526,63.36574778,51.09559674,58.62878416,57.13152154,75.15591169,78.21140896,73.82187234,67.94827112,72.49258481,92.45484758,67.86029422,59.24509262,61.01389925,0,52.56042334,56.76484114,61.88347092,60.42812191,40.35689527,69.34934889,66.41401472,65.12337954,64.84337153,61.43269091,79.59521147,62.78699751,74.66848578,66.76025506,68.55420016,55.5896275,70.91045897,58.94968301,47.57167158,66.97265859,52.97885592,71.81906293,72.35064427,63.58311798,87.14719676,59.82625502,79.33119155,68.37344009,52.23281097,66.09878414,65.90329776,76.0310478,53.60212936,60.35335242,75.25496826,67.25230017,78.35811995,65.58773685,62.90053061,65.42838047,65.80957839,54.99583861,65.36731682,67.77246568,59.17034468,47.00969178,67.07554999,59.93635278,65.65788339,79.51116784,55.05595421,66.05560084,77.58560561,60.65140816,71.14499401,59.03866325,74.95936712,72.4773571,59.55267114,67.34213253,53.88496447,69.29016466,63.73245441,67.96156926,56.87298194,68.05477148,64.73134344,68.22675919,68.5190177,48.87387494,55.42196271,65.33452996,79.28113436,52.22430331,68.68137835,56.21744106,66.08591142,79.21118818,52.34885872,60.93039885,78.10246931,64.94036969,57.73937426,53.26011414
62.61831872,57.13233089,61.40370763,50.36785136,66.30310043,51.32481101,74.56464997,82.57171705,69.7532622,77.78911768,67.6752527,78.02754563,57.67927396,67.04498808,76.36399383,52.56042334,0,62.52633158,69.01166004,45.32668481,45.94302178,70.05427472,59.48730756,70.1242666,61.56098539,46.04789374,72.60405652,47.1287886,62.80615151,57.71274047,46.28351906,51.3266904,63.33067965,51.70770043,62.19464078,60.47210627,65.67061544,78.85351336,66.26208569,59.1289208,78.95586546,61.45464195,81.41666139,61.95247474,59.3978324,53.73989859,63.1622987,72.60636955,48.68227268,63.64579361,58.51460045,67.59271877,66.02630689,58.27187676,65.89428954,58.43986479,63.31455942,53.44614205,63.1728348,57.29730672,50.25367605,59.19795514,49.86777251,69.23928862,58.30533013,74.70081025,65.87317638,61.86103881,70.71968209,61.89431644,57.25062419,62.05616753,75.63511633,75.73487988,55.78533437,58.7851095,56.53451203,72.18286352,72.2891948,57.56664288,37.39709377,61.83703635,64.50912926,55.00260171,59.51335272,67.40681498,51.03785571,58.45335751,58.37990821,65.70143127,63.42145538,63.56739909,70.31259957,73.76966572,62.76387408,64.65989937,73.86251662,45.75284505,40.23543322,56.46651414
61.95780677,58.44339977,66.63868312,42.73147257,62.8263079,58.37311695,49.08258699,59.05040508,55.25434609,69.14752573,62.98746402,62.32031649,59.18175246,59.38304276,59.62499857,56.76484114,62.52633158,0,57.60778814,60.27292796,54.93941372,48.16960784,60.12512332,77.71761628,58.78214052,58.84086619,59.37060837,56.89310847,66.75132668,47.15675802,61.38794933,48.34243296,55.14918136,44.81838052,50.21136581,48.14235796,51.71992479,54.01038499,64.42844524,58.01738843,58.95797578,67.3010101,66.8674603,56.2149256,52.91533286,62.32925464,46.90806113,71.30210681,48.63382178,57.19967021,55.56824143,57.23777342,58.14153532,69.84369927,65.37396303,57.22191756,56.04594981,58.7152106,51.85174904,62.98494689,58.29987641,45.17783456,65.45394683,48.76775814,52.24456695,66.53642658,45.4054467,59.26022456,52.58731795,58.96006728,54.79760202,59.26958653,59.52868503,72.77416965,50.97939919,67.60770829,54.18162257,60.25546429,57.13542395,62.93055491,69.77921358,67.66590612,53.29292023,48.5857465,53.32906869,49.6971882,48.57048057,45.99052491,68.5554707,65.54283432,65.06004728,54.21445535,44.17038686,52.88138579,54.94337258,56.39322161,60.8709451,59.42163673,54.85131542,49.38496207
49.26461361,61.11223308,77.4020967,53.07377995,55.04515276,63.6127186,72.61062148,70.63485603,73.45171294,75.44062902,67.10237426,85.81052314,56.26233802,58.09847095,53.67206231,61.88347092,69.01166004,57.60778814,0,60.79835926,56.29762178,68.42864563,77.5657907,80.10759528,74.21383266,67.66953804,62.49833314,59.01081872,69.28183075,67.66949631,75.02177781,46.04551274,56.79933131,49.69836598,61.41038148,78.52097237,72.468408,74.3267391,74.14611738,77.50713396,85.55389092,70.61752689,75.11917544,55.16407499,54.18236128,46.54577813,77.23061599,63.85774736,61.9879072,69.98711333,63.71888079,65.8229186,70.58656544,67.71752963,58.45296068,67.31768073,60.353703,58.91850308,68.34670843,69.11080273,50.5496251,60.77430418,73.0755635,50.00487023,69.47535121,56.38466242,71.16881246,60.53027986,60.65409469,66.94863557,65.83352357,57.97147436,80.34574186,65.56665632,53.71109123,60.5024252,49.45754825,52.47496844,52.4587718,62.48947207,66.54264686,74.86133608,68.08694314,66.15925237,65.12708309,52.78145905,46.00696245,59.91048097,64.6233535,64.53538925,64.33445612,72.2084375,66.8552059,52.5988447,74.63316798,71.78026617,56.95789487,62.55422104,62.13630463,62.47261457
55.00272539,61.25206023,67.74727024,49.67604937,56.83696939,53.75043866,62.84522131,70.94181918,65.00050809,76.04323496,69.18103567,75.98263113,53.66429507,68.32422557,79.9673257,60.42812191,45.32668481,60.27292796,60.79835926,0,56.23656426,69.44996861,74.78952751,70.28885556,64.95079996,55.30519553,67.15819255,41.80376643,66.01160358,56.94979831,60.60343238,52.11602165,48.39350144,48.49647796,62.30370228,62.020269,63.59261342,68.65835077,68.60565768,61.65187408,70.77104386,59.83850121,64.65263193,61.70590558,61.91237452,60.1004595,63.61393739,71.87232905,58.99854738,48.3751043,55.83791654,65.93590451,62.83637866,46.14994145,56.32002949,53.48517419,60.27740903,56.19438901,67.91654147,60.81053443,44.87437307,55.91763396,63.4242153,61.30082714,66.82695576,74.66979184,70.80166513,55.60817664,70.1477134,56.3218078,70.54594518,49.19084157,77.17977662,75.30636029,55.89645238,60.88801525,45.70388137,68.6921654,65.13654492,47.3623522,45.60152119,68.97704429,66.73553595,58.45429509,59.70494234,66.01554605,47.89459114,62.3443954,49.54486657,59.18970629,61.4426519,64.8823522,72.7027914,63.53467973,71.78833191,58.73355321,72.09767246,50.31844993,39.69864145,55.97479011
47.85675305,58.31143307,59.35832834,48.71494388,50.34257047,55.07272829,66.2104792,79.8013839,63.20107373,62.05615775,65.74136435,77.67067465,56.90803045,68.96394779,45.1188016,40.35689527,45.94302178,54.93941372,56.29762178,56.23656426,0,59.08564755,63.83079692,57.67045859,64.77506898,46.00383023,68.95859243,52.0747255,61.62624897,55.07363433,53.15925928,57.55307776,65.70167638,43.19697418,44.91718117,62.78842483,51.03732186,70.29269383,60.88531998,54.16446918,83.77854834,55.24643642,72.77870822,65.67598578,47.68697418,50.15810302,59.15353376,68.05961655,37.64325564,64.44913538,66.35970911,61.75775091,64.81485714,59.27615616,50.93027566,59.42005898,58.54145867,49.93492253,48.07318754,58.37172944,53.99817058,43.90899529,47.32053509,64.90175231,54.55788034,58.92709706,61.45991421,63.21837611,71.72983635,67.74748643,58.59811764,54.89312804,68.08036848,61.81981309,49.56315289,61.47881711,52.62399663,66.68220665,59.48639574,57.19552013,51.13332565,63.91034151,65.67259217,57.04095067,49.33866335,57.30924562,50.15559068,60.91267739,73.09637448,54.16518932,64.19448657,56.37038419,66.06292479,63.74580893,55.14932013,61.29362433,68.78120822,53.93126783,52.80568176,51.90535805
56.9298897,69.34106467,66.81596742,51.93883517,63.61413264,67.18870523,64.40250709,64.79423,64.42639144,72.31198261,59.42064256,71.96825912,51.0259021,64.63694292,67.01723525,69.34934889,70.05427472,48.16960784,68.42864563,69.44996861,59.08564755,0,65.59469232,80.15636165,57.21616681,62.5037228,69.7708828,60.41932423,57.7679506,56.30261034,72.53420576,63.25419295,58.70939283,55.52585127,64.5867189,60.51215178,59.13904273,51.81737345,67.05148633,64.97359021,57.8744729,68.50235822,64.25412089,70.55750574,69.3820041,67.22912355,64.26739827,66.66027582,56.92407893,73.89755091,65.57076914,49.48677879,54.39066466,71.13366404,65.82512305,62.70481229,58.09204586,60.97893481,58.80771156,64.42844805,62.35732283,58.41511067,64.99028666,71.47719146,66.8915005,56.71263774,56.86435371,62.55679057,61.74156387,66.96578516,69.62296451,69.46747927,59.27591299,59.39638418,55.89796079,69.99146738,76.39525911,66.58082802,62.79200569,59.47695638,70.52216131,58.54297435,57.14681461,48.83244901,55.65725425,57.6814716,57.42189647,59.63013077,67.05373342,71.03237424,62.52022721,53.51149156,58.05547984,62.84386084,58.83734363,65.19579592,55.92303726,70.7207834,59.00711948,76.5442187
67.17201953,54.54690906,60.1813725,52.76740594,71.68243917,44.29311762,74.65439246,71.62765204,62.36206098,69.99435637,69.53084874,60.99950615,64.25236792,50.63861465,76.4950767,66.41401472,59.48730756,60.12512332,77.5657907,74.78952751,63.83079692,65.59469232,0,60.83828836,56.06305287,51.96417673,60.6542006,53.70104055,72.01946945,68.02215885,62.39274795,53.38464129,68.42251668,56.1745291,53.20704063,56.97752115,58.0849055,62.91474993,60.88025557,60.44102692,68.30779029,68.10694207,90.33996652,63.7546163,54.11439128,62.46260958,62.58657052,60.1078392,53.17863965,78.52779415,63.84113174,52.69799685,69.46380612,76.08592518,74.00768655,71.52018786,58.26987486,65.15149673,57.36494093,44.75441617,61.02984157,59.29756688,65.24554338,64.32223324,64.35533462,78.26761922,63.24739359,72.19247361,50.81891159,58.19889876,54.56955053,72.67825184,52.03564301,66.32684597,53.9789878,49.82312899,68.23965258,69.29193722,58.22475149,68.48319923,72.32566099,63.10786849,56.25206065,62.09953617,68.82503542,62.67084092,64.47112131,59.10617516,64.36294274,79.94632521,69.45763676,56.53968765,52.45589769,84.80009752,54.67520895,76.57851381,69.52307692,59.44031281,49.84879177,67.81278407
60.24935628,63.38773475,53.64359739,61.07408245,65.18518463,44.3759959,79.63318039,82.1017735,68.42388819,69.03216019,82.81386561,84.82162162,64.72940584,68.04455364,71.49349503,65.12337954,70.1242666,77.71761628,80.10759528,70.28885556,57.67045859,80.15636165,60.83828836,0,69.99008322,62.11818594,84.24980537,63.75061044,73.53854841,66.33170248,67.45626014,61.84311131,73.87305757,61.87676841,49.56612204,67.56601118,51.79859469,72.68301858,67.53395131,55.14865879,84.37755513,58.99455289,75.92196011,76.52120086,50.2948473,62.32125013,74.6247415,67.52751424,63.90388291,89.10940577,71.98004715,60.08562959,75.33984046,66.48530219,62.34397494,69.5696487,63.71019119,68.08257982,66.51286767,54.68920044,66.25948989,55.94042138,56.35948709,67.71302528,70.89484672,80.03791782,77.96278484,67.07893963,76.60858312,72.23332747,68.51818655,61.28056588,71.56719015,66.29953188,65.45881687,68.46307013,74.49995792,73.45042695,57.07432476,56.2261439,71.20612521,66.47571805,75.51814694,73.65485666,73.99472619,65.12023964,69.26026104,76.42063293,76.65480269,72.69251308,65.41945138,58.83490277,61.27645346,92.55185377,58.3061503,77.70629755,70.43661053,64.30958647,56.94371005,64.43759518
69.19782523,50.32276877,59.98770931,47.49081929,60.14083683,60.17755965,67.15752484,70.43316946,57.29830301,51.72741459,66.18252925,70.57465709,54.03131023,58.95355836,69.40909069,64.84337153,61.56098539,58.78214052,74.21383266,64.95079996,64.77506898,57.21616681,56.06305287,69.99008322,0,52.58622147,64.17913844,60.22977294,67.89473105,47.63884571,64.36409494,47.73137425,58.60254166,49.97277165,59.86242647,42.02548173,68.71577825,50.70852575,65.35364857,56.7291171,77.02161577,65.83290496,62.62937221,73.01290908,65.30670005,69.20504427,57.94573466,50.19305138,51.46765584,69.07997185,52.17834838,52.41733465,59.18927382,65.70768774,63.67577899,69.65069291,60.42980669,53.16078517,61.84595845,55.87040744,62.09057645,44.9647865,60.2496429,53.58209708,65.25302436,71.58098079,64.30487817,55.76395544,68.16349951,66.11361769,55.61369102,60.52142841,55.41154469,79.46033504,52.81437622,47.48317096,67.64045471,55.53903986,66.75979632,67.92805648,61.84765613,60.29273948,51.82878089,50.33553073,60.35358854,58.35932571,54.81050596,60.0682614,60.38222955,62.91121609,51.11999378,51.26836842,55.05133846,79.85114312,66.836684,68.9467276,71.95296429,61.10542644,46.82390531,59.72588146
66.59079829,42.15020358,58.65610624,46.18076676,51.82535558,56.83219507,56.13095529,70.33273376,45.64654914,60.47073959,69.51589817,56.02559786,49.01316467,64.45030219,65.70015707,61.43269091,46.04789374,58.84086619,67.66953804,55.30519553,46.00383023,62.5037228,51.96417673,62.11818594,52.58622147,0,50.39462622,43.18799642,63.11971789,58.24389479,44.85573068,53.03300473,59.25284497,50.62075685,56.27301594,59.31255792,61.69108586,56.61441282,36.03138432,57.40669305,74.463483,52.34483177,74.4876084,64.00412163,50.95827581,45.94257271,50.64779701,51.78778778,47.92659478,61.17951864,48.72194378,59.5037871,52.95803777,61.23805739,61.26310881,46.72637429,59.38401818,38.20237171,46.63563677,45.29849298,50.26890426,51.50366776,50.46009847,63.85805873,61.46001397,61.35907067,69.18523792,65.53018657,64.04986288,60.31915655,60.03084433,54.03109026,54.68717714,59.62616663,57.18691979,46.48900521,61.02738425,49.49394312,59.60584177,53.35011094,43.333667,70.96583242,50.28911096,55.39255522,53.85521918,63.62010187,49.87428935,58.82078791,61.69982108,72.29224347,60.8647012,62.86163709,63.98494213,67.59397469,56.22132793,52.59549121,73.07552364,49.92883285,34.53465532,52.71007868
71.54911515,55.22073661,78.98912671,61.94116763,54.78272454,70.03744965,61.57439164,57.63074245,58.40517778,64.8041035,62.11429687,55.22148217,64.96167677,66.39241864,70.67554151,79.59521147,72.60405652,59.37060837,62.49833314,67.15819255,68.95859243,69.7708828,60.6542006,84.24980537,64.17913844,50.39462622,0,62.40166897,74.78931186,72.31789394,65.65351968,61.28508383,53.39567433,53.48579291,67.70731559,66.23009406,72.66166085,51.65968234,60.29954856,67.57077241,74.07127855,68.38122043,78.66415776,66.03706954,60.88450924,61.39716739,65.58302814,49.54007814,60.39971126,57.76749283,56.79477712,65.51601584,64.57482821,81.38133992,70.3569116,62.82482986,65.71047156,64.25902964,58.97798965,58.41371751,64.38563906,57.59979738,77.17358086,67.7346402,66.50090923,61.49265463,75.50812321,73.34056802,64.97690693,59.41843146,67.14532147,61.8953001,65.62090777,69.80148885,56.66384057,50.77875524,62.8278233,53.63702407,61.03580357,72.41370181,73.51940703,81.87375105,60.11764934,64.46280033,57.74702555,69.61054722,55.91924611,64.96700464,65.35156518,83.56730186,66.9550218,76.07837225,73.70919326,58.31329613,76.42006293,76.30156461,75.76413421,64.59399774,53.14088467,66.12797002
47.38554285,45.69099493,55.99093994,41.68619258,64.04244796,46.98778728,58.9814994,68.72657753,54.22943653,79.60324689,74.37564511,61.4351813,42.94358075,54.47876439,70.83248483,62.78699751,47.1287886,56.89310847,59.01081872,41.80376643,52.0747255,60.41932423,53.70104055,63.75061044,60.22977294,43.18799642,62.40166897,0,59.55707919,59.79551853,58.78549027,44.59288017,49.71438956,43.57195971,53.48466999,62.89677089,60.18371994,62.41380916,49.43870992,67.75282723,65.8861623,58.29899064,72.73675632,54.79969213,60.38059026,45.05648268,63.10887529,66.52402062,53.75029969,64.94606678,56.60379836,50.36680634,59.31370227,48.20057042,55.30316798,56.3161269,49.35363467,53.68941511,61.13603999,45.45921968,43.70000895,56.71607572,54.75365124,54.7774371,62.82420129,71.7274723,67.89523105,61.25859506,53.09744626,60.5516515,60.04312509,60.61713621,53.31895833,56.65446955,48.07377612,42.32980458,43.29551996,61.39737586,56.38242633,44.77831215,48.49967784,59.64707815,58.38611543,49.37123161,58.25957551,63.60996209,46.32854944,51.89352908,50.8279554,65.9973861,68.03823411,57.46667056,59.27809475,60.98750975,58.88612566,58.321033,64.03401148,46.44216206,37.35373163,59.30076999
62.79477201,63.8088054,57.58730241,56.87843019,59.85311299,73.22796045,85.56399511,73.77390778,70.81530465,81.23972473,63.97786301,80.80973081,60.18747579,65.14564856,76.83512947,74.66848578,62.80615151,66.75132668,69.28183075,66.01160358,61.62624897,57.7679506,72.01946945,73.53854841,67.89473105,63.11971789,74.78931186,59.55707919,0,62.04144906,59.8397083,66.87241659,62.8933228,60.63554629,65.89076997,76.78999419,68.21682725,70.47880409,68.36198788,61.05219418,65.9549785,76.82546378,68.67229969,80.94410069,66.41710929,52.28329127,68.26347151,69.96277751,51.65048131,75.2933026,57.93109885,67.95976737,70.14192861,78.5055466,58.0404595,63.18880382,67.73553207,64.07057521,54.51647494,57.51068283,55.02925723,60.56796752,45.6047732,75.21449902,56.19406515,79.60052905,78.77578137,80.22441021,67.69432057,68.52876305,59.1732864,66.11600711,70.6358083,61.02888555,63.567458,69.95043225,75.56427252,66.50204925,67.24286372,59.77292308,55.78667437,77.86121542,82.11763923,55.05393078,52.66775208,66.59702777,54.50366418,62.93288235,57.91602496,74.48411037,63.91691269,71.00105862,69.10974591,73.01207897,59.82890553,79.27394871,60.00631691,54.99456031,58.57224441,78.28126223
59.27545195,59.29353679,60.1434335,51.94264625,59.45236856,57.91692913,57.72359043,75.2046408,50.95554885,65.42227268,60.20532101,68.13498847,52.52041723,69.96886022,60.68197846,66.76025506,57.71274047,47.15675802,67.66949631,56.94979831,55.07363433,56.30261034,68.02215885,66.33170248,47.63884571,58.24389479,72.31789394,59.79551853,62.04144906,0,50.69032965,48.24189399,52.02809412,38.26084436,54.43123206,37.08471196,54.32721012,63.1120157,70.94641414,50.35350027,78.08319194,65.64044535,47.9854021,67.15520761,52.22657381,58.90467398,56.03121845,63.60075805,43.02485731,69.72776249,53.71164969,60.24280482,44.84791956,59.34650406,55.46448859,67.25871777,63.34445899,53.1454808,55.22066976,54.73632109,56.52622672,47.30241868,47.36176731,49.22827004,53.38509647,64.61772626,63.40716353,43.06433581,64.48322073,66.27744844,44.51608301,57.5257007,61.61997767,79.84594963,55.16265299,66.6228141,64.88278879,67.51641781,60.51603764,53.75431147,61.28882859,58.04524645,57.85031756,41.28003874,52.44426564,54.03234405,48.51866867,50.72642229,56.9447895,61.69245823,46.49670151,59.72739883,55.03651328,69.33407083,71.91152435,59.71848854,64.57177571,61.01171776,51.91925876,47.28523178
65.35269655,51.56873534,66.00952423,57.09353178,63.14297056,60.81602349,67.79665914,72.23689522,52.17019397,70.13965204,66.52178793,65.59925996,59.26222296,75.34508015,71.05271063,68.55420016,46.28351906,61.38794933,75.02177781,60.60343238,53.15925928,72.53420576,62.39274795,67.45626014,64.36409494,44.85573068,65.65351968,58.78549027,59.8397083,50.69032965,0,55.70398515,58.03237469,52.8268873,66.8591,60.47539925,58.28036314,70.01157808,66.110211,57.42465475,77.64227605,63.25372458,73.67127756,63.64629707,49.50507671,55.34923685,51.78722258,63.6350419,45.69138814,70.99254216,45.42861094,73.21632264,52.66384578,61.77112961,61.64754109,62.8080972,68.99903597,60.10488017,54.91087278,44.39222766,50.62650114,51.96332638,51.8730901,67.70251049,63.56405803,73.25929462,79.26726596,68.8921765,65.61024242,62.81021778,44.86387742,49.50725162,73.351789,69.5832423,58.43034402,62.71156538,69.88416746,70.04492771,60.98295776,59.22522886,48.30062233,70.27182357,66.56498265,50.57343561,47.51008377,58.18164987,56.80201815,66.68439583,63.6688733,70.59296877,51.08082445,67.98503531,67.8590008,75.61034715,61.40367979,60.59413666,83.18021491,46.62433897,42.38204641,61.1407974
47.73538056,36.34150052,57.21156306,39.03388739,61.15637491,37.56451083,59.19857397,61.23473886,55.42345208,66.43204024,66.04405473,71.8473149,40.04192436,44.84647277,59.46210353,55.5896275,51.3266904,48.34243296,46.04551274,52.11602165,57.55307776,63.25419295,53.38464129,61.84311131,47.73137425,53.03300473,61.28508383,44.59288017,66.87241659,48.24189399,55.70398515,0,44.82323764,39.9932221,53.53637296,53.04790146,59.37912985,59.37957278,62.39463437,65.01778714,72.61740639,57.06281932,65.20601483,42.41226643,45.55332146,47.54425719,63.48156883,52.83702607,53.5870282,68.69159726,43.70019887,49.75228222,51.41332441,48.06204155,58.13537842,57.43618263,45.95449392,52.30258511,66.93972997,46.55798191,42.57638106,48.23499347,60.11133793,29.64434051,59.80428336,64.35895865,62.76254268,39.78191576,49.97839909,55.78443592,47.30993606,51.08146335,62.01833605,66.1428749,45.33586029,43.1112638,49.4394661,48.34869853,45.29755552,49.52769016,56.84316692,49.18080383,46.69862706,48.6470463,58.71196301,39.6525093,42.28244554,45.47859792,52.23988391,58.48484661,48.24060494,50.90246672,39.71923332,62.65863832,59.71157065,56.94245433,57.55146308,48.88368233,38.34286092,47.33128107
52.00588519,51.80672322,61.5117348,57.67854556,55.16979399,60.21754363,54.90486595,49.19154348,55.58473932,79.11554784,61.97436808,71.40199566,46.96859737,58.53114454,67.22499039,70.91045897,63.33067965,55.14918136,56.79933131,48.39350144,65.70167638,58.70939283,68.42251668,73.87305757,58.60254166,59.25284497,53.39567433,49.71438956,62.8933228,52.02809412,58.03237469,44.82323764,0,41.98056589,65.58536826,58.49905868,53.38266393,51.86539694,70.10434574,64.55588958,69.16666403,58.77442529,48.99923048,49.92758185,60.1918513,53.34577163,67.44141774,57.50003631,58.00352371,65.47449233,53.61694114,53.5122571,49.5472839,58.81818516,53.17489076,61.36370631,52.57812273,57.40994339,71.12321175,50.04753631,49.03395725,50.43113363,68.9266506,49.99100492,67.19123593,61.4179119,63.35592378,46.9404582,63.45248632,49.99760262,61.25423137,50.40964367,68.36154402,60.14653048,47.92215124,49.33064089,56.66479756,53.93218237,47.68246835,44.62994135,58.00533541,59.1354031,56.90325746,35.73436094,59.48958271,51.37249922,43.77410729,62.63818645,45.68899392,70.92585624,45.42176232,68.8136005,64.71506623,57.91071739,69.22639864,64.85908895,67.34012577,63.40390104,40.00925968,62.03212146
