0,162.4979299,172.0995835,167.3952289,125.2491954,148.0642848,158.6905323,189.1591551,129.2867155,126.4741161,131.6937165,151.2548742,180.646708,177.8996881,150.8785034,113.3191063,187.6078225,201.0207592,155.5571753,194.7607262,129.4885656,140.0566407,146.3902265,139.9677662,144.561485,173.5906102,140.9168947,163.0317905,129.1222543,149.748014,120.489195,120.5727562,183.8138861,171.9479082,173.3863842,177.5505234,126.8831744,161.9637142,179.828764,165.781818,122.3728352,163.73508,137.9388761,213.0427492,133.1903508,187.6495338,158.6007166,140.325142,161.3556824,120.9884605,164.4124875,139.9268028,148.1007711,191.757959,154.7021776,151.8713987,132.7732958,165.0994871,147.012952,156.2957318,168.8565432,134.236802,144.9621669,162.2803707,139.3201861,144.0377615,112.5456465,175.6164465,135.2009391,159.7086603,165.9410046,176.3011225,180.8300608,167.408661,131.1795695,177.6055323,191.4935511,122.4335043,113.2173608,218.4052364,168.123173,166.0879885,147.3608828,168.9118312,174.9994736,96.74320924,149.9098946,126.1535175,171.3248908,176.1856419,115.2444382,195.8778162,145.5416025,179.2823977,168.6116042,156.9079844,164.5031022,148.0847777,126.2718916,136.3956539
162.4979299,0,146.1528259,132.7512498,173.2189869,149.1522641,136.9645925,178.3617115,153.4729541,137.2136073,109.4046877,136.7201522,161.9694401,146.0706169,166.6014221,171.0982429,118.7838027,195.4868854,153.4091257,198.5092254,122.4981669,152.464169,139.4867136,199.6571285,130.5675029,161.4411873,144.353071,181.5800152,133.0186301,202.0312645,175.5158782,131.1650241,161.0989155,167.309912,185.3124453,162.4119363,127.9992668,211.8598426,177.9497858,111.4603601,161.1920013,106.9385472,147.9621068,160.5938023,136.1745146,157.1175657,172.0343474,121.5922424,140.4303449,155.1262172,193.7407051,162.1192679,149.8624518,163.2015143,147.9154777,162.6993099,169.3681077,174.858178,147.8892151,181.3323365,144.2406197,207.6854536,146.3436455,182.0995678,118.7603231,155.0484182,148.9214627,181.2523554,126.5411125,206.1596014,162.6613242,184.0485647,176.5581594,156.4059925,154.2587359,149.4595568,211.932357,155.0212402,129.0413542,190.5067849,180.6533837,112.5875726,151.6086607,201.8372821,177.0730058,135.404481,146.0969553,145.5372853,194.2447196,191.6997132,122.4070112,166.095417,133.4719357,163.7177504,159.3368073,165.716365,154.2859807,132.1180825,139.8795926,140.2309089
172.0995835,146.1528259,0,154.0227467,192.7782174,170.6914611,202.5667209,214.3435168,142.173988,184.3437222,186.8087774,200.2587697,194.1977743,197.6704908,176.0678912,174.2801921,179.0945011,192.0791398,158.0607546,204.8775402,149.6175403,182.1068028,157.2487904,198.7741561,154.1259301,156.4048618,184.5979202,154.0668922,159.5555267,188.1621503,171.1607928,182.1565681,176.4851845,187.7076145,194.0080827,188.0455538,177.8548396,199.4295864,165.2969402,164.7694709,173.4719776,174.2711813,162.1500254,233.0523307,164.0714176,205.9808927,198.5720626,177.0384943,175.8818855,143.5483861,227.7236353,188.7804543,152.1845739,181.9757515,156.1916451,167.672922,187.3548528,166.9283672,159.2103825,169.9056297,181.6054671,188.3275647,155.9665819,205.1538903,144.6274684,156.1998108,161.6655395,196.9098485,173.0216726,186.9244825,188.4648507,181.0852176,199.776421,131.122069,166.9144027,163.7125388,240.0188954,175.0399592,146.8018524,237.5197752,193.3184531,155.3400162,169.5658428,222.6716887,192.2348567,140.0626617,165.7396624,168.0333306,239.9637011,219.0530022,166.2798084,203.1573579,160.5041571,207.0439323,182.4857941,176.8231442,195.3991103,167.3603268,183.1470991,188.7546019
167.3952289,132.7512498,154.0227467,0,145.7000388,131.1151657,139.8478464,144.0423766,141.6490512,135.9367268,147.9252385,185.4512217,147.9080663,140.1680117,127.7767401,156.7786701,141.291687,166.1951408,149.7663346,166.8481448,156.2373974,117.0319333,117.3355161,179.2545199,126.2009737,122.5324727,140.107431,169.5499766,175.248498,164.0577793,184.7274387,140.4041916,136.9470978,164.9717086,134.2322646,171.2916951,159.0847644,194.9418291,167.3543948,139.6497048,153.6138426,114.3608545,150.0545279,179.5749514,149.6927266,138.7019549,125.4665591,148.1782428,151.8737065,164.5441785,186.201625,170.6171459,162.7943184,156.747147,138.3558482,133.0832649,155.4509951,186.7222383,153.4993963,154.6984078,154.595033,179.9008359,137.0304751,159.2950441,127.9699825,138.7430205,165.5310141,174.3698925,123.5377192,154.0630077,182.408311,176.2030721,176.4134389,134.0852363,148.6189719,162.6000537,203.4428035,124.4108623,141.4326587,166.4486822,169.6994124,99.07630742,100.4183694,180.6990822,165.7302087,134.5719906,170.538193,143.8378171,170.8899795,161.3976176,165.9508215,147.5505512,173.4343728,153.6896213,165.6086083,162.7014959,156.153958,133.5911769,166.7108458,123.2768095
125.2491954,173.2189869,192.7782174,145.7000388,0,145.0135308,172.7558586,174.2051381,138.0558654,130.8977944,169.3258524,158.311474,181.0195208,189.188491,139.3120655,156.6314108,166.6962731,197.6915975,183.5184166,156.0340244,175.4603098,122.3096679,123.2346645,142.6560781,147.8504171,169.5257237,142.2127845,191.9143643,144.6840685,160.1678142,157.1603686,136.0482336,150.0931664,146.7843605,119.9453611,176.5582838,160.4596176,143.1921,181.4446461,171.5467689,183.5512439,154.8200112,151.5585235,160.2824831,153.3407827,154.9109797,141.3512702,132.2233372,195.0575637,141.2034403,183.7477765,166.8637672,146.807813,175.2440467,138.0214791,128.8647967,165.7335837,189.5348897,140.5587276,125.2838219,179.4846195,132.3082153,145.5625993,148.6339758,132.3066618,149.1107501,141.9726377,170.25753,149.1352028,118.7609121,170.2399597,168.8701914,164.2292244,152.5199147,147.9091575,177.3789045,194.2074989,98.3422477,163.9961507,182.6121849,161.0963326,145.8193278,147.3317462,168.9131507,177.9732574,134.482033,181.973771,146.9034571,159.2565831,165.4646275,124.47928,147.1932333,169.0879163,162.8594742,198.1180363,180.2179184,151.7593205,164.8309263,146.8211981,156.4898364
148.0642848,149.1522641,170.6914611,131.1151657,145.0135308,0,141.8348397,172.6539838,162.6814563,140.4339181,146.2356395,149.8959026,177.0055857,203.8340373,161.3567295,154.805766,160.1358037,172.9820482,154.7538455,141.6507504,168.4297302,147.611784,112.1912482,158.6179825,96.410452,102.4261181,141.8612255,176.8562127,161.5748622,152.6303538,176.089347,124.5633921,128.1865136,163.5933031,134.8288692,165.2872939,129.3001034,170.1124245,174.7620204,142.8938184,164.6007153,153.3078597,132.9385777,167.0900372,156.6139284,165.768413,119.04837,150.2723719,147.960074,167.7252408,169.5642025,188.8324872,158.7202375,164.0966229,129.7561811,157.7907578,181.4007538,180.0578798,111.4400541,116.5639802,129.8050286,171.3435223,140.0934596,134.2151849,144.2122827,140.089923,140.9508303,190.6323941,124.2401376,176.5972558,171.4390447,149.8050047,174.4930037,119.095653,121.175952,146.6654771,164.3573546,158.1221767,148.00977,175.9559089,143.659238,140.9925269,121.0204344,177.108919,182.6296574,132.8353201,138.9488754,162.6325052,155.0164285,150.8647453,154.5480514,146.4669005,151.0578061,159.4356576,185.2485341,174.1219117,204.0679943,138.688299,125.1162676,132.5542958
158.6905323,136.9645925,202.5667209,139.8478464,172.7558586,141.8348397,0,194.1828262,146.0997516,151.5323881,99.78484523,179.1887475,153.5048623,135.638045,151.2058395,182.0459971,182.0597563,190.5967102,151.619332,181.7636951,165.3421439,150.1998664,159.6521575,192.6836418,153.0534697,173.0872895,147.8957738,182.1416818,177.3904135,197.0570532,168.0752031,136.7761891,122.2617618,168.6653553,179.8888925,153.1651812,145.5913252,185.7394921,197.602015,134.0196571,153.8499029,125.2780868,155.2868058,185.7931706,141.2300843,182.77082,158.0814215,130.9743367,143.2842562,162.3608499,174.7033044,161.6733593,178.0394885,194.0659264,152.6581635,195.4156909,185.1306096,182.3187041,124.6726092,159.8537073,149.8753663,214.1507805,128.0742337,140.7501986,143.3582199,187.4443553,165.5399388,191.0312111,118.1129192,183.8641697,165.2206039,182.3321973,188.0059473,156.1275189,141.2964689,162.0273556,196.7281422,148.2331271,147.4650341,178.6372427,183.8924647,127.3716254,138.7161729,201.0489031,170.5413024,161.4579208,158.5419004,194.4284186,166.7322911,189.9409651,154.0094532,159.5117708,160.4424202,167.9973339,193.9554746,163.3712758,171.0604858,141.4610277,145.673966,130.4326769
189.1591551,178.3617115,214.3435168,144.0423766,174.2051381,172.6539838,194.1828262,0,162.4635033,135.0200493,163.542362,163.7123393,168.3107262,162.1969922,158.7766633,174.9917697,147.5216193,158.8793688,190.9156259,149.1375853,164.4512973,139.8817113,151.0034505,174.4973568,140.9981681,184.6302459,144.2821945,189.0950993,201.1053422,156.8442186,212.5932449,173.1352426,187.7730161,181.3460431,167.4629893,151.4137319,147.6843828,181.4529202,186.6020756,155.734009,177.9531553,161.0833246,170.5462579,171.4217216,171.3343928,127.3726864,107.0333273,152.8651556,170.3808321,162.2268978,152.9864631,162.5007595,153.0691369,184.0438579,169.9884036,149.8839768,184.8169986,180.065638,186.996808,179.2960825,204.2626148,200.5941844,162.6975718,158.7392396,149.5200521,151.12618,148.0229284,163.8880966,181.4278632,175.5584803,151.6400402,191.974047,140.3824547,181.5509522,183.6772522,197.9241824,203.0069474,167.2756817,152.6124034,134.4245917,150.7152046,126.3739575,162.578298,131.9181941,170.2933862,160.7133283,177.684362,168.0980755,179.4386105,95.74972161,175.2615876,170.8888001,187.5587371,180.7669335,189.4528093,152.7209033,162.4412046,142.7968297,160.4865676,162.8213274
129.2867155,153.4729541,142.173988,141.6490512,138.0558654,162.6814563,146.0997516,162.4635033,0,125.2374181,131.4150665,166.217116,163.2369689,147.610505,131.6667018,157.7165996,176.3345637,161.276366,139.0778956,156.7248442,144.0906685,130.1795027,140.3618012,153.470552,155.1124278,162.9299345,154.7621851,155.8199613,136.4120226,168.8833708,123.3068828,150.4003445,160.7852431,164.5250008,176.4357476,133.7906519,137.8057016,149.6451515,185.8733155,146.5193472,138.8895877,157.6344273,159.195403,199.5175523,147.2526706,177.9306204,144.3149476,132.2459977,173.0917282,92.64501248,171.851944,135.0126965,106.5728105,183.9704266,138.3397711,157.2219838,148.2498742,151.3690093,122.505898,153.911507,166.6243563,153.6118648,102.9218688,146.6222714,133.4825662,137.4607098,133.5904237,151.8795993,134.6364205,123.4291286,155.9126239,162.4736455,173.6037802,138.6124861,150.7669912,158.6543281,208.3769498,125.9332073,119.1067108,175.5607466,132.1516994,118.4056992,150.9649333,174.5773894,123.7547059,139.263627,160.6325058,165.3939274,189.5120224,165.463286,103.7459915,169.9635673,160.1914479,164.3418467,189.8480873,160.3673254,166.2124682,149.6012185,130.399407,142.7764311
126.4741161,137.2136073,184.3437222,135.9367268,130.8977944,140.4339181,151.5323881,135.0200493,125.2374181,0,121.3009026,120.7188992,151.2697906,169.542619,129.8675138,144.9749807,172.1681913,154.8171247,163.0381417,146.2423604,147.6058105,116.4041903,141.8731411,136.2801829,123.3076093,133.5531304,135.6348482,183.0919115,151.5382038,157.83089,152.377314,117.5822285,176.7985437,166.0098648,156.3690502,151.4242162,116.1730461,170.4806324,187.6542309,139.5693358,140.1745122,139.7212314,125.5553935,169.8562127,152.5036622,150.6502264,121.4099305,133.1250034,142.143281,125.9300305,148.4358463,129.4766914,114.6677275,134.2646498,113.4417944,148.6734907,151.5787792,149.8735185,138.3521487,160.9703681,151.701439,143.219357,144.3220713,152.1573828,150.1696856,100.6390439,146.6386534,138.1906128,115.4113327,151.2203185,160.83154,155.0575309,168.2571923,154.227341,139.6614165,168.7357153,166.4375499,120.6547094,105.7749545,174.630643,132.131007,126.7803876,111.5604555,158.6276026,160.3870976,112.5183526,126.2407259,126.6657305,173.2885262,144.7757962,118.4375649,153.3703437,157.4170923,146.6150437,150.6344831,158.3805742,156.9049884,134.5041368,126.1713446,112.7583415
131.6937165,109.4046877,186.8087774,147.9252385,169.3258524,146.2356395,99.78484523,163.542362,131.4150665,121.3009026,0,143.1601264,138.3556251,137.8317824,167.2705998,138.4970819,153.541299,165.920576,121.5240315,188.0865274,114.4890093,158.3246457,144.5179197,183.2008427,132.680549,184.5710495,133.1261718,164.7769362,136.6924919,191.7596574,140.6103441,108.1890091,167.4896373,163.7391206,171.7981732,124.9925666,110.5010715,184.7997707,179.7214493,110.2177488,129.7509982,123.5998437,154.4896937,178.8521017,109.1113626,154.921138,159.2471193,101.0036799,137.1751456,134.7326466,169.8541169,124.286414,144.976417,170.0800885,154.7100957,170.7315511,156.9654286,175.1028894,129.2287725,164.6562103,139.1523667,180.2995039,133.1794129,163.0176672,123.726477,160.6658627,133.6486986,175.4672011,100.0650288,187.472667,152.538323,166.4835241,167.1581621,169.1487525,123.0371941,145.3425953,181.979437,139.9663734,121.3163533,189.1825561,174.1733448,108.3038496,143.5011782,158.5500989,148.0929948,136.0603284,141.2235012,160.1731759,157.6713211,169.2588172,114.5521598,165.9731055,142.9480813,148.6005378,140.3648278,142.7849152,139.6557838,104.791051,118.1507348,93.33731537
151.2548742,136.7201522,200.2587697,185.4512217,158.311474,149.8959026,179.1887475,163.7123393,166.217116,120.7188992,143.1601264,0,177.2656863,201.6042485,179.3311473,174.1814128,138.4650881,173.1726646,157.6003654,150.3514432,155.3073282,131.4462514,150.0178464,169.7708132,131.6023095,165.3895288,144.2441288,186.6635514,148.6732378,178.4585604,158.0076095,107.9012595,185.0894316,150.8174373,193.5138025,165.6222441,136.1176509,180.2997828,174.7343258,143.5138409,165.6356444,138.0793241,133.4445953,144.1469908,156.2939584,153.2795095,139.9179025,135.7864403,137.0520248,147.8681788,164.2851812,183.7124062,128.5764592,163.811273,148.7723515,167.0387858,164.3961948,153.4888912,150.0611001,192.1908409,134.2475278,207.3836894,169.8278608,148.3788514,159.460135,155.7845867,132.629955,140.3756342,144.5678465,188.7257504,150.721623,167.5278689,147.1075697,163.8055965,142.0359398,189.181729,178.1595475,170.5186275,127.2404256,160.7531899,132.7296283,147.9749552,160.4385725,167.4893392,156.6426207,136.5147545,139.2923541,124.6954044,168.9842886,150.6253129,115.9857809,170.8737761,149.256445,154.7038849,180.9868752,161.9869722,168.4471383,160.7289866,124.2844341,152.8027137
180.646708,161.9694401,194.1977743,147.9080663,181.0195208,177.0055857,153.5048623,168.3107262,163.2369689,151.2697906,138.3556251,177.2656863,0,159.9180014,153.4778474,189.4428199,162.8733756,159.8369973,172.1953524,177.2358498,160.6900019,170.4266529,172.3972898,183.7804414,134.6684307,198.9815071,176.1392291,185.7233272,184.0098445,192.6074286,157.400809,152.2234329,168.724676,158.5268336,146.6855315,170.3096485,183.3102874,199.6508559,194.9961699,155.5580551,159.2595438,135.5607966,129.7458608,215.073221,127.086343,165.2588677,162.4336306,167.4272563,154.3248226,138.7116537,224.7533668,181.2270353,168.7557322,177.7986005,151.4751245,196.9900531,186.4299311,202.4591671,168.5286649,180.0553396,162.6068202,212.0282573,178.658955,171.3837297,162.5297957,174.2784784,190.5710498,134.1262778,134.6583193,187.0529685,192.9607232,164.8003149,163.7986848,165.1989179,152.5487418,171.7193605,209.3562979,163.5013988,151.1796291,181.4722393,180.248108,134.0325567,134.260657,190.6141408,199.3620199,143.5384539,155.6044337,174.6389188,202.5891845,174.1497189,174.0262982,170.9856828,201.3252021,206.0310785,190.2792723,159.1857865,154.2275046,171.7361139,206.0767426,125.7935865
177.8996881,146.0706169,197.6704908,140.1680117,189.188491,203.8340373,135.638045,162.1969922,147.610505,169.542619,137.8317824,201.6042485,159.9180014,0,171.1486064,187.8283399,163.3907686,208.1879148,174.242801,203.1037542,150.9587192,148.4782698,184.3180206,217.0450714,173.2950367,212.7496515,148.5177922,181.7454094,176.6625588,190.6728905,184.5860168,163.2570521,178.5461299,212.7997189,206.4862194,179.5327907,165.5217773,209.0168195,211.4773387,150.6134104,178.8493819,139.4519183,180.7890274,202.9792926,152.6860532,175.8113144,178.8045478,138.1954686,187.2703923,157.8304664,199.1893475,150.2914413,177.9308703,216.5443875,195.3801924,188.9975479,203.3923548,180.3610705,183.9764338,197.3533171,201.3807514,236.2708196,129.9853618,182.2956499,135.4423202,195.1462462,165.0125952,201.9914198,152.1656425,204.4000381,185.8706296,205.3956411,168.7303518,180.5157005,192.1681316,189.7947647,223.5682671,154.6789056,166.4899357,185.5273927,197.0581903,135.484941,167.7442196,194.8978158,177.6267103,179.4748893,200.9958307,188.2387027,218.3229585,190.3439584,180.7413578,203.6867336,189.6606572,175.850895,190.7773967,150.7488479,146.3328479,161.6976254,176.9870637,171.1113118
150.8785034,166.6014221,176.0678912,127.7767401,139.3120655,161.3567295,151.2058395,158.7766633,131.6667018,129.8675138,167.2705998,179.3311473,153.4778474,171.1486064,0,169.6416515,186.7476661,198.2798703,184.7587956,155.0651775,177.5719,116.908494,150.6307233,137.3028973,153.9375354,147.4646019,171.9644598,196.8663262,191.2884155,175.9511084,161.4521696,172.9618292,143.5231166,145.9498191,155.5490336,169.8882208,176.5714209,168.0742142,185.2646898,182.4202632,150.672064,122.5083384,142.3081072,197.4697047,167.9546832,173.3754951,114.1630319,170.5238518,154.7703322,137.4921253,182.9194891,162.5522187,147.3142971,146.0308185,129.4794918,161.6698285,157.7201128,169.3570238,161.6644094,161.4478874,192.5137513,162.5199879,148.6202887,122.7207873,147.7314956,139.6581043,154.1350908,139.4587777,160.6471396,152.8011945,146.8085926,207.1158976,193.4517654,157.1340209,173.1951746,175.0287392,213.5563934,145.3841387,129.4942329,193.7974307,155.3541219,137.100865,141.9908966,197.1028971,189.9202042,125.7510344,144.2239567,159.4888264,198.2387606,160.0074656,159.765691,167.3148249,168.0081605,186.5346294,198.6766123,166.7560614,163.783878,147.1682562,164.2979149,162.1019209
113.3191063,171.0982429,174.2801921,156.7786701,156.6314108,154.805766,182.0459971,174.9917697,157.7165996,144.9749807,138.4970819,174.1814128,189.4428199,187.8283399,169.6416515,0,174.9565111,186.3026854,154.7831455,200.9019991,141.3740507,173.4892097,159.7456923,169.7617091,138.4837153,171.2048632,146.2885381,165.6906509,168.5088315,180.3049789,155.5140838,126.9638992,191.7657695,173.2664243,177.7313206,158.6347057,140.0828295,204.382488,191.0186034,164.7985781,126.4474301,157.3162753,171.7308061,211.5526698,139.2274301,173.571212,176.2649415,148.8002529,168.0939905,151.8270448,173.9645557,158.1027076,147.4394599,166.259744,169.535686,138.945172,140.4985635,186.4026611,164.4748518,146.8879212,187.3403911,119.2083232,164.0805078,190.5629791,136.0116692,170.0299594,131.6589564,183.4199636,136.5730261,188.8106165,162.206052,174.8166581,185.1325442,191.3874983,133.4691384,165.5090272,204.7940611,154.8915559,139.114366,232.5273877,185.8132874,154.1630301,153.8625121,122.2131622,184.3782207,118.1833514,153.1681406,146.2058111,184.8312202,192.2574646,154.6807648,174.6676829,149.075006,169.1570441,146.7101652,165.2944598,158.5099622,129.651444,144.2574213,144.341352
187.6078225,118.7838027,179.0945011,141.291687,166.6962731,160.1358037,182.0597563,147.5216193,176.3345637,172.1681913,153.541299,138.4650881,162.8733756,163.3907686,186.7476661,174.9565111,0,194.3210019,160.17349,181.0427435,160.1944774,148.9295151,124.6697758,200.8510843,115.9383075,187.4872413,144.5856984,173.7990221,152.6493235,196.7631409,194.4513302,143.2357139,169.703198,139.6239522,173.8193538,155.0834016,152.5239972,213.732733,171.7423244,120.0372859,173.9203439,121.9083459,169.943739,162.9429683,123.5330535,100.5398517,166.1892568,142.6402138,162.957831,178.878324,193.3309712,191.2259281,154.0617853,181.9574629,168.7489017,162.6977608,173.7673523,193.3893064,166.6605009,177.4690733,172.446327,222.21121,159.3081194,168.4952072,129.2156644,177.4560845,149.2807313,165.6577872,161.4682655,203.2476869,149.5874374,182.9590167,148.8915321,173.4775275,156.028442,170.4976972,218.0105806,171.4180515,155.8676002,157.8079472,188.8981647,110.0873038,165.5957667,172.5736473,189.0023488,153.1533696,175.5400673,145.7086286,168.9636302,157.4217133,142.1865943,162.160219,140.6451925,180.4844447,196.9473634,172.7328221,147.9651186,165.6069586,167.3640373,159.0321039
201.0207592,195.4868854,192.0791398,166.1951408,197.6915975,172.9820482,190.5967102,158.8793688,161.276366,154.8171247,165.920576,173.1726646,159.8369973,208.1879148,198.2798703,186.3026854,194.3210019,0,148.6356483,159.7730749,168.555044,176.3949451,176.2802099,190.8200969,153.8646954,184.0431208,163.816869,176.9052668,206.6168315,166.8103023,200.6679828,166.2222448,186.6429532,185.6983563,186.4008382,160.432648,168.2290916,172.7574382,173.2156776,162.5100321,170.8620497,176.4459891,150.2621226,208.3996452,176.4346918,169.0983848,158.5349099,147.5461413,172.9531625,158.208035,177.8241097,195.2825688,154.2016199,191.246133,154.6695972,189.6355474,188.9970896,164.4589076,148.7077259,169.184266,144.7761101,208.8432503,177.9947136,179.9317246,172.4648819,163.4507104,188.2386161,152.1546978,169.5805992,167.2807231,189.770685,125.3864035,161.5718367,149.1039451,135.7773176,186.1816848,205.1973593,177.0874918,150.2936171,165.4913848,148.2382607,134.3291813,146.2978689,149.7045073,126.7389889,163.0218366,163.359152,197.1740319,198.3050106,179.2736468,185.7803938,174.4638416,213.4982558,174.2666558,179.6473384,157.2644619,175.3556869,162.6040021,176.5041624,138.1880551
155.5571753,153.4091257,158.0607546,149.7663346,183.5184166,154.7538455,151.619332,190.9156259,139.0778956,163.0381417,121.5240315,157.6003654,172.1953524,174.242801,184.7587956,154.7831455,160.17349,148.6356483,0,178.9048285,156.4293358,146.5547292,129.400305,207.0714346,139.6331205,172.565002,136.3718532,131.9292394,153.018067,186.1336344,127.5984109,122.5522738,171.6778014,167.5022921,184.4053659,159.8005701,159.2405115,176.903531,132.9591912,143.1621244,145.1728717,133.2505693,167.9460709,197.2076134,133.6326834,150.2259296,163.5892762,134.5800285,148.4798775,157.4149061,195.3909896,168.2205656,140.9595303,160.5437717,173.5545028,177.4600161,158.9120687,141.977764,133.2273782,174.1069203,134.3571742,196.0780867,126.7467011,148.2238732,140.4729181,157.3687475,132.2914358,185.3997281,126.6843023,180.1550286,164.5832894,163.6056277,181.7993589,138.547087,121.0827156,162.2588426,174.4761651,155.918827,127.5474699,209.2775752,180.8936029,118.3842884,147.644039,175.1061758,117.2154831,148.4971265,160.0230342,155.1676616,166.9204434,179.8503781,145.1659882,192.8180459,151.5100815,121.0387271,133.8222738,137.7395227,147.999187,134.4006685,142.957854,128.2002792
194.7607262,198.5092254,204.8775402,166.8481448,156.0340244,141.6507504,181.7636951,149.1375853,156.7248442,146.2423604,188.0865274,150.3514432,177.2358498,203.1037542,155.0651775,200.9019991,181.0427435,159.7730749,178.9048285,0,194.1252331,132.1873408,167.471284,149.2454226,150.3364567,148.7018632,173.4578297,201.4888318,198.4625136,168.045022,181.9723425,153.3255968,159.3808499,172.4873371,160.1380086,150.8245245,186.4500958,139.4955352,184.0764452,172.3882818,200.0663715,165.6914246,142.6148846,173.7690996,181.8588812,165.3734776,111.9295569,163.3366971,177.6420297,149.6695125,178.4137445,196.5742962,153.166732,158.5735504,139.2399112,172.8703624,215.1668071,159.6227691,138.5616306,155.0145711,171.0710485,207.350947,140.1322892,116.5661716,173.4655231,157.3292412,161.9150807,153.4874192,163.0675241,150.0515508,167.280709,167.9849254,151.0864219,136.6234352,154.4683062,205.5521769,183.9652577,162.0602148,177.8347853,143.1086371,115.0234345,139.8257801,135.8027208,188.1881937,170.2857955,184.7660946,181.9660289,174.5219184,197.7711593,132.7077444,179.6485638,164.9339653,191.7194347,163.37679,214.6983976,161.4319289,199.8111197,165.6340956,156.1704919,177.6339538
129.4885656,122.4981669,149.6175403,156.2373974,175.4603098,168.4297302,165.3421439,164.4512973,144.0906685,147.6058105,114.4890093,155.3073282,160.6900019,150.9587192,177.5719,141.3740507,160.1944774,168.555044,156.4293358,194.1252331,0,168.1716053,171.6133538,168.5156457,153.1126061,193.577601,158.2651523,166.7566846,139.0739862,169.1107319,168.7137055,131.9259935,190.8890316,185.3922352,183.9357184,151.368177,136.4205007,173.2382869,162.8412833,136.5401936,142.3128712,150.1480512,134.930647,206.0828414,120.0974762,177.7180818,173.7511715,106.7770261,157.5905889,108.2632988,175.4440198,141.7993135,168.5476556,194.6168523,160.0120429,138.1675714,163.3180947,174.8698769,159.0635901,176.7765806,150.6595249,190.2377444,152.0177897,199.1706638,121.0552506,158.8183613,130.4001957,175.5410248,147.3193734,179.9408401,172.0295024,182.0688514,143.5082295,167.6112598,128.7987968,184.707668,227.7396124,134.2845308,135.8197331,194.6662778,171.1397052,130.8802331,148.9726223,174.3325637,156.1255334,133.4394869,171.919357,132.5221635,201.4189177,181.0137312,141.7983567,195.6332608,164.1947233,184.697555,148.8066603,130.9303603,146.7662477,106.8853686,137.5877965,137.390163
140.0566407,152.464169,182.1068028,117.0319333,122.3096679,147.611784,150.1998664,139.8817113,130.1795027,116.4041903,158.3246457,131.4462514,170.4266529,148.4782698,116.908494,173.4892097,148.9295151,176.3949451,146.5547292,132.1873408,168.1716053,0,117.6640527,145.7803078,140.8917285,134.373889,123.1493016,172.9992715,157.6530495,129.8337914,158.3104562,124.0482127,155.0043175,152.4533794,161.3185302,170.4532969,156.5241098,152.6298533,149.5343691,143.2814345,163.2790326,111.8636061,131.6577275,160.5684246,160.0903888,141.1697423,94.46815238,138.050483,141.4997899,148.3098411,156.8712378,153.9026687,129.0074287,155.6666462,127.4633342,150.9079338,157.4610093,141.0191022,139.4928764,171.0187244,156.3860275,191.602726,130.9084092,107.3785869,133.2083784,135.6021095,134.4116584,146.3179086,139.4844364,136.0445677,151.5617804,170.9402445,155.218714,127.9008974,154.0027086,182.1596326,163.2862871,127.3334303,121.5870564,147.8254143,139.0704264,123.0223981,123.9872447,172.7462266,145.0274561,128.8137514,157.132078,123.1633113,153.609355,126.7081914,140.0046812,179.0715839,162.1867867,137.8358008,176.6318762,135.7423801,150.1280944,150.472921,130.8767271,143.9670023
146.3902265,139.4867136,157.2487904,117.3355161,123.2346645,112.1912482,159.6521575,151.0034505,140.3618012,141.8731411,144.5179197,150.0178464,172.3972898,184.3180206,150.6307233,159.7456923,124.6697758,176.2802099,129.400305,167.471284,171.6133538,117.6640527,0,177.6977788,105.6716832,141.7122063,111.6747757,144.0626411,141.1999833,151.1338727,159.0652418,136.3385017,131.9192646,125.4400165,115.864526,160.4180315,136.7890854,160.9369314,125.7141475,124.4268469,170.0850192,133.937548,158.1578049,147.5979008,138.1087204,125.5972519,120.1784704,139.0143382,141.853806,162.2968402,183.5577953,159.5753837,127.7215884,154.1754935,135.6263439,136.8319252,157.2279047,173.5681174,128.633565,134.9712614,161.161068,160.8813325,139.2066941,131.9653717,110.6080448,135.2815447,119.7747444,184.3159575,141.8895581,145.8479977,142.9976824,158.3113082,163.8614307,120.1965031,144.1295854,137.0909158,159.3040528,139.8796052,129.438758,175.2179054,175.1734496,116.426294,149.8259693,159.2565335,162.2461336,114.8140299,145.6369023,145.8864214,115.1402968,130.9010336,119.7199257,150.3613765,131.9323388,153.6434724,163.2989414,155.9262467,153.7669086,137.6887999,136.5770366,137.2758195
139.9677662,199.6571285,198.7741561,179.2545199,142.6560781,158.6179825,192.6836418,174.4973568,153.470552,136.2801829,183.2008427,169.7708132,183.7804414,217.0450714,137.3028973,169.7617091,200.8510843,190.8200969,207.0714346,149.2454226,168.5156457,145.7803078,177.6977788,0,162.7943273,169.2642159,201.9657631,214.2217304,164.539126,142.9450675,188.9470948,170.3847102,202.7325981,164.6546429,171.9389105,151.3617435,167.8493549,147.7900472,200.3746974,174.3674781,162.6017098,181.8470026,140.4490743,238.3802063,167.0000434,189.610172,150.5893535,170.6118321,188.2312998,142.7203564,154.1131716,155.1260786,153.1223235,183.7810498,105.3029872,189.5304891,190.0500796,190.7151837,136.5293684,152.5381847,179.1036887,155.5308681,176.7064407,161.3177668,176.8078535,149.142675,171.8060818,134.8364586,185.0736608,157.9003974,171.3036064,176.1790641,179.542031,174.577165,142.8613585,186.5778963,206.3602043,161.4550687,156.0117853,197.2737673,155.3440125,167.1938545,149.3540242,186.5035892,208.1223737,137.9653919,157.4386684,163.7490848,193.6344759,152.7072224,161.742754,209.6508115,183.2131279,217.5189686,222.7252121,183.1649549,202.4928729,170.1246351,144.0198596,156.2458778
144.561485,130.5675029,154.1259301,126.2009737,147.8504171,96.410452,153.0534697,140.9981681,155.1124278,123.3076093,132.680549,131.6023095,134.6684307,173.2950367,153.9375354,138.4837153,115.9383075,153.8646954,139.6331205,150.3364567,153.1126061,140.8917285,105.6716832,162.7943273,0,130.9994328,125.2970885,129.1554961,141.3524666,145.5637381,158.1244971,124.6087854,131.6571882,136.4099611,136.0860047,150.977897,103.1491299,172.3493913,163.7415941,120.4334406,133.7249432,133.5080882,126.4176387,168.8512701,108.3691594,114.9108842,129.6108943,138.7430574,131.7794964,143.464909,159.0293012,160.1937194,123.8927773,149.2809187,129.8209785,152.8823203,169.5935749,147.9820244,128.7771911,120.0213901,138.4523987,166.8361905,133.1490947,136.1532518,134.1864732,121.0423739,122.8414563,155.973236,130.5339143,181.2752756,141.5443576,141.127344,139.0330978,121.1736788,112.3319707,126.2917307,164.6095544,152.2596107,117.0594248,172.4899194,157.6847212,120.9968355,122.2733394,147.943555,180.6919406,95.50547145,106.7706857,137.9465556,156.8947301,131.2875431,141.0031022,134.6644081,115.7979715,161.6879947,166.6705864,158.8049652,154.0816923,139.4276703,143.5512485,130.8792844
173.5906102,161.4411873,156.4048618,122.5324727,169.5257237,102.4261181,173.0872895,184.6302459,162.9299345,133.5531304,184.5710495,165.3895288,198.9815071,212.7496515,147.4646019,171.2048632,187.4872413,184.0431208,172.565002,148.7018632,193.577601,134.373889,141.7122063,169.2642159,130.9994328,0,172.1015523,184.2005385,186.7764964,163.0930798,185.5996011,147.5979938,153.8502551,181.5457039,172.9003032,192.9062461,162.9960997,200.8203568,192.0365341,163.9671532,173.9768784,159.6011751,152.5084769,186.1050802,195.2013759,193.645343,128.2867999,188.4888291,146.0710985,176.955006,185.3987188,199.0927289,151.8042112,145.2981158,125.9227594,160.9446609,186.2503293,176.1645552,147.2486186,167.3321542,146.6895261,179.9908262,164.6942701,161.8123057,176.5327826,141.3109972,173.0986328,187.1014134,138.2195788,177.5015609,194.719179,174.3552556,198.8236961,122.8647789,160.7815389,169.7964574,180.9355586,177.8446508,149.3276563,193.3355018,147.3437899,161.1052304,127.2603325,201.7029177,188.2964246,140.952573,144.5201371,155.6518261,193.118105,172.0098841,178.4506025,164.4595387,171.310595,165.0072565,190.0605984,194.3752561,221.9178812,163.5800813,155.4059737,165.9636572
140.9168947,144.353071,184.5979202,140.107431,142.2127845,141.8612255,147.8957738,144.2821945,154.7621851,135.6348482,133.1261718,144.2441288,176.1392291,148.5177922,171.9644598,146.2885381,144.5856984,163.816869,136.3718532,173.4578297,158.2651523,123.1493016,111.6747757,201.9657631,125.2970885,172.1015523,0,160.7799019,175.1640493,152.7583755,168.7645394,116.3780896,146.9334371,169.8283929,158.795909,169.5457897,129.6692531,175.6361176,144.5299596,132.4752542,172.3357711,127.6725035,136.7194895,137.7285367,148.9491362,140.3137218,137.3410565,110.9685015,139.7064605,162.639331,169.9121528,165.5384498,141.2686222,174.5056449,162.8176145,146.7535852,160.8500834,142.0071105,144.5715188,143.8606691,181.1062391,191.7314612,132.2801505,139.8868466,91.67027858,159.5172887,118.152673,188.2712703,129.8276954,166.9142939,140.1145706,142.3392109,156.632761,145.5680742,151.8454681,172.3358958,161.1643691,132.9523487,122.7529092,171.0738174,167.7568287,123.8072419,141.1284,135.7331172,152.398133,130.9272388,152.3191032,159.1358438,155.3191615,165.8452511,140.5337187,156.0360687,152.5827229,136.361053,141.4140873,111.8911657,132.8113155,137.5043284,137.9280396,141.2573463
163.0317905,181.5800152,154.0668922,169.5499766,191.9143643,176.8562127,182.1416818,189.0950993,155.8199613,183.0919115,164.7769362,186.6635514,185.7233272,181.7454094,196.8663262,165.6906509,173.7990221,176.9052668,131.9292394,201.4888318,166.7566846,172.9992715,144.0626411,214.2217304,129.1554961,184.2005385,160.7799019,0,159.2432113,163.5245876,153.9080718,164.2441543,155.4754085,161.3605307,187.5511372,177.0432269,147.873497,170.0890883,156.632246,146.3073785,155.7641869,183.9185776,190.1715818,212.287517,122.4362082,174.2474621,183.2116426,162.8956418,155.0475841,143.0493797,185.2696968,157.3199064,154.6801393,206.1031537,181.9883602,161.351071,195.0576786,158.8132805,168.5100206,170.8769599,172.5015829,195.395295,153.4921393,185.6826786,163.4613426,181.6076128,129.8307628,207.4036405,176.5143304,173.7668326,166.3312968,184.7598294,142.7811769,137.4888173,143.7609011,167.750118,200.6210762,173.0088656,151.532534,210.5061092,213.2892515,164.3024589,184.4769555,168.6296547,163.7860583,138.7458063,167.089761,167.1155848,167.5841919,169.0754285,168.2550742,181.5656031,134.1063314,191.0036343,181.0568861,169.7990379,159.491917,162.5198564,178.1898833,189.3576849
129.1222543,133.0186301,159.5555267,175.248498,144.6840685,161.5748622,177.3904135,201.1053422,136.4120226,151.5382038,136.6924919,148.6732378,184.0098445,176.6625588,191.2884155,168.5088315,152.6493235,206.6168315,153.018067,198.4625136,139.0739862,157.6530495,141.1999833,164.539126,141.3524666,186.7764964,175.1640493,159.2432113,0,166.7677558,140.1253584,137.7480023,193.2117775,176.1973066,180.6210639,169.9039264,131.401552,167.7728623,187.4360605,134.3009039,174.4954997,169.4779671,175.6717454,200.2269154,127.866086,173.6953055,187.2143015,129.0420901,194.9408714,132.83169,196.0854138,129.4937924,130.3070417,191.9433888,154.6928867,178.0941121,197.1995609,183.0776023,131.8477266,168.6568675,142.611719,171.0952793,147.1576328,189.0570309,147.4908582,155.3088529,134.7500513,194.8017018,151.3071832,190.2010114,186.4171332,171.2064708,158.8733819,149.2683286,144.1450977,135.9748135,184.8023592,155.6695438,159.160137,217.2731135,187.1202871,156.8407347,181.3996633,190.0763497,176.6560448,136.4944399,166.8189473,150.083879,181.9533709,174.2038288,114.3921384,208.7424824,145.2618994,171.1408473,183.0510361,186.2871049,168.8243563,162.5050926,125.1181883,157.0577536
149.748014,202.0312645,188.1621503,164.0577793,160.1678142,152.6303538,197.0570532,156.8442186,168.8833708,157.83089,191.7596574,178.4585604,192.6074286,190.6728905,175.9511084,180.3049789,196.7631409,166.8103023,186.1336344,168.045022,169.1107319,129.8337914,151.1338727,142.9450675,145.5637381,163.0930798,152.7583755,163.5245876,166.7677558,0,195.1076194,164.508826,182.0804418,196.7165858,167.3557646,197.8122829,155.7443882,135.1868973,164.8090724,162.7698659,192.7468155,187.3602958,142.2961776,208.1300789,179.9348127,191.5216579,132.4182809,159.3784469,177.936121,154.6289156,164.5058429,157.2206139,154.8222644,207.9788177,144.344899,175.8428981,215.3864617,166.2632973,152.2360297,155.1230423,170.8731,192.5998878,174.1531424,166.8957899,156.0592774,159.5907827,150.0404287,192.9984058,184.5125408,165.0087334,191.4250654,148.5624894,134.2375167,120.7896135,163.6630441,173.7083024,154.8893493,173.0911433,159.730013,183.3077035,162.4552663,180.3734903,163.1388111,154.0856126,180.0411224,129.3954384,160.796636,174.0842373,179.0545656,134.0896443,192.6006839,217.6491785,198.1591345,191.3825053,192.2679985,147.2024205,191.2956785,168.0869065,150.3798498,174.7325374
120.489195,175.5158782,171.1607928,184.7274387,157.1603686,176.089347,168.0752031,212.5932449,123.3068828,152.377314,140.6103441,158.0076095,157.400809,184.5860168,161.4521696,155.5140838,194.4513302,200.6679828,127.5984109,181.9723425,168.7137055,158.3104562,159.0652418,188.9470948,158.1244971,185.5996011,168.7645394,153.9080718,140.1253584,195.1076194,0,126.0976514,180.2722493,169.5127647,177.0637555,183.9811336,178.4362865,174.709233,185.1065576,178.1167318,159.7019573,159.4699123,165.7194931,207.9657842,143.6872085,200.4050302,172.7596966,166.2872576,167.6950646,111.568306,228.2608672,164.3486736,133.106524,166.9536792,174.6331261,177.7000639,170.3608036,170.2162359,156.6780273,184.1582608,168.4405516,166.2771277,150.1727565,161.2203633,161.5976251,171.7875758,134.7654957,178.3715263,118.7128844,172.2093992,184.676508,180.7001687,185.1285051,156.3567994,156.0334423,172.3901715,180.3842777,156.5776209,145.304595,233.0210718,174.5287379,168.6372693,170.989351,191.793874,167.4273461,140.9128926,161.4501244,152.5283433,197.8826553,189.6524481,133.4582444,196.2117354,168.1270659,163.362537,168.6200582,163.3853103,167.675343,168.4720245,165.1572139,162.4934287
120.5727562,131.1650241,182.1565681,140.4041916,136.0482336,124.5633921,136.7761891,173.1352426,150.4003445,117.5822285,108.1890091,107.9012595,152.2234329,163.2570521,172.9618292,126.9638992,143.2357139,166.2222448,122.5522738,153.3255968,131.9259935,124.0482127,136.3385017,170.3847102,124.6087854,147.5979938,116.3780896,164.2441543,137.7480023,164.508826,126.0976514,0,164.1064293,156.3967225,152.7833296,156.5455494,143.087918,180.2669768,159.7185183,118.6870153,153.7852677,117.0415857,124.0421399,155.8750689,124.5317234,157.8620407,145.3397515,116.4065272,126.7523678,138.5859534,181.8515637,161.9298162,143.0084466,149.3836396,138.9321545,140.9497648,156.4544468,172.0851186,126.9718755,161.9731607,118.2634101,180.2755135,147.5586349,157.7122461,127.8674508,165.2581362,134.6923592,165.541026,67.22603898,163.8744961,172.9381759,137.2427644,145.0455289,145.3396568,106.5005993,171.2286809,152.7282403,127.084448,136.1379867,176.0659078,154.8498207,128.655723,111.4024377,151.6895476,151.2982862,129.1697135,152.9241459,112.8394189,148.648996,166.1667838,127.5203913,158.8164268,155.9592625,126.509489,134.909185,131.7018573,150.4327211,130.6301525,127.2214281,110.1057637
183.8138861,161.0989155,176.4851845,136.9470978,150.0931664,128.1865136,122.2617618,187.7730161,160.7852431,176.7985437,167.4896373,185.0894316,168.724676,178.5461299,143.5231166,191.7657695,169.703198,186.6429532,171.6778014,159.3808499,190.8890316,155.0043175,131.9192646,202.7325981,131.6571882,153.8502551,146.9334371,155.4754085,193.2117775,182.0804418,180.2722493,164.1064293,0,136.713697,144.7658321,173.4090906,164.7056985,160.9663187,173.2814601,156.2259834,186.3442916,140.5627464,157.2375988,149.2414019,153.9657472,174.3766403,142.844449,148.9347383,152.9642258,159.3316134,191.5633943,195.6405436,171.7291927,187.3383679,150.0489761,159.0366872,201.0995454,178.2101836,138.525397,123.5535683,169.0181791,204.7004411,138.6778156,132.7415107,136.0169796,187.0023968,151.6631961,195.8617877,158.0238379,160.089023,152.4194427,180.9635079,159.96232,114.1492219,153.8678636,156.5539051,206.6035467,158.4483185,168.3445039,167.7382823,180.0400131,139.1352158,159.7643497,192.7248919,179.8143296,154.1204444,161.1942244,197.2594508,169.2192557,178.9202848,171.2915122,108.2563738,153.1541758,179.5924993,213.301419,175.2418244,170.7766092,155.7860462,171.4496837,183.6912052
