0,9.004428528,9.478527067,9.590401097,10.07328199,9.057845682,9.642167695,8.161029916,7.339630379,8.647720935,9.379506861,7.636998479,8.022595495,7.546376157,8.128319031,7.937862592,7.09487404,8.429797997,7.65732391,8.028349803,9.122416974,8.826818776,8.84127836,8.763961198,7.466375949,8.665109399,7.715008685,5.330224,9.744321778,8.99710406,8.85501825,6.908049776,6.960000998,9.733316298,9.455020945,6.705966426,8.406729046,8.496106734,8.272910075,6.424735534,8.276334062,9.525895635,8.758404439,8.237393883,7.88296174,8.846029015,6.526583666,9.209367679,8.124225992,8.822745029,8.105949515,7.919557361,6.599350491,8.338809289,9.160099386,9.859451251,8.553308805,8.490950307,10.21604551,7.15860847,10.08434263,8.80132282,7.898396854,6.752030821,9.688360037,8.331260167,8.512681588,9.134009402,9.446464273,8.775999095,9.762880514,11.57549126,9.206557563,6.519043612,7.70573325,7.33022238,8.972916552,8.78060326,7.639395522,10.98005011,6.735414059,9.844377975,10.86702281,5.97146335,7.200255495,9.314009141,9.197014848,9.225236651,7.716056817,8.258988947,8.156670236,7.548730035,8.060093484,8.322767558,7.706791494,8.679267778,9.251635724,9.84905228,6.553841672,7.384367903
9.004428528,0,8.257773237,8.510851153,9.889666825,9.369052013,9.322778818,8.327167772,9.002511743,8.094896278,9.403937046,8.027473993,5.861406092,8.006963706,8.987172835,8.308165222,10.14223133,8.642566659,9.15745762,9.147631314,8.621573712,8.873350267,7.620588655,8.1389843,10.5103433,7.012889563,8.945474292,7.200958579,7.988870984,10.06085036,9.650718744,9.784136196,6.358477349,8.639835637,8.873689254,9.18547369,7.357557076,7.696235492,9.594080382,7.175125667,10.25531454,10.04056222,8.356324336,8.851333647,8.101252739,8.955332637,11.76797501,8.543935284,8.386535045,10.7540692,7.802610844,7.919840295,7.514917984,10.28682383,9.190979722,10.1359752,8.088717774,8.309326603,9.220930612,8.711455689,7.547196605,9.933196477,8.221959641,8.021509674,9.062433063,10.59216801,8.11584458,8.163410207,9.759498704,7.98573721,11.01563133,9.387189793,7.262872035,6.926421233,6.726053336,10.46391467,8.91079369,7.642220313,7.983463634,9.991735692,7.9161338,9.661795595,9.212634202,8.27970315,9.659163756,7.778039111,8.153496711,7.399079915,8.941143607,9.03145431,8.529805115,7.820264785,6.585571565,10.57651057,8.782263924,7.250803476,8.874476289,8.319954917,7.606550128,8.715046696
9.478527067,8.257773237,0,7.012826563,8.108535849,7.510156506,8.086291612,6.785381975,6.602913052,9.223330272,7.566664367,6.349747471,7.878103574,6.149937301,6.490540627,6.514018752,7.14538425,6.011063904,7.191391284,6.576147114,5.946939992,6.376923465,5.72576808,6.644226671,8.812604913,5.700949882,7.804208473,7.215893032,9.136503638,9.166519457,6.723937203,8.669048267,5.308380101,6.766802919,7.028117701,6.452023792,6.680419289,7.200237053,5.998123754,7.177150775,7.528550051,8.226569439,7.334915088,7.054196092,7.061553737,8.141948985,8.935020068,6.592803124,6.785195775,9.382233036,7.126686842,6.738888887,7.052240945,6.296849485,6.766103285,8.34054901,7.850889798,7.524430006,7.758135222,6.71070542,6.675427512,5.141254952,9.102851034,6.603153327,6.826862837,6.995732817,7.580413791,7.822404876,8.575369123,6.012087401,7.209083273,9.245345713,8.542578715,7.142499082,7.552957641,8.061201231,5.41688867,7.473324719,5.987839826,6.386619112,6.718148688,6.559831624,8.300394262,7.59377964,7.64036372,5.794647298,7.508722935,7.087077854,7.930896563,5.299029708,6.360084094,6.910345928,5.580573807,8.488164797,6.605669245,7.419099328,7.10778466,5.69922162,6.977872289,6.528519722
9.590401097,8.510851153,7.012826563,0,6.064682759,8.581503853,8.953532404,7.713916975,7.243183131,6.171218996,8.728935861,6.391514128,9.037436573,6.103938535,8.473270454,8.916415442,7.887974492,6.606938854,8.270066449,7.933234575,7.212811779,6.856671878,6.245781047,6.418863773,9.016391258,6.824699561,6.465755818,6.904096996,8.876246639,9.39860828,8.134948114,7.781226656,7.256935185,8.697043914,7.391947179,7.872383555,6.723013535,7.979545284,6.362062678,7.242848988,8.085752263,8.007009089,7.189964381,6.36852382,7.936842495,7.803399706,8.588511395,9.041729664,8.250414905,10.75626505,7.172828241,5.666104942,6.661074872,8.597657822,7.688906025,9.896010642,7.14552041,6.870583079,8.897311593,6.163358434,7.020921578,9.136990486,8.115058292,6.485756666,7.349796992,7.670258488,6.033893079,7.710570305,8.372870362,7.392812885,7.62528775,8.865049135,8.000794294,7.005335141,5.614133857,8.76931783,7.326203055,7.9107821,7.673544918,7.352881173,8.157527052,7.424357827,8.094562408,7.137289256,8.317298207,6.174940682,8.385746461,7.574902971,10.47361652,8.353194881,8.462046731,7.327360278,6.857123513,7.141936625,9.041979272,5.39493738,7.216068711,6.747744442,8.184124036,6.049756823
10.07328199,9.889666825,8.108535849,6.064682759,0,8.294693514,9.81862797,6.688307606,8.584458168,9.283575481,9.436703299,6.902586814,8.641446502,7.6874697,8.620292833,9.428312453,8.887761997,7.367768415,8.986616456,9.288377794,6.733168369,8.2599805,7.01970036,7.702763497,11.61994319,7.447002888,7.507203861,6.660180687,9.446818322,9.285709827,9.444854356,8.089430029,7.708340782,8.638818703,6.32681757,7.540448993,8.360108279,9.220436478,8.312930919,7.061639092,9.058829952,8.38572577,7.784894428,7.384171104,9.566539541,9.315662659,8.965766219,9.353097499,7.126281682,11.07353263,8.337162438,6.010394407,5.811097691,9.061120647,8.16103059,9.767193298,7.849414051,9.045268294,9.648833084,7.94375139,8.245058509,9.185072579,9.945006156,8.749531354,7.692163261,7.411816835,7.238619386,9.116692963,9.469398823,7.666015414,6.884545336,9.873349616,9.922738821,8.659496306,6.654480103,7.676061019,8.031165422,7.714594728,8.557568109,6.260410913,9.246277367,6.742440298,9.920176195,6.947216056,8.486804397,7.365937978,9.711604285,7.971110542,11.19935967,8.661392412,7.130083704,7.602906739,7.962180163,9.089463652,8.207282972,7.68360378,9.226361577,7.371066881,8.258043618,7.721841787
9.057845682,9.369052013,7.510156506,8.581503853,8.294693514,0,8.519972732,6.681216347,5.813072515,10.20951687,9.559424864,6.427008305,7.659623965,6.364533002,7.067588713,8.487062589,7.005735397,7.813353686,7.207472866,7.32189502,5.375321786,6.4628115,7.349988453,6.878831784,10.00106809,8.634260673,8.384533963,6.300267699,9.985684746,7.338146357,7.296846396,8.416906022,7.85309099,8.485187529,7.704959927,7.73861647,6.985745633,8.317398174,8.955755162,7.06199991,8.87817518,8.564440992,8.530644079,7.49238894,9.301704507,9.539055056,9.023489716,7.467731229,8.152860531,8.299348246,6.699534969,8.035318486,6.399598317,7.365911555,8.428439726,8.713887622,5.952294172,9.013758208,7.616137012,6.583820921,7.880044657,6.865876956,9.885469051,8.86194729,6.956167929,9.144339566,7.550111837,8.892345058,9.059470212,7.299210707,7.28220507,9.377221217,9.354279661,8.053587879,7.773086322,7.334053206,6.986734378,8.530798019,6.524476617,7.36119488,7.797500676,7.548387743,9.516750487,7.351138638,7.20296379,6.616689996,7.380892216,7.858179367,10.01475275,8.0037964,6.783750761,6.175728295,7.274151001,8.694644935,7.760847761,8.319042971,7.282253405,7.332271957,8.459765849,7.199956181
9.642167695,9.322778818,8.086291612,8.953532404,9.81862797,8.519972732,0,8.903232753,6.341800342,9.929902381,10.15662758,8.832317851,8.710631786,7.669975093,9.247471363,8.929873255,8.078981341,8.0710559,9.075342054,9.230969907,7.479835278,7.954983687,9.321344802,8.33644745,11.10166147,9.145441881,8.772229843,8.976464789,11.24196671,11.39016399,9.671467596,7.645725495,8.354178065,9.864431728,9.752339503,8.874941203,9.640444635,8.341033986,6.753271076,7.149172732,8.259654786,10.14126655,9.55337034,8.238889884,10.34404411,9.399669988,9.052998227,9.513486452,7.04666839,9.139770774,7.164845136,8.894659107,8.21686729,8.289885468,8.262513359,11.64077769,8.469749591,9.283486515,8.974649044,7.756312118,8.577096128,8.537711747,10.76607539,8.189044985,8.034065694,8.718906413,10.18605316,6.957571582,9.355779882,9.144446755,8.853614829,12.16995741,7.314925195,9.340869397,8.293082641,8.194172262,9.208029902,8.841010437,5.581648744,9.242796272,6.769565585,9.545609108,9.961829747,8.393277276,10.63411302,7.675536548,9.473411668,8.629428403,10.81912747,9.270191696,8.822615289,8.086979935,7.194904818,9.47924218,8.197317201,8.599187583,5.86721211,9.698359981,8.266075867,7.899359668
8.161029916,8.327167772,6.785381975,7.713916975,6.688307606,6.681216347,8.903232753,0,7.164922457,8.819367491,7.825334391,6.148785283,5.888072894,6.246215244,8.483863448,5.657126762,6.948498231,7.142661325,7.624154591,7.163189081,5.670101709,7.879620758,6.46943617,6.997891294,10.25920955,5.708440962,7.848727097,5.200193201,7.467740682,8.263210317,8.161261798,7.072144052,6.070924265,7.358650069,7.283807717,6.722000276,6.13256914,7.598734805,7.681363224,5.446456937,6.685646481,7.304540802,7.45027198,6.754176539,7.408320488,8.200100055,8.784928487,7.346841905,6.785290433,7.749685134,6.112026676,6.030264117,4.190871233,8.110510664,6.555360101,8.515351167,8.206996835,9.020544622,6.665413914,6.931128745,7.594639858,7.420391615,8.959546484,6.791648048,7.139779455,7.484209286,6.750216741,8.910205244,7.115181938,6.62819943,7.877644346,8.746897013,8.303717666,7.292007902,6.08918489,6.959870502,7.176587399,7.942053543,5.950757461,6.383567329,6.242009397,5.685324721,10.13679315,6.410415325,6.731698785,7.480101441,7.284324543,8.190666456,8.911454571,5.947864397,6.395776294,5.762750035,5.628444932,9.161917423,6.416071258,7.177743234,8.375706625,6.243030252,5.960714403,6.746480255
7.339630379,9.002511743,6.602913052,7.243183131,8.584458168,5.813072515,6.341800342,7.164922457,0,8.595909663,7.591036535,5.405547564,8.196080916,6.144412834,6.890592679,6.999434653,4.395634643,5.321158618,5.924650515,5.536206599,5.077580248,5.854912584,6.753110594,5.607130252,7.401611565,7.900164466,6.369124298,6.583881568,10.62697075,7.392533778,6.593989457,6.353414006,7.364242736,8.324376355,6.9427043,6.447873422,7.016385052,7.200549619,6.801013289,5.967215458,8.145574597,8.878299923,8.349985423,6.248923544,7.311938731,7.754373724,6.025728228,7.30515063,7.801191455,7.971223764,5.336248135,7.235116131,6.331262571,6.849497995,6.557929583,8.075068656,5.819037617,7.416054567,8.372626859,5.436334406,6.635876179,6.091438683,8.915749204,6.390340078,6.699707411,6.724368104,7.969187267,6.416820623,7.108117183,7.290213432,7.523329066,10.60859214,7.222786455,7.078383783,7.24786048,7.538489266,7.854729834,7.019682988,4.474786297,7.191906708,6.115920746,8.490614284,9.484218614,6.443515401,7.56475028,6.264138783,8.201258742,7.054040055,8.252158698,7.831704643,6.537543147,5.627477337,5.15695024,7.074214993,5.828917339,6.90005891,4.750799567,7.948532077,7.41863437,5.025085307
8.647720935,8.094896278,9.223330272,6.171218996,9.283575481,10.20951687,9.929902381,8.819367491,8.595909663,0,9.184978205,7.567993321,8.772441464,8.115611432,8.989216732,9.810143161,8.468957026,9.935026046,10.9262478,10.30201372,8.570312196,8.189861845,7.789809673,8.601872358,9.307863712,7.326742755,6.659703294,7.928384683,9.156998355,10.61830791,10.95752236,8.649376116,9.029449293,11.21122212,9.806156929,8.980655402,7.095170753,8.03255872,8.687771261,7.362550934,8.043558659,9.035221996,8.495093554,7.764111807,8.38513878,10.10141706,10.17325091,9.472740819,8.702532681,11.27322456,8.562427214,6.802735209,7.977333321,9.687101707,8.622635608,11.5514608,9.168102762,6.51022132,9.86266048,7.571425279,8.568553333,11.06873715,6.424037752,7.438550569,7.739929318,9.834916552,6.553252601,7.694795645,8.019197227,8.949541596,10.19654639,11.13674625,7.686009034,8.1873388,6.226827705,10.2576579,8.272319414,8.598221504,8.06305793,10.08358308,8.240815547,9.729385623,10.87524015,7.66192225,8.604606047,8.172349943,7.644539565,8.293848473,9.907214626,9.269495095,9.570335502,7.93850191,8.19580003,8.125720295,9.905377136,6.357777728,7.466898726,10.13612596,8.266973391,7.588474364
9.379506861,9.403937046,7.566664367,8.728935861,9.436703299,9.559424864,10.15662758,7.825334391,7.591036535,9.184978205,0,8.746967968,8.629641796,8.823602086,9.100080745,8.248948648,8.36207075,8.192442744,8.760844959,6.931814573,8.323309248,8.009822794,7.257298366,7.660635071,10.69734663,7.362023219,6.902007337,8.101246133,11.10305914,9.95650124,9.966434997,9.083539252,7.725470184,9.404913454,8.241477413,7.422881658,9.198029836,10.15246431,8.682923949,7.832654513,9.953070695,10.50852723,8.346023728,7.797262271,8.864723356,8.943694222,10.4593171,9.187282505,9.380462431,12.14638033,8.475664101,8.155399778,7.072185799,7.995502666,8.512131602,10.61010726,9.04296564,8.748867095,10.26200444,8.109891494,7.196589024,9.224372264,11.10408506,8.146318142,9.366493514,9.29302711,9.305127702,7.113781089,6.775805658,8.21436544,9.725118397,10.9609468,7.17728536,8.277577789,7.768685025,8.922366009,7.332783838,6.969441589,7.586698878,9.528279529,6.506040667,9.120158838,10.52636195,9.11369314,8.789081675,8.912068877,9.482070782,9.181354077,8.770211596,9.352803433,7.741100075,8.285666434,6.614687903,9.586137886,7.559777572,9.820649429,8.628217518,9.333740584,7.097745238,8.210626791
7.636998479,8.027473993,6.349747471,6.391514128,6.902586814,6.427008305,8.832317851,6.148785283,5.405547564,7.567993321,8.746967968,0,7.634578485,5.30393413,6.733982936,6.995122873,5.935610852,5.208218219,7.107587629,7.133171034,4.901426991,5.347171233,5.874305598,6.682749499,7.932532973,6.746245735,7.17560427,5.665252891,7.762305125,6.473909382,6.999490445,5.980697945,6.280495241,7.866671288,5.904497063,5.953282587,5.448605868,6.342447807,7.849198386,5.917526851,8.323809528,7.793562561,7.807618205,5.192761257,4.645985201,7.971339538,7.722340719,5.158377264,6.449451464,7.564754718,6.552895541,6.022557069,5.006316261,8.044708845,5.923711735,7.806528313,6.206268324,7.256718962,8.589315117,6.630513208,7.558488993,6.916255998,6.167155189,5.896358471,5.971037446,6.703758583,5.461828634,7.612148579,7.314464999,5.475116398,7.771141615,8.513801212,7.830971518,6.311455676,5.753817882,8.07927952,7.830365504,6.835378103,5.288987715,5.784553848,7.092042453,7.315008445,9.806737653,4.877503952,6.581823531,5.451189139,7.29036591,7.329434192,7.286124163,6.516266825,6.081802383,5.641417694,5.731611587,6.615348893,6.993814896,5.730226524,6.724185899,5.831232851,7.799072744,4.516380463
8.022595495,5.861406092,7.878103574,9.037436573,8.641446502,7.659623965,8.710631786,5.888072894,8.196080916,8.772441464,8.629641796,7.634578485,0,7.649481188,7.640182953,6.941832993,8.390978266,8.703668926,8.225059317,9.055059659,7.816778968,8.3257523,7.098110757,8.133211418,9.831002954,7.445866514,8.210820374,6.185313324,7.598758784,10.24735797,9.256156896,8.570748151,6.874084441,6.673275217,8.401421314,8.376505494,6.167601204,7.309832778,8.213737877,6.033495055,8.119842901,7.799979358,8.004059368,8.053077032,8.441630337,10.25393784,10.04174474,8.090471942,6.8163089,9.657635522,7.498241696,8.268248131,5.943392761,8.486387715,7.967978137,9.823000179,8.580486647,8.488699124,7.283646674,8.39931977,6.598517256,8.026179848,9.708199948,7.41784795,7.529644081,9.061107395,6.880814639,9.022349916,8.743544855,8.011039722,9.23771192,9.042962004,8.498460157,7.222374343,7.274483267,7.621165279,8.232850218,7.289359154,7.169022604,8.673175216,6.481063218,8.211082531,10.94544084,7.772508708,9.085361424,8.515384627,7.14406268,8.09075199,8.065575305,8.232131196,5.863094126,6.305535635,7.380860479,9.658612465,7.305933327,8.028002932,7.991082459,7.685233991,5.284167466,7.782164428
7.546376157,8.006963706,6.149937301,6.103938535,7.6874697,6.364533002,7.669975093,6.246215244,6.144412834,8.115611432,8.823602086,5.30393413,7.649481188,0,6.037264953,5.921973242,6.633377932,5.534449999,6.262854448,6.095267211,5.926350851,6.132384508,5.179343321,6.831948345,8.189076846,6.306590225,7.720723565,5.541635007,7.683183691,6.708876286,5.984573069,5.912386665,4.940882613,7.24377376,7.100593699,6.838458175,6.142982763,6.489220672,6.131378627,5.232812432,7.931919919,8.4568145,6.534808376,5.505977756,6.733890571,6.379120899,7.714214885,6.46149672,6.890502012,7.263083256,6.729433299,5.719849607,5.50038505,7.01489236,6.237365706,7.759009833,6.937945434,7.619140142,7.637526822,6.283750375,7.232959674,6.790337452,7.08101517,5.684977527,6.550889241,7.136672404,6.918439396,8.304637298,7.675673011,6.155264383,6.600310759,8.336538743,7.028269291,5.302691266,5.127553852,7.011749181,6.899638585,6.763499265,6.181375419,8.194179788,6.041355627,7.547313816,8.425115648,4.663181034,7.117553351,6.61750716,8.283315343,7.981052399,7.656837206,5.893300414,6.732777419,4.756140404,5.959914005,6.906006997,7.784062126,5.31125581,6.335643647,5.170733816,7.46360076,4.184580402
8.128319031,8.987172835,6.490540627,8.473270454,8.620292833,7.067588713,9.247471363,8.483863448,6.890592679,8.989216732,9.100080745,6.733982936,7.640182953,6.037264953,0,7.865048572,6.455361819,7.577483904,7.286424096,8.172756988,6.656422828,6.842662009,5.990014553,7.752623041,7.57274313,7.450638273,8.440767836,7.242902753,9.957122168,7.458984675,7.594622826,8.595249973,7.310544868,7.201230707,7.74253407,7.788071067,6.922489617,7.153067817,7.422673951,5.994139654,9.321644148,9.436458356,8.176367465,7.678804841,8.610938748,9.378241677,7.940705092,7.617432375,7.745417996,9.477540859,8.323731804,7.430303399,7.598420018,6.012037569,7.244516442,7.23600128,8.090389106,6.852637894,9.034305491,7.910100072,7.515622168,6.198092346,8.330280843,8.082228625,6.485156659,7.211819179,7.454637851,9.02178244,8.834449556,7.488250558,7.143852982,11.21541613,9.381651378,7.202963653,8.414379294,8.220645899,6.760465845,6.467075622,7.860662145,8.924051113,7.770000556,9.611968398,10.67540259,7.062729606,8.706840418,8.030506093,9.105210041,6.929844026,6.752089353,7.124189992,5.536544471,5.017595232,7.682745171,7.545732856,7.030234418,7.197099812,6.51989025,8.136524603,7.56659194,6.295054063
7.937862592,8.308165222,6.514018752,8.916415442,9.428312453,8.487062589,8.929873255,5.657126762,6.999434653,9.810143161,8.248948648,6.995122873,6.941832993,5.921973242,7.865048572,0,7.207478092,6.613178663,7.632263585,6.066795814,7.152058494,9.152681635,5.514106055,7.191014954,8.75394393,6.322254083,8.238202293,6.440636758,8.616803672,7.884365303,6.551662386,6.922910563,5.658662005,6.522782578,7.072279412,7.758560896,7.455090755,7.095614626,8.061948728,5.71509027,8.249000443,8.954281287,6.737798897,6.842290027,7.13248145,8.567158213,8.351311987,6.759567672,7.763271524,8.284457543,8.229956899,7.005345485,6.515692547,8.925184538,5.725269049,7.066470778,9.262312579,8.794220716,8.559144723,8.020400282,7.051250093,5.875691974,9.266389004,6.241358476,8.147049374,7.072334015,8.410481005,9.556925451,7.607756847,8.336734821,8.384731985,9.986440025,8.046999849,6.810781104,7.186104049,7.655784526,8.563539539,6.837519179,6.998755247,8.628426409,6.412285576,7.836683418,9.338948726,6.664634713,8.442143042,8.264157664,9.091981629,8.852256198,6.527393484,6.16039052,6.209941913,5.835668918,5.980148317,9.815872556,6.997375434,6.879289062,8.245591884,6.836685023,6.584248145,5.965535424
7.09487404,10.14223133,7.14538425,7.887974492,8.887761997,7.005735397,8.078981341,6.948498231,4.395634643,8.468957026,8.36207075,5.935610852,8.390978266,6.633377932,6.455361819,7.207478092,0,6.585412436,6.813611085,6.934405967,5.742924282,6.356004803,7.001398929,7.177517756,6.472924761,7.474070904,7.800240992,6.898051356,10.07274048,7.437069192,7.044770692,7.103126095,7.604834287,7.992531093,8.663521806,6.915284549,6.662704785,7.30468211,6.868744111,5.299685731,7.25144873,8.310535786,8.37747545,6.169797533,7.367080927,7.96540731,5.456024778,7.717909316,8.022472813,7.123625527,6.702985617,6.605321898,6.237771559,5.459643269,6.286050697,7.36962239,8.360647087,7.312106168,8.375063777,6.343345874,8.387015092,6.088301749,8.1139159,7.191562464,7.361329208,4.688040829,7.528958506,8.463546823,6.948910772,7.915712519,8.41841509,11.04668941,8.568497883,8.236621416,8.021460924,7.582816501,7.649032616,8.329584124,5.53668172,7.75170769,6.756851417,8.362754449,10.74693079,7.106973972,8.432219248,7.599695094,8.449439017,8.458732318,7.609884423,7.541954683,7.151432993,5.833733519,6.390919446,6.991941676,6.63169663,7.02741329,6.151103473,8.465711686,6.711097816,5.567836079
8.429797997,8.642566659,6.011063904,6.606938854,7.367768415,7.813353686,8.0710559,7.142661325,5.321158618,9.935026046,8.192442744,5.208218219,8.703668926,5.534449999,7.577483904,6.613178663,6.585412436,0,4.923759403,4.929204362,6.075571869,5.969298787,6.575073367,6.597908906,8.6204898,7.389137911,7.927913522,6.127863549,9.089712015,6.888786637,5.995324478,6.821154449,5.652683304,6.960362815,6.149752106,6.835916094,7.585206896,6.751735081,6.528379995,6.656867699,9.711613108,8.67994262,8.016525461,6.225638714,6.077906597,6.430418406,6.970535462,6.655275749,7.045799186,8.4740046,6.956118069,6.519432398,5.665426116,8.211147399,6.518008004,7.688784895,6.223646327,7.69029378,9.234387169,7.266774921,7.538378959,6.193617868,9.011919481,6.542979039,7.396637263,5.592727245,8.315417847,7.523635543,8.519709701,7.148076787,7.823966319,9.170921897,7.565020177,5.59934298,7.222120431,7.972260212,8.44401768,6.772183352,6.326051363,6.440334638,7.150700122,7.672811998,8.406486681,6.4402445,8.778683788,6.133724898,9.297170885,7.284483661,8.270597904,7.591888286,6.401725849,6.307526042,4.521058069,7.45209388,5.756603198,6.26875145,7.527767184,5.857121281,7.543308481,4.991821239
7.65732391,9.15745762,7.191391284,8.270066449,8.986616456,7.207472866,9.075342054,7.624154591,5.924650515,10.9262478,8.760844959,7.107587629,8.225059317,6.262854448,7.286424096,7.632263585,6.813611085,4.923759403,0,5.857896791,7.851367917,6.579466899,7.434187675,7.525386815,7.543901789,8.575124657,8.770964117,6.373755189,9.979100315,7.533664095,6.794124301,8.516843361,6.797826674,6.487090856,7.871630231,8.224489535,7.560124743,7.274364076,7.054011775,7.627608091,10.0928485,8.298340479,8.618302604,8.20434665,6.967002323,6.556618396,7.446937129,7.81190664,8.853000334,8.611463233,6.849584513,8.032944043,6.842039015,7.165034708,8.977203814,7.511196716,6.611847116,8.655497725,7.558113183,7.954501635,7.492989895,5.931982388,9.934216692,7.608161567,8.017241042,7.38110686,9.224811093,8.74441306,9.777394658,7.838347156,7.526294965,9.197577571,9.164882875,5.70323523,8.770447284,7.243008771,8.751563166,8.164932638,7.186444872,8.683661878,6.585016004,8.416055372,10.17396319,7.565413245,8.263024641,8.578710306,9.504894806,8.425312542,8.512535472,7.722002922,6.800110936,6.483931717,6.37301964,6.934564892,6.553852848,8.158974199,7.748522057,7.071063596,7.640070352,6.695591942
8.028349803,9.147631314,6.576147114,7.933234575,9.288377794,7.32189502,9.230969907,7.163189081,5.536206599,10.30201372,6.931814573,7.133171034,9.055059659,6.095267211,8.172756988,6.066795814,6.934405967,4.929204362,5.857896791,0,6.454159205,7.209987885,6.551580277,5.922346626,8.835110544,8.060368983,7.523937634,5.848145871,9.92951963,7.250587791,4.854455262,7.648141391,5.79808943,8.115150171,7.355451666,6.814330847,8.419759783,8.789106101,7.736351212,7.188973796,9.962874591,9.619874902,7.187298361,6.909219433,7.837141511,7.440619466,7.474990881,7.421979163,8.588801728,9.820613464,7.486455544,7.439164969,6.100545457,8.003587206,8.056783187,8.207069931,6.472579323,8.082425801,9.085450303,5.83742286,7.782089133,7.05462327,10.39795243,7.508242589,8.943364544,7.395795244,9.388073007,8.849004707,8.995574504,8.201779282,8.945003883,10.1575135,8.39928363,5.919291156,7.407214802,8.498459127,7.665681328,8.117743268,7.528170136,8.723399134,7.321266895,8.187487811,8.008426096,7.54633071,8.118146295,7.352861893,8.947678307,8.358845147,9.021873618,7.958055013,7.725985357,7.073563206,5.261456891,8.775640287,6.652121721,7.854572192,8.256703755,6.480811352,7.867883093,6.288321832
9.122416974,8.621573712,5.946939992,7.212811779,6.733168369,5.375321786,7.479835278,5.670101709,5.077580248,8.570312196,8.323309248,4.901426991,7.816778968,5.926350851,6.656422828,7.152058494,5.742924282,6.075571869,7.851367917,6.454159205,0,5.814050328,5.698186345,6.281548322,9.762061884,6.853947464,7.109477734,6.32305315,9.000336564,7.082592878,6.680812399,7.376656232,6.78136196,8.483102255,6.682021096,6.289182597,6.560928697,7.375758902,7.922471454,5.458415516,8.360478167,8.544992876,7.462522882,5.853348606,7.854929653,8.340983755,7.90213807,6.032229076,6.244555581,8.189120103,6.321588853,5.845586607,5.359652816,7.014657508,6.359054647,7.800404926,6.273160558,7.694484816,7.703712204,5.728313946,7.198640617,6.978863668,8.621240083,8.108124739,5.819553938,6.576368292,7.746489121,7.953537087,7.977636898,6.665911546,8.018029737,10.00214545,8.111659677,8.006712601,6.178046408,8.511796511,6.78283398,7.419763173,5.650645296,5.653508314,7.749465361,7.109856622,9.613537476,6.276647096,7.681434519,5.446074642,7.488225294,6.724446477,9.214146648,7.302510897,6.545996078,5.473182094,5.268403532,8.527517354,6.112793699,6.366862312,6.02795952,6.502433657,7.850526175,5.834323596
8.826818776,8.873350267,6.376923465,6.856671878,8.2599805,6.4628115,7.954983687,7.879620758,5.854912584,8.189861845,8.009822794,5.347171233,8.3257523,6.132384508,6.842662009,9.152681635,6.356004803,5.969298787,6.579466899,7.209987885,5.814050328,0,7.161968175,7.578015434,8.926520884,8.235976556,7.478357608,6.732775749,8.728774023,8.370835327,8.055566145,7.971405323,7.266283018,8.659994501,8.199597162,7.509629327,6.98920858,6.780889558,7.019928492,7.410750809,9.3475089,7.24853306,8.07720455,6.216899788,6.711200888,8.363268592,8.833147899,5.679205157,6.332022463,9.275971933,7.321625697,7.23817887,5.885764597,6.250579903,8.308552142,10.05447651,5.560669448,6.335983629,7.622353998,6.871343147,7.768951608,7.44381237,8.510277302,7.990645988,5.587076684,7.641175715,7.654432795,6.596784594,8.820739293,7.00326268,8.069304424,8.97426941,7.671955514,6.542782663,7.209231955,7.937158739,6.853513489,8.07950467,5.712090132,7.339147263,6.594732386,7.493075127,9.924258182,7.384822904,8.23179422,6.107301774,6.550222171,7.718835362,9.132035303,8.052653231,7.142528151,6.882472839,6.205841816,5.159827751,7.342311403,7.511353898,5.689808851,6.960403945,7.953450585,6.068523672
8.84127836,7.620588655,5.72576808,6.245781047,7.01970036,7.349988453,9.321344802,6.46943617,6.753110594,7.789809673,7.257298366,5.874305598,7.098110757,5.179343321,5.990014553,5.514106055,7.001398929,6.575073367,7.434187675,6.551580277,5.698186345,7.161968175,0,6.564224921,8.33801674,5.386056209,6.16378036,6.11697128,8.587657945,7.023257083,6.525728103,7.939477236,5.788811839,6.72274952,5.791492289,7.426143924,6.052724864,6.996425071,8.132532351,5.656668627,8.76951413,8.0870221,4.469548667,5.729246012,6.925181833,7.839020597,8.78356805,5.997466663,7.642447059,9.849551548,8.275809473,4.998390458,6.062822443,7.208156973,6.40936864,6.378313882,7.706064509,7.136082255,7.861077119,7.154172036,4.586892557,6.450122713,8.152479048,7.244464321,6.579156569,6.958028639,7.187322398,8.576182545,7.653513617,7.279379763,6.874960564,8.283311359,7.803851233,6.886372672,5.370693161,7.586084886,6.875738626,5.375520188,7.294905815,7.876561887,7.221028942,6.93986023,8.844480549,5.967522245,7.437624724,7.094060743,8.265677262,7.958088617,7.296565868,6.980652312,5.730990163,5.389445193,6.408983656,8.269521592,7.873859432,5.733071118,6.558225372,5.89553217,7.313761078,5.528740568
8.763961198,8.1389843,6.644226671,6.418863773,7.702763497,6.878831784,8.33644745,6.997891294,5.607130252,8.601872358,7.660635071,6.682749499,8.133211418,6.831948345,7.752623041,7.191014954,7.177517756,6.597908906,7.525386815,5.922346626,6.281548322,7.578015434,6.564224921,0,8.868588822,7.551227848,7.05519626,6.603578974,9.059204259,8.288665298,6.404065727,6.478310967,6.920561114,6.798456251,5.628406123,7.69572207,8.482596483,8.69608103,7.585437242,5.992763317,9.064337568,8.597578376,6.659419271,6.076981483,9.034045019,8.762232793,8.534813871,8.538359422,8.535976233,10.72451221,5.759344632,7.102994737,6.199179853,8.385953968,8.125541349,8.543247284,5.528134928,7.322345754,8.073723968,4.931389371,6.572650841,7.796325857,9.620040902,7.153309671,7.63889581,7.528262281,6.936020578,7.662411653,8.147563712,6.954314244,7.872692465,11.33861932,8.272542464,6.874229604,6.839523543,8.628196619,6.683106686,7.785646224,7.249515202,7.557800878,6.870462205,7.697123431,7.544282717,8.308928602,8.311880134,6.174106597,8.680805238,6.287732903,9.682659657,7.031181413,7.483705756,6.36074859,5.287466886,7.685558505,7.678455613,7.407214907,7.095504638,6.989567637,7.585594176,6.451444271
7.466375949,10.5103433,8.812604913,9.016391258,11.61994319,10.00106809,11.10166147,10.25920955,7.401611565,9.307863712,10.69734663,7.932532973,9.831002954,8.189076846,7.57274313,8.75394393,6.472924761,8.6204898,7.543901789,8.835110544,9.762061884,8.926520884,8.33801674,8.868588822,0,9.919173288,8.778574709,8.819417603,10.42458172,9.698295316,7.316990988,9.183653198,9.183142543,8.458624897,9.606978354,8.880403858,7.459868408,8.299516023,8.237623468,8.462939631,9.25993521,9.530146212,9.756033954,8.143986079,7.526543086,9.30734511,7.126183483,9.65164393,10.85739406,9.566457412,8.664295801,9.222959204,9.513403138,8.127930612,9.670503492,8.140518507,9.66963286,9.116411842,10.01308064,8.19016771,8.936450025,7.90875847,8.352130431,7.118753708,9.412405221,7.939416557,8.611928614,10.61154285,10.19926958,9.089371261,10.47951434,11.24276559,10.76045962,8.424485326,9.679284809,10.03921394,9.609172051,9.770944052,8.908042273,10.66141022,8.487674757,10.77250451,11.78341073,8.680745284,9.266834233,9.623377328,10.82906356,9.956380337,7.068873406,9.21627486,8.892573542,7.692051084,9.327760272,7.566475657,9.733687122,8.809817402,8.374785445,9.657580713,8.523648921,6.55040008
8.665109399,7.012889563,5.700949882,6.824699561,7.447002888,8.634260673,9.145441881,5.708440962,7.900164466,7.326742755,7.362023219,6.746245735,7.445866514,6.306590225,7.450638273,6.322254083,7.474070904,7.389137911,8.575124657,8.060368983,6.853947464,8.235976556,5.386056209,7.551227848,9.919173288,0,8.088454204,6.563590362,8.928108334,7.859045785,9.122829848,8.600000563,5.185133165,7.979518262,7.770936575,7.266959909,6.390109733,7.076050533,7.822513297,5.342050219,7.307254771,9.147072443,7.078448436,7.446557927,7.098404483,6.901912358,9.833303299,7.826820193,7.710214714,8.825550503,7.485331777,4.0740368,6.37025193,7.878028401,5.587880677,7.683564166,9.385492708,7.586746637,8.919722935,7.954374146,7.530283401,7.510801299,6.804759468,6.8097167,7.836161064,7.64954893,6.773548759,7.591331302,6.208717985,6.657952962,7.813641939,9.43588362,6.822393143,7.460593474,6.102795229,8.108386372,6.423372509,6.304632453,6.294220721,7.832835774,6.802752973,7.243285668,8.690776347,6.48141794,7.468008074,7.106613924,8.146000798,7.379288962,7.597950809,5.705582946,7.047454099,6.378929901,5.257282354,9.585316813,7.233194829,5.674368635,8.295351624,7.712393228,6.290497001,7.29948756
7.715008685,8.945474292,7.804208473,6.465755818,7.507203861,8.384533963,8.772229843,7.848727097,6.369124298,6.659703294,6.902007337,7.17560427,8.210820374,7.720723565,8.440767836,8.238202293,7.800240992,7.927913522,8.770964117,7.523937634,7.109477734,7.478357608,6.16378036,7.05519626,8.778574709,8.088454204,0,6.193305515,9.773707914,9.722219213,8.481037909,7.572035679,8.00367153,9.833964134,6.48532011,6.546939953,7.672537192,8.120415992,8.021854898,7.206367128,7.92084075,7.860877227,6.644992544,6.147385486,8.312357602,9.531966796,7.88444609,8.26239105,7.45059192,11.18862063,8.078814713,6.502813694,6.649528523,8.329768504,8.706256474,10.18822287,6.758428811,7.750714094,9.38068054,5.853179891,5.982473468,8.646618222,9.345489709,7.119099873,7.064785084,8.473179137,7.979670115,6.748271705,8.736130065,8.453889678,8.229975419,9.801580008,7.840917958,7.510725408,5.57730302,7.436624527,7.125950771,6.753366843,7.28667402,8.288949778,7.178899122,7.385786236,9.102997596,6.26104206,6.654445108,6.728098277,8.319348441,7.634800875,9.379076918,9.385142005,6.859411146,7.126410178,7.451285321,8.199805178,7.850645845,7.862703577,7.188378186,8.894441072,6.876987926,6.096564786
5.330224,7.200958579,7.215893032,6.904096996,6.660180687,6.300267699,8.976464789,5.200193201,6.583881568,7.928384683,8.101246133,5.665252891,6.185313324,5.541635007,7.242902753,6.440636758,6.898051356,6.127863549,6.373755189,5.848145871,6.32305315,6.732775749,6.11697128,6.603578974,8.819417603,6.563590362,6.193305515,0,7.428137017,7.043039581,6.935713372,6.730782812,4.858534112,7.776574394,6.840762105,6.120951058,6.441290126,6.733191586,7.561111026,5.348268201,7.848633543,6.780307437,5.989824754,6.46015193,6.997042688,8.060396882,7.141809447,6.722535166,5.807380631,8.694100726,7.176307173,5.241073885,3.391996659,7.898773227,7.664695937,8.488192269,5.845445135,6.753267794,8.041023805,5.770037078,7.783248651,7.18556797,7.937167198,6.776343645,7.261526855,7.214793462,6.563733229,8.1298429,8.82531206,7.498726032,7.54396075,8.594978946,8.162142105,4.456340804,5.412223936,5.875673431,6.734536374,7.163000122,6.803082882,7.809829719,6.586893734,6.112189348,8.003317763,4.792740415,6.072762347,6.475399597,6.553595447,6.971416719,8.55723411,6.916383775,5.992261876,5.834348639,5.770735346,7.819168846,6.134496997,6.241660333,8.362005791,6.532262969,5.571799293,6.09102108
9.744321778,7.988870984,9.136503638,8.876246639,9.446818322,9.985684746,11.24196671,7.467740682,10.62697075,9.156998355,11.10305914,7.762305125,7.598758784,7.683183691,9.957122168,8.616803672,10.07274048,9.089712015,9.979100315,9.92951963,9.000336564,8.728774023,8.587657945,9.059204259,10.42458172,8.928108334,9.773707914,7.428137017,0,10.46112861,8.950960177,8.473758767,7.59213949,8.059101922,8.813803068,9.457579945,8.093458368,7.906432686,9.474501992,7.804752223,9.698253661,7.394119769,8.227277543,6.71448614,8.084147117,10.09059689,11.54855302,7.997720157,7.6702712,9.947306187,9.002222314,8.043764297,6.789653762,10.57951604,10.19935316,10.76663212,9.058669607,10.01508523,8.450513559,8.988237906,9.732480273,10.36904646,8.358289065,8.398353741,8.342240926,9.553446542,7.535795465,10.68267189,10.85930632,7.896027479,11.42489933,8.73187809,9.554606536,7.735513593,6.903238191,10.16504407,8.602276069,10.03418372,9.260105933,9.117164409,8.279604161,7.571351476,10.42686949,8.643759719,9.778953026,8.168753353,9.23028124,9.501976769,9.570880679,8.520664075,8.894217695,7.777892876,8.409332828,9.216876148,10.33359368,8.627221319,10.51723796,7.082994996,7.780313883,7.554361353
8.99710406,10.06085036,9.166519457,9.39860828,9.285709827,7.338146357,11.39016399,8.263210317,7.392533778,10.61830791,9.95650124,6.473909382,10.24735797,6.708876286,7.458984675,7.884365303,7.437069192,6.888786637,7.533664095,7.250587791,7.082592878,8.370835327,7.023257083,8.288665298,9.698295316,7.859045785,9.722219213,7.043039581,10.46112861,0,7.958711068,8.798009268,8.085711337,9.184170707,7.459184696,9.038999794,8.463264198,7.893154162,10.9060241,6.971561139,11.60334487,10.60676394,8.914738994,7.855222545,7.999416739,7.89869789,9.284426244,7.343232182,9.985036345,8.322397374,9.098528916,6.635650953,7.442588257,9.716410305,7.894719231,5.464371822,8.083092683,9.184882048,10.7916197,9.319420618,9.468307956,7.800473298,7.98375262,9.602633993,8.507419281,8.463012145,9.06447573,9.655485146,8.552806409,8.674298192,8.810514925,10.75456746,8.89040825,7.784336374,8.377198084,9.387754494,9.251878898,7.410294764,8.479959201,9.118301112,9.187323906,9.522560436,10.07220816,6.887780609,8.496439761,8.325121468,10.6963081,8.472372389,8.343634236,8.463847714,7.52445393,6.004838681,6.92529714,9.273612336,8.09715028,7.058505047,9.416146214,8.957992539,9.548783934,7.029058564
8.85501825,9.650718744,6.723937203,8.134948114,9.444854356,7.296846396,9.671467596,8.161261798,6.593989457,10.95752236,9.966434997,6.999490445,9.256156896,5.984573069,7.594622826,6.551662386,7.044770692,5.995324478,6.794124301,4.854455262,6.680812399,8.055566145,6.525728103,6.404065727,7.316990988,9.122829848,8.481037909,6.935713372,8.950960177,7.958711068,0,7.925966588,6.42312045,6.909605929,7.23845184,7.313497713,8.011344421,8.802649334,7.981215712,7.367690084,9.652539333,9.331567857,7.257088764,6.269855168,8.399210659,8.396858239,7.174341756,7.769870239,8.927856703,9.221509535,7.962729404,7.973474773,7.243024433,7.942035345,8.621371882,7.082055888,7.2615099,9.257198349,9.002715084,5.971478894,8.148044668,6.606286195,10.00840187,7.762751834,9.025066873,6.766658399,8.899247968,10.76465759,10.54700466,7.966898831,9.397365415,9.790217207,10.23893198,7.520673546,7.830523678,9.168730575,7.987678986,9.169945396,8.519700804,8.48971099,8.698795765,8.228500657,8.196981162,7.836656251,8.926359173,7.091240288,10.00678224,8.979072583,8.830964804,8.170083719,8.004749024,7.033665992,7.386331476,9.057386038,8.60542486,8.071606125,8.57965528,5.586403244,8.555255715,5.766847059
6.908049776,9.784136196,8.669048267,7.781226656,8.089430029,8.416906022,7.645725495,7.072144052,6.353414006,8.649376116,9.083539252,5.980697945,8.570748151,5.912386665,8.595249973,6.922910563,7.103126095,6.821154449,8.516843361,7.648141391,7.376656232,7.971405323,7.939477236,6.478310967,9.183653198,8.600000563,7.572035679,6.730782812,8.473758767,8.798009268,7.925966588,0,7.162382913,8.514685757,6.945923533,6.900961232,9.095459828,8.631822233,7.280617869,5.434940008,8.307811205,9.192564376,7.890380656,4.994843758,8.22221825,8.936053845,7.23321556,8.35686281,7.064132432,8.81469784,7.191750672,7.630295743,5.496170641,9.08588826,7.099714831,10.13894758,7.645536425,8.823314149,9.684905902,6.575603424,8.920913005,8.784138395,8.608373903,5.635844814,8.027376129,7.103525719,7.381472075,8.267794922,7.459090155,7.385837601,8.298648701,11.44976578,7.680822133,7.133678994,6.048784449,7.394064821,8.922693799,7.817784191,6.622342869,8.722592505,6.090743028,8.713691295,9.966652458,6.064862513,8.435286963,7.673283327,9.823370261,9.043186705,8.646126427,7.49847416,7.683797678,6.614038888,7.044435106,7.126595021,8.425021989,7.809156247,7.57145484,7.793863845,7.765822939,5.071230814
6.960000998,6.358477349,5.308380101,7.256935185,7.708340782,7.85309099,8.354178065,6.070924265,7.364242736,9.029449293,7.725470184,6.280495241,6.874084441,4.940882613,7.310544868,5.658662005,7.604834287,5.652683304,6.797826674,5.79808943,6.78136196,7.266283018,5.788811839,6.920561114,9.183142543,5.185133165,8.00367153,4.858534112,7.59213949,8.085711337,6.42312045,7.162382913,0,6.817063481,7.376448519,5.613428509,7.211828006,7.778542917,6.845450012,5.428276109,8.109092317,8.959143549,5.968111124,6.489977731,6.678353077,6.310653947,8.565474362,6.925548934,6.307885347,8.682554607,7.236988311,5.656619546,4.776165618,7.096072184,7.026092857,8.244211995,7.64277182,7.82069731,8.603063663,6.414069565,7.990363802,7.023010741,7.890195743,6.12371367,8.74817328,6.960012016,7.52802702,8.419324177,8.567524165,6.014516114,8.351620708,8.515883106,7.551877004,5.614801139,5.414957153,7.242404832,6.56793596,7.153835253,6.494933645,8.423638729,6.250372689,6.973879843,7.372301274,5.856089125,7.426797896,6.61437503,8.045714669,8.118927364,7.456879664,5.874503466,7.066927353,6.937074539,5.33537074,8.929972539,7.177344502,6.936428061,8.568322174,5.165179952,6.158419736,6.607254202
