0,107.2593283,81.89221353,99.1976895,109.3509527,92.39643325,87.04197773,92.98284349,66.15053438,90.30249946,99.46792155,76.93156008,106.3400335,94.34430292,99.05585998,81.24085478,105.5309416,92.04051898,89.46876469,92.03031802,89.80454765,69.87322883,102.2639208,93.30821841,73.49202639,84.87158356,101.2775262,98.67491266,67.924612,87.65760317,80.49551593,98.20601034,94.57622549,75.25687797,109.3340238,94.38067357,109.5598721,102.3831011,97.52726054,91.04757974,89.14052589,60.33379466,90.15206955,119.8534035,108.7708611,95.27554979,91.94272164,93.5258334,106.8882865,73.42883835,100.8753927,72.38921557,68.79861972,84.90187843,86.93106606,92.34817033,100.8893457,86.53523742,93.34025672,101.9169795,98.24517545,84.59322113,71.37502608,88.92846972,86.38636907,86.05273871,98.67905386,95.09863255,92.53415573,78.6291952,58.3796695,93.7853021,109.41039,99.17666685,85.84580766,84.33580208,120.0627989,84.10013141,116.0224618,71.70906953,75.60656575,107.1299608,119.7989118,108.0407584,107.844628,65.08206,99.24041969,92.80778333,104.0899951,105.0414649,90.00761429,111.3516594,102.7902077,105.6019533,87.23326628,99.66035152,80.73295576,82.86614373,65.12139824,106.2484043
107.2593283,0,97.34704991,136.9380126,108.9931865,108.1312435,113.520497,89.87310325,106.6828981,119.4419686,102.8067143,99.28019198,131.4098411,93.79705191,127.9107041,102.1254204,97.12194195,114.7144464,104.9822847,104.3213134,102.1546366,92.10137614,132.2288307,106.4764899,116.4238446,103.5640268,120.8554214,140.7647018,122.4900613,122.8550021,94.65220003,118.8018606,116.8142333,116.8946163,117.9672885,130.0265541,97.53447709,125.1390814,110.0134532,91.63197114,101.5971056,107.4649068,119.0932825,136.2229823,107.855478,111.9815392,100.6177191,123.9804231,119.3220788,99.30413469,116.1187227,119.6193521,111.5120474,92.78555859,143.4126554,122.434191,110.3289727,126.5862311,105.8520081,98.7383239,107.2050315,118.0812203,118.6610105,102.107063,97.69668934,123.0925764,127.5276031,119.313615,129.7086467,107.0045509,89.02457584,92.53545695,120.6338881,92.69117495,96.87956462,94.80957198,106.1621034,115.8797392,134.4259827,100.2803862,98.33601259,100.115528,111.603971,111.9436077,94.86840185,125.6467957,116.6263774,94.75704238,124.8585655,137.777976,113.3695254,105.8798746,131.5580089,126.4486089,83.49640534,112.6007526,99.99319232,103.6407567,84.40486715,137.6561761
81.89221353,97.34704991,0,96.69470832,95.92214268,83.652557,93.21556252,81.52029312,87.66457907,100.3745473,88.64888629,62.41136386,95.85642331,86.1881694,102.2053717,91.29945658,68.60661936,93.44293921,86.60215115,80.50777109,80.22268029,64.1924404,107.4170948,99.2112006,88.34405082,81.89054184,94.11010096,107.0654487,81.10231102,103.4377738,78.92543642,84.86428889,78.7066773,70.0488435,94.36932352,71.81139266,110.9128818,120.9788692,98.63895235,84.07493658,79.88582639,85.23517037,124.743607,120.6156097,84.87675661,94.0002665,108.6283096,93.08606343,98.15304245,82.42311962,94.74318398,64.65492525,66.85959913,76.21313353,94.88686082,85.0036216,91.45544836,94.19754912,64.68356069,83.46336101,101.5435728,89.52173881,86.61380073,74.11404543,88.46171463,101.3153111,96.59063779,75.75511663,85.58074726,91.53075145,75.38368431,90.34713354,108.0226929,78.80828429,79.34592092,79.41897404,87.41038617,96.74513634,103.0928178,76.33911651,84.85438587,87.26760427,86.14701833,99.60344723,82.23601086,96.48351513,83.54490036,104.7005831,91.2550573,115.8399374,94.68231313,71.39623571,95.46078682,111.1678951,72.27486639,95.42355002,99.86729624,72.98589457,68.42058601,99.56625814
99.1976895,136.9380126,96.69470832,0,89.48696685,123.6561482,111.213334,111.8887337,121.8515773,112.1286113,109.9018393,99.32189848,102.2262397,124.7956991,112.3206893,111.3025493,101.3099642,103.0032387,105.9016195,103.3830209,110.4458539,77.41158039,116.047179,117.7047483,108.6699268,90.30088983,115.7733593,92.67309685,86.11455787,113.6564974,98.34530629,122.115263,96.28074406,102.6499499,111.0280244,104.4917119,117.6345155,120.3264455,98.67144569,103.9432298,90.32806386,103.4012405,135.7764598,131.7656543,129.116579,93.78973017,95.96259015,114.1387843,119.6220708,117.37488,114.4008845,110.0860258,98.55686642,129.834906,108.414096,108.8567238,109.6366231,103.3604233,97.96304147,99.22937546,117.2296635,91.31953246,100.4413771,90.1216334,117.5783903,113.0731179,108.6998905,107.7799342,109.1187385,104.3778067,100.290355,98.9936821,128.6568996,108.1413318,112.2333065,97.95727848,129.7649209,117.752675,124.566105,103.9824781,105.5020768,107.0222308,129.272395,103.3313094,124.1105809,118.0047731,93.64857648,120.4445059,110.9391621,101.8801822,104.1835176,103.7921842,140.9450646,123.7760741,102.1748414,116.6281328,130.4889143,93.29786912,105.2765397,114.0979282
109.3509527,108.9931865,95.92214268,89.48696685,0,102.3081573,96.47764744,107.4059921,101.4797713,97.6171605,96.91222161,97.96459274,106.5357131,107.616773,105.3211389,105.8215427,96.3422723,87.96299972,119.1954072,110.4041968,100.5961652,85.20922058,113.5390317,86.33555781,89.05839942,81.03305581,133.9564861,77.2017155,91.8693324,119.5925768,79.56279478,120.8272141,78.77425917,104.6766159,99.93022256,99.88797461,87.13348054,121.6802459,79.35672178,103.7474849,89.28416952,99.44745946,128.7939309,130.3170583,98.13289978,85.03788922,106.2244106,89.52934186,90.21392146,102.9992336,123.8830228,118.9396993,95.43805831,94.85345681,98.57460644,109.0775159,81.49877142,94.21505095,90.66364424,70.48604219,108.9446943,109.7427308,88.76568386,89.59593533,123.5214969,99.90415403,131.2697116,107.880725,99.40867495,81.49259265,99.33803408,87.21923583,124.2854112,87.86754979,91.81603438,87.17009856,102.6520369,103.8381201,117.7037848,108.9343615,107.7725386,98.09648064,98.00104528,100.0101026,96.76557633,111.7633452,115.8589153,91.52233165,118.2019499,117.24656,99.11656235,93.5036246,119.1898116,107.2402847,87.24825994,114.384192,112.0582834,88.47400338,108.6629788,114.5064131
92.39643325,108.1312435,83.652557,123.6561482,102.3081573,0,89.64536619,82.93889079,71.95326368,74.18842113,74.63304032,87.42999968,101.4431541,91.10682125,120.5625293,100.7628843,86.50021669,98.29449739,91.66734294,102.0885997,88.36971949,100.4105428,111.1534585,86.07508318,92.41290984,100.590657,109.91975,109.8082477,81.7352862,98.18593438,70.25915401,116.0007979,95.64175041,90.10945569,86.44796686,88.30389988,104.508939,99.33050055,113.7102525,88.72326615,93.91514871,82.85702713,99.27928147,95.77456933,90.31401061,84.43194154,121.3803121,105.9069198,97.07536143,87.74111625,118.5076515,78.84995586,90.36392604,62.87689961,92.63775848,96.11359282,104.7277231,85.53713271,84.78344026,85.146206,80.39046758,88.32230231,84.88203323,84.54179894,110.4696887,108.2498901,116.7075474,86.75844999,85.95816704,95.04946621,79.57901474,100.7413146,105.8676911,76.70291753,90.18416009,72.64547731,70.56344945,98.86824713,99.33264946,90.65074576,100.4194594,90.73742399,87.0087647,112.3162672,80.53670868,78.59096795,108.7600424,82.31949167,136.3096371,132.2522757,78.50947526,95.06339139,90.31272496,100.5063195,94.15410867,107.9630528,99.42356401,101.3697179,80.83955172,110.4474476
87.04197773,113.520497,93.21556252,111.213334,96.47764744,89.64536619,0,105.8984514,101.4018066,88.76926785,96.66796626,102.6322299,110.8622716,108.863036,95.8323477,72.23669884,94.55564298,90.70592319,83.95095046,112.5280035,95.74381974,83.34206306,122.1887489,96.04391465,56.13038111,97.18627772,113.6912913,107.1023127,68.19644435,105.268771,71.37784685,97.72396613,81.39195633,90.20235286,103.9071073,96.34017354,110.8349822,99.28224634,98.58927058,94.41797795,77.1664226,84.32627688,117.03063,129.5162716,104.8544537,91.35390737,113.5848528,94.33073225,95.59463802,90.25413425,95.23422274,99.34588235,89.74079552,88.82438839,97.20812421,98.67193703,105.5669485,79.73062684,82.77058562,96.8437422,97.89485842,78.81243891,77.22298614,91.76237958,87.16423451,108.6614165,88.64684896,108.2205291,88.00001863,87.94873764,75.84261755,92.35076744,101.8121177,68.89269559,93.66795486,96.58249379,94.31826771,95.16133368,114.7696041,99.12161927,91.22538917,100.3153066,97.45131628,115.050036,110.0938274,92.74618334,105.1458711,78.39913636,133.5798673,129.8163187,97.3763022,86.71682653,97.09934084,77.83079597,97.96619138,99.26488105,113.2359696,100.2067387,88.88870064,113.4787252
92.98284349,89.87310325,81.52029312,111.8887337,107.4059921,82.93889079,105.8984514,0,94.93090062,86.25588554,79.54060452,92.22932394,85.02357134,92.69051978,92.40066909,93.74327987,70.05375287,99.08671022,96.79749083,74.90729881,68.42023181,79.4957439,90.9556521,104.1797487,103.1463913,94.77351887,88.21398931,117.0016278,92.06538935,91.23153149,95.08819199,100.7954527,80.4251306,86.63218045,77.47118232,97.54015985,85.46975216,103.7110969,84.16055319,97.51151281,95.7905632,101.6636198,105.1264628,86.80945658,87.61286447,77.77205384,86.59798329,103.7672147,84.26057539,79.92545527,100.7801391,88.59579856,81.46159408,77.03090523,102.1112953,88.10190924,87.98380518,91.66181672,80.75528359,87.43530169,83.97637199,75.0906185,84.75251267,64.15442505,96.46475197,91.1886695,111.6504475,66.44919731,98.28712748,85.48686809,82.36001256,76.43357068,93.98978195,83.24237089,75.23827726,53.99154445,83.92102039,91.08822997,118.912185,98.39522881,89.59186129,96.29725066,93.99317669,79.23950574,86.95773727,86.95174862,88.36854883,97.71513871,117.819055,112.7833665,105.3248098,78.30985561,126.3285955,89.65410054,72.11166712,98.62390501,81.03870684,79.97436327,81.09365682,80.17537892
66.15053438,106.6828981,87.66457907,121.8515773,101.4797713,71.95326368,101.4018066,94.93090062,0,79.46948839,101.3857314,80.15370111,98.64404923,93.54744472,107.4449831,107.9859092,101.412626,101.9161976,105.3330686,99.58799505,96.95867409,92.41952476,115.0691077,76.07866253,93.01728457,101.6496007,109.2738908,102.1418693,84.69886167,111.1816998,90.77733035,107.8289776,93.59631129,90.55715635,97.37563929,93.2850689,110.8441562,104.6260794,105.9099063,104.1931558,103.2734885,59.12097274,103.0463714,119.020261,93.89495935,99.10387571,112.1812963,100.6759154,106.0837964,83.5167297,116.0841412,89.68892142,81.30620849,79.75203651,85.94068703,106.7768618,95.45851011,90.88019827,91.45973098,96.83991228,95.83509467,104.7214162,80.63741191,89.43064174,107.558342,89.98574394,129.6616988,103.3180157,96.27921952,87.46550423,76.12383643,105.294876,125.7717261,101.7465716,92.34082721,79.32326938,106.9915739,81.44834854,124.6114906,65.54084889,90.31165185,110.2602985,117.026287,121.0707028,105.0193802,74.57908546,124.5440555,90.56851441,111.0027737,128.2985174,94.33705032,117.3782178,88.36052164,111.32625,87.49895089,110.8096045,74.39367608,98.02417825,84.60850366,114.9374406
90.30249946,119.4419686,100.3745473,112.1286113,97.6171605,74.18842113,88.76926785,86.25588554,79.46948839,0,76.23208486,97.45631674,98.94750937,78.20984915,95.95823999,103.548514,93.15504574,104.4454345,95.60903936,91.58263042,88.01828689,91.35274354,103.0788767,81.3148766,80.9574425,89.4765518,97.55044468,86.31775696,70.98096419,101.5951224,81.97040475,99.84857392,79.71521937,104.9891967,56.95022347,87.68398817,100.4533084,72.49544406,105.4768803,84.5799258,81.34912152,67.30266733,102.8631949,99.75387087,92.51900626,83.37924053,102.8740128,98.38776558,83.28549796,80.7016639,101.7135615,82.83640772,87.19290064,85.16514765,78.38095688,91.11355613,94.01228268,68.50419495,87.87209238,85.60585552,79.84581737,82.92705541,56.18102465,76.76965275,103.5915973,96.3358062,109.68525,89.18146171,67.06277701,71.51060017,73.10658349,91.73669173,101.1212262,93.12460785,101.8705697,90.16613702,88.95962081,88.95214414,116.4207417,85.97715421,90.23938168,100.7882074,93.72554214,93.67768488,104.9496241,83.42948112,113.8719385,79.80799233,123.946001,106.1125545,80.02318166,103.2101471,86.73312751,83.88529236,96.5104492,83.75012069,82.4546731,91.56613534,96.42885848,91.44620805
99.46792155,102.8067143,88.64888629,109.9018393,96.91222161,74.63304032,96.66796626,79.54060452,101.3857314,76.23208486,0,100.3649371,83.05460885,85.07317529,112.6675733,92.78866017,84.13906457,78.52524885,85.57422486,80.60174101,88.16967912,89.27738692,95.77212238,94.76052708,90.2526366,70.20929016,99.16519089,92.0905853,93.43256029,91.22004792,76.28883127,105.4380569,99.06251298,92.9844614,77.28778484,92.44086437,89.20779479,81.52539665,106.1179109,79.39409204,95.02027316,91.31541394,91.27143626,85.22678213,96.18459511,72.15416284,91.18316531,103.0339815,94.81230739,68.32991868,92.04081914,76.74735693,87.53413253,84.090949,84.50261761,75.49466414,87.30837012,89.74257014,93.26944503,63.53421825,86.02514689,74.06913843,92.64401769,67.3321768,86.68371238,98.84789277,102.0724864,78.72212516,87.04671579,79.5339478,83.43911309,97.48574286,102.8979745,82.41303246,89.11746595,83.46721883,85.17652434,112.1449336,93.45143516,106.3805599,92.82784102,94.63020957,85.53205817,99.27946831,88.18586287,88.89964489,105.9924385,90.83741376,113.5560776,102.1022618,79.71541992,90.46217369,117.0817315,94.69203078,88.61313774,75.56674864,82.331836,85.99067008,81.88374132,86.69472422
76.93156008,99.28019198,62.41136386,99.32189848,97.96459274,87.42999968,102.6322299,92.22932394,80.15370111,97.45631674,100.3649371,0,117.2377253,81.08685495,107.9008818,102.0714143,69.66158124,101.2714557,86.50514237,79.86600829,94.526077,88.08481233,114.5532786,92.0565718,89.43428265,89.58056342,113.2747071,108.1874023,84.40303229,119.2585448,75.41174221,89.08826895,82.99782679,67.70869728,98.36435748,89.48534851,103.0162334,122.1936489,104.399303,87.66997139,94.13498607,78.04956556,123.5734956,111.6601604,97.39488932,91.87814133,99.74631827,109.3017715,96.36530267,89.77882349,100.0866069,74.68260921,72.84119652,87.55775486,95.56092216,87.19405376,84.59537361,91.85172539,79.4470554,94.44908657,95.4496708,97.6553585,88.69627551,84.23033868,103.4520275,79.57630124,109.113042,89.52678738,92.11441064,100.4281285,56.79680196,83.01669141,106.0897204,81.12143526,83.90941166,83.15836823,107.1760877,103.0451075,105.354691,70.70468931,74.28874296,91.91460261,105.7149384,93.43887544,77.93559855,100.1952067,87.93493529,109.0058778,102.270306,98.69823578,84.96341819,93.93800383,102.3419437,116.9252494,94.0957689,90.87845299,88.18893956,79.64147542,67.86411209,113.5716734
106.3400335,131.4098411,95.85642331,102.2262397,106.5357131,101.4431541,110.8622716,85.02357134,98.64404923,98.94750937,83.05460885,117.2377253,0,123.7758464,99.95365207,110.5628053,84.62381209,88.68328923,109.9359598,93.55725524,95.23816903,89.06027494,103.4242935,110.8319289,110.0142658,96.90859524,85.25947231,104.9114561,94.96602716,108.864345,120.2477934,106.3160779,89.11949342,92.24958007,92.85931576,95.59917333,107.3381551,102.9062893,92.11757955,120.0064726,105.3690712,101.4571042,105.8835096,99.80188532,105.1019442,91.38338562,99.04491961,103.9317359,107.8693683,89.28793729,109.7286199,94.26086769,80.09797918,108.8108542,88.11530623,90.81330134,90.17666391,87.87778409,90.22990754,85.59655189,103.3725419,80.31429484,103.0262228,76.38688515,98.62071544,99.83042296,126.1748458,79.75730759,101.2001063,92.87224051,111.2104445,113.0107251,124.8442873,107.4056837,91.15067497,85.70322234,96.5878369,98.89446972,116.8767717,108.6681832,115.4554744,118.6526993,122.3502928,115.5796278,120.6873832,98.47125582,110.3990526,104.8869127,117.5787563,122.5798415,120.2759449,107.2156743,130.0678064,108.2346046,76.15477924,109.8811694,100.3149145,84.84429147,99.48638988,77.831153
94.34430292,93.79705191,86.1881694,124.7956991,107.616773,91.10682125,108.863036,92.69051978,93.54744472,78.20984915,85.07317529,81.08685495,123.7758464,0,126.7908331,94.76001676,85.50521026,120.9301932,96.5794356,93.00091581,99.15723085,86.25722785,114.3910083,81.11899362,88.16280808,91.33609423,98.67905448,107.9808433,94.36128079,104.2228368,80.28575732,95.61767349,90.10318141,97.74357224,84.87795889,99.74575431,97.21164041,106.0561069,113.7247702,74.46299463,90.75328586,80.66312167,109.0564052,114.1286431,80.63363243,106.169716,104.9014683,105.2639124,100.6777907,90.00017972,102.2468664,86.18328517,91.07612538,76.45737947,99.44995468,89.46189124,91.59661893,102.1212624,89.77753003,102.9935537,79.89953114,98.10691918,76.68128412,101.2087602,98.7518439,116.5424169,118.5172549,97.46202238,106.7477476,99.14634117,74.00643738,102.1889154,97.60430114,87.37768742,102.6314095,93.83591688,100.0011083,110.3149563,112.553469,87.31776432,82.21197498,93.87282668,87.31904687,91.70423842,90.98780441,104.8783512,105.7074285,89.05466225,113.9471083,97.34339548,82.62006936,98.70550794,91.70785035,118.1338576,104.3252259,80.11802081,85.6095519,89.20606912,73.49952109,107.2719833
99.05585998,127.9107041,102.2053717,112.3206893,105.3211389,120.5625293,95.8323477,92.40066909,107.4449831,95.95823999,112.6675733,107.9008818,99.95365207,126.7908331,0,98.08826522,98.13855469,96.03749215,98.99225788,77.95066235,71.76095018,84.16993988,82.16853839,103.5455983,100.2756438,87.29829931,107.4605389,98.38584374,89.4163664,111.8161739,107.6587056,87.73397031,81.83619295,96.46355866,92.71894806,89.56217884,94.64279749,112.9003176,72.33641122,124.721716,103.5573809,90.57634302,129.0744224,118.2557417,108.8641675,85.74057391,105.5647763,95.10705349,85.93880301,90.26369187,88.2065206,108.6357455,70.02846598,102.4917076,97.18611547,92.7021196,81.44458815,77.89664097,81.55845912,98.59170728,108.9497525,91.33634373,80.8142671,84.34636608,102.2538869,77.33052576,111.8308959,98.15874131,86.03821777,70.65200038,87.98515967,86.78000954,111.0501046,102.0851489,83.9222112,106.8207164,115.6161346,92.15235306,119.9624463,101.647133,94.84587987,122.0009442,118.4306275,94.89421882,107.2274356,95.78979535,99.68293715,110.6948955,104.9985659,109.3961691,130.8156292,110.83342,117.6408152,92.91609244,82.77755937,106.59863,104.1766214,99.08156268,105.7491131,74.23602017
81.24085478,102.1254204,91.29945658,111.3025493,105.8215427,100.7628843,72.23669884,93.74327987,107.9859092,103.548514,92.78866017,102.0714143,110.5628053,94.76001676,98.08826522,0,90.52695305,90.5930121,91.05695272,99.30613436,80.10563466,68.60633415,99.12903694,90.70100103,85.78641887,82.93307972,93.13481614,96.32458261,83.9270906,73.16974664,83.76084517,91.0652422,89.93031912,83.09587484,105.0025634,82.79188137,89.89338924,104.7335116,93.78554099,83.73263491,89.77855887,89.42925143,95.91933795,120.4769234,84.4990423,82.09395281,96.81293461,74.28374757,110.3242557,88.05563385,80.99645413,96.3234371,81.91765446,89.17263674,96.18859032,68.70582303,91.02207857,87.57423142,87.30525404,95.40336194,82.57561043,69.67016991,81.39390667,101.1947967,68.53992206,111.2877777,92.19897256,98.18694208,103.5522928,87.25820596,74.03517374,107.2816181,92.81353922,82.0070931,91.50523403,88.44805418,116.4604601,79.38111567,94.70153146,94.16234633,89.70139797,86.03816139,108.4668229,95.84451348,96.1781321,89.33904957,86.77568813,78.35867376,123.2964539,99.21555433,114.2113791,88.3817569,106.0714377,93.87448259,87.58514885,82.14955604,107.0717437,99.86427076,73.64960375,96.8874508
105.5309416,97.12194195,68.60661936,101.3099642,96.3422723,86.50021669,94.55564298,70.05375287,101.412626,93.15504574,84.13906457,69.66158124,84.62381209,85.50521026,98.13855469,90.52695305,0,96.4324846,81.26346363,74.56873735,77.55104555,81.88371239,107.2366891,95.79412046,96.01801199,91.19575315,84.16302581,112.877237,85.86160419,111.4800099,91.55652416,77.40241811,62.5489062,74.81220406,78.2882935,84.97410717,84.52269679,111.3360797,88.27781724,89.76710137,87.20244349,93.5040505,117.9284971,92.18024474,78.06721945,77.9048907,91.68338141,100.1079417,84.43639175,86.88324595,86.57338433,83.75446029,71.52858134,89.22877957,96.37627074,72.83728458,71.23471231,80.74316579,57.41581097,83.33086178,77.19396521,75.71560161,92.83862666,71.60895529,86.20366807,93.34157474,104.9134601,71.94773837,95.30252029,100.2295361,77.11015959,80.49900099,84.84186495,62.02973542,75.3394851,74.59769623,73.94528127,96.92557537,94.70679327,86.50248503,86.53383846,83.07952386,92.68633702,83.42023047,74.09125965,110.5892843,70.65301908,92.35743942,115.5555521,101.1686308,99.71546719,71.20655493,111.0390204,99.84024869,74.2620008,82.66891355,98.50467559,72.35667114,71.216244,87.61185578
92.04051898,114.7144464,93.44293921,103.0032387,87.96299972,98.29449739,90.70592319,99.08671022,101.9161976,104.4454345,78.52524885,101.2714557,88.68328923,120.9301932,96.03749215,90.5930121,96.4324846,0,106.9351674,95.37538953,83.56672074,98.02156569,97.82743434,116.6767188,93.13541956,76.89360353,120.1205845,93.02175692,88.91079414,113.2088562,94.38479304,111.21844,90.4931338,85.97440595,111.4389243,93.99702583,96.01402155,110.3154549,90.88647581,113.5542054,100.7877163,94.27824361,118.7336161,128.0055301,95.87691762,75.32858465,93.95536195,93.25553998,91.18081328,71.40028102,93.97506616,90.6257068,73.58552204,98.62188662,78.51050233,91.2725448,91.63848447,99.00111762,100.4860376,76.90117546,112.4219914,98.78410686,101.7771828,77.98000812,92.53673404,85.80354111,97.19767295,83.25685247,95.27448576,79.0477767,93.56286388,100.9221854,117.9643072,93.90721729,86.02040972,82.0349457,111.5899499,98.37859571,101.4225526,105.5830535,111.6207898,92.42360199,110.424135,117.4151575,97.17118089,105.1436963,106.0962606,108.7908286,114.4492178,114.3420987,96.03343641,96.70339416,128.9444808,90.08400886,81.68757481,100.1296231,103.0854456,92.31591818,88.30385303,98.2233643
89.46876469,104.9822847,86.60215115,105.9016195,119.1954072,91.66734294,83.95095046,96.79749083,105.3330686,95.60903936,85.57422486,86.50514237,109.9359598,96.5794356,98.99225788,91.05695272,81.26346363,106.9351674,0,71.83511412,89.85489581,77.78020952,101.2021883,96.28444093,93.28924843,89.02880178,89.95480829,117.5940556,79.34164957,102.9358404,71.51779857,90.99918706,104.8747202,91.7541362,100.4847884,97.56447145,100.4820288,87.67886496,100.9686229,92.05537852,93.94926443,75.53167072,108.3463199,100.197625,116.057358,88.32178762,97.16564593,121.4959142,105.8100798,88.64559142,78.72146791,87.1143631,81.24893395,90.58206565,111.9482994,90.18753608,103.6457104,89.02656236,77.54894123,95.92074334,76.88334307,69.63785658,90.86131937,84.58566074,84.21787688,107.3575511,89.55088194,103.1923519,98.76232886,95.67754784,57.96983354,84.13507432,94.61557965,72.35325223,87.77216536,104.9020275,93.17768559,120.8141584,87.12906681,87.95466773,73.30023103,100.5919858,98.64341387,99.88559262,90.4158647,96.30398748,74.51541531,92.35408237,106.6398891,103.7203658,88.24577462,109.2129618,109.5774123,108.6357746,93.32273395,97.86099483,110.5960893,95.00217384,63.65941752,103.4771389
92.03031802,104.3213134,80.50777109,103.3830209,110.4041968,102.0885997,112.5280035,74.90729881,99.58799505,91.58263042,80.60174101,79.86600829,93.55725524,93.00091581,77.95066235,99.30613436,74.56873735,95.37538953,71.83511412,0,75.54076948,76.26634698,77.97080499,94.53607361,105.5140626,71.77344901,97.38089953,106.8848933,88.73714408,109.5140309,93.62018918,70.91610697,97.46972182,82.82432765,85.93065207,79.57435431,89.53894983,104.8683662,79.96334321,101.3711428,104.3690663,80.602314,110.1935606,87.76365478,97.11396409,85.92865508,90.26715872,113.7456759,92.3941687,84.76739876,70.14406041,81.20442907,69.23658147,92.98594867,93.25437638,69.09277924,68.38757259,91.02282198,78.39630048,83.94332973,87.34988461,80.38293723,85.86988849,67.91201435,93.77176946,76.04712355,100.5322604,77.81845211,94.57932571,85.33093712,72.92165463,79.89707546,109.8621424,87.36886957,68.10140047,95.41377882,103.157767,110.622999,101.1591941,81.73137571,82.82946705,106.6956311,110.120813,89.52724735,80.97640105,91.32692432,88.30904001,113.4631063,67.04904306,88.98789091,105.8112959,98.66762349,112.9946767,110.1728266,77.45148976,86.84612199,90.89118935,78.80313749,73.43478782,65.71085878
89.80454765,102.1546366,80.22268029,110.4458539,100.5961652,88.36971949,95.74381974,68.42023181,96.95867409,88.01828689,88.16967912,94.526077,95.23816903,99.15723085,71.76095018,80.10563466,77.55104555,83.56672074,89.85489581,75.54076948,0,76.05518749,85.47745798,98.72101248,92.97447551,67.85237782,87.46949531,94.46283159,82.81592428,76.71024314,92.64131509,86.76997706,73.47634922,90.46736596,74.69554198,86.66179959,68.68422079,110.0512676,83.45406557,92.67249681,85.32233554,84.77542112,102.6440512,105.1249232,87.78117703,65.29654906,102.2021455,67.68003921,68.0644457,68.91666828,82.32508687,88.98483111,61.6682619,78.69834351,90.64926612,85.90660735,79.75546004,72.69024943,57.29471954,88.43844491,91.43298382,80.24133262,83.30952591,67.06169117,76.69423349,93.95646738,101.4998167,69.962805,83.3476613,67.24469966,74.865855,79.11902289,72.43277671,84.87684289,65.18401517,77.89820097,87.7429147,86.96080003,98.50911712,81.48048923,84.19673625,92.95864713,89.82750603,94.00009433,72.42447853,94.94896002,77.0506169,89.70618001,112.3004547,105.7133444,100.4740552,85.1555397,106.3856865,88.10863474,59.01248305,90.87378956,97.34152171,87.9889155,76.09908486,73.37824778
69.87322883,92.10137614,64.1924404,77.41158039,85.20922058,100.4105428,83.34206306,79.4957439,92.41952476,91.35274354,89.27738692,88.08481233,89.06027494,86.25722785,84.16993988,68.60633415,81.88371239,98.02156569,77.78020952,76.26634698,76.05518749,0,91.42501618,81.56844557,81.33592802,66.98605174,79.34179728,90.07164422,68.84772782,79.68027156,76.86346071,83.13814295,79.53392001,83.03706383,90.78654358,79.63066237,90.73833303,99.15320025,69.68804544,79.04038078,67.38913186,74.51891666,99.62737022,114.5915037,93.6998499,87.08543119,84.91671956,82.58577777,100.4880965,85.41390183,87.75023821,87.57916357,68.96188087,81.96790046,99.3657649,82.34759945,84.04647489,81.29965661,66.56433944,80.27674997,84.7596744,67.63263873,66.13404565,77.73871659,78.65499786,102.5271817,98.20901014,88.77986196,91.92035365,70.62938462,69.74555486,80.59201319,103.034293,82.23390702,75.9890017,82.7258062,98.06929582,86.68789827,105.8234151,76.61492259,76.18164683,92.76509751,97.65692047,82.31081327,97.56910071,83.95304973,77.93549467,79.08341899,86.29298947,97.55358211,101.5935377,85.99820846,101.154264,104.3900956,61.28131704,94.25541894,99.12612084,68.40118883,68.69091267,86.76598937
102.2639208,132.2288307,107.4170948,116.047179,113.5390317,111.1534585,122.1887489,90.9556521,115.0691077,103.0788767,95.77212238,114.5532786,103.4242935,114.3910083,82.16853839,99.12903694,107.2366891,97.82743434,101.2021883,77.97080499,85.47745798,91.42501618,0,101.5671852,116.6382365,91.56923608,108.4099396,102.1176163,102.2434128,94.40094958,98.63140199,121.528278,105.9749072,95.44896467,108.2945613,88.58292228,95.61685467,117.4105757,80.496874,125.8307896,119.6742841,94.40249647,117.3527265,99.57727351,103.0831721,90.81881986,105.0390659,108.609311,109.8479523,88.35548289,113.3191643,97.80223555,74.97443434,89.91784888,96.70940325,81.95975147,90.11823348,104.6771825,100.4767888,102.9200328,102.172633,99.40519205,86.39821337,105.402973,120.0200155,95.29117934,112.4994415,98.49273926,112.2280295,90.80489733,101.2493651,103.7955273,112.8448053,100.6232135,96.6049028,107.9017702,116.7010013,110.1967684,95.78544114,122.1754163,105.3982302,121.5593007,119.8723206,89.86146285,88.00937024,85.45079274,94.17693822,109.9691832,109.2755335,94.62875618,126.2973925,125.9468845,132.505928,119.9101009,95.67927725,121.3972737,110.0690549,103.2980012,97.81145642,66.78010159
93.30821841,106.4764899,99.2112006,117.7047483,86.33555781,86.07508318,96.04391465,104.1797487,76.07866253,81.3148766,94.76052708,92.0565718,110.8319289,81.11899362,103.5455983,90.70100103,95.79412046,116.6767188,96.28444093,94.53607361,98.72101248,81.56844557,101.5671852,0,88.94211876,84.86144288,115.1736635,89.77153079,97.29059385,94.80332129,72.31534601,104.2751812,95.59754151,90.58941773,82.56939579,90.60868752,90.14983965,111.9100532,96.73563246,87.29230506,96.96354997,62.99023487,98.1204219,102.261894,97.077637,97.80477387,120.9118448,95.68136245,111.071761,100.5910338,113.3330626,108.115294,90.85053171,80.65978078,96.21632179,89.7076792,70.37700691,85.5217675,77.07429933,97.74687996,88.03585122,94.33193439,74.06189179,105.2929383,109.8711922,102.5168632,130.2132249,118.4220628,105.601838,94.34547052,82.20383734,103.6285943,115.9023987,80.95822208,92.57894378,101.4333053,103.3894664,101.8650683,114.9174839,86.51033358,77.11702425,117.9293538,114.2376379,105.5043898,90.02024136,76.89954414,120.6089881,74.1842996,111.0437357,113.7032239,110.2604792,111.1059248,80.64335287,124.6211725,99.13521715,101.1908172,91.12341937,107.6280436,88.55029022,101.8743122
73.49202639,116.4238446,88.34405082,108.6699268,89.05839942,92.41290984,56.13038111,103.1463913,93.01728457,80.9574425,90.2526366,89.43428265,110.0142658,88.16280808,100.2756438,85.78641887,96.01801199,93.13541956,93.28924843,105.5140626,92.97447551,81.33592802,116.6382365,88.94211876,0,80.91667562,117.6289568,94.67103492,66.81536626,99.00785516,69.93632401,91.01002821,70.95832681,78.33898616,95.67554279,102.6453599,100.4528716,108.7565663,94.06396302,91.11415859,77.40108147,77.57549918,104.3287235,118.0497575,107.561803,95.7625304,110.3033507,84.55534697,75.34974669,76.40157902,102.6788283,86.47208364,76.38354154,77.54080114,78.77615929,93.88818801,88.42746392,72.45608956,78.43269414,100.654619,103.0875855,83.90485947,65.48599999,87.85568644,91.92364251,91.81972636,102.4952611,96.27715454,84.07428715,78.9706161,73.62928741,82.77897842,91.70349657,75.60692681,79.16916406,95.01292633,93.87297241,105.3837964,117.7193037,99.10527103,77.47001386,113.5845446,91.04272606,109.9847817,104.589993,84.03374591,107.0805929,84.22221387,121.597237,114.0308124,80.90333712,90.22126243,94.77775784,89.83164958,99.86534177,91.78759961,90.98187302,78.76593177,81.20990549,100.7709544
84.87158356,103.5640268,81.89054184,90.30088983,81.03305581,100.590657,97.18627772,94.77351887,101.6496007,89.4765518,70.20929016,89.58056342,96.90859524,91.33609423,87.29829931,82.93307972,91.19575315,76.89360353,89.02880178,71.77344901,67.85237782,66.98605174,91.56923608,84.86144288,80.91667562,0,103.9635535,69.00105554,86.17550022,84.03273286,79.40421625,85.77984857,88.59932911,83.07236697,77.93176951,89.76942779,70.37918855,103.9296568,88.47900396,78.46506352,74.67236122,76.82983214,93.99339252,108.5358789,105.1955433,78.47006209,95.78230035,80.40456272,85.33011367,78.79757922,82.91396597,85.95367232,66.20748626,88.30434932,87.34404836,76.29165289,69.67761549,75.95442941,75.649214,73.70279285,98.91145856,78.26239182,82.54257236,75.2983859,80.42124091,91.71237384,108.9363393,80.21679847,78.25675002,59.2891385,75.66105342,90.45156275,103.4017765,93.40699511,73.06672587,93.62642066,105.6877357,108.3223349,97.40616106,86.65125523,82.8111948,98.94180972,97.05772372,93.01777349,88.48246255,94.70923291,94.80130799,96.49809002,90.99295219,88.72101143,91.05473874,93.45270771,101.813775,109.9770211,78.23463731,75.15093305,90.95791592,81.84111242,73.7598698,80.60247935
101.2775262,120.8554214,94.11010096,115.7733593,133.9564861,109.91975,113.6912913,88.21398931,109.2738908,97.55044468,99.16519089,113.2747071,85.25947231,98.67905448,107.4605389,93.13481614,84.16302581,120.1205845,89.95480829,97.38089953,87.46949531,79.34179728,108.4099396,115.1736635,117.6289568,103.9635535,0,114.9534793,94.1167009,92.76754236,118.9412064,97.3790765,94.028256,107.3775027,91.36038381,99.44529535,107.1510362,87.17293034,114.9721532,100.4666604,94.47193857,95.50051155,106.2347619,114.5634322,101.8796347,97.85510603,91.07545266,103.7941456,119.5243526,91.12129367,93.80399177,89.218666,81.38272948,107.2211641,112.8702928,91.39462031,113.2722013,90.4565976,89.79504562,105.417392,80.3030425,73.77446065,98.33097841,96.63880344,73.56872059,128.1153482,117.4026181,89.45845921,103.1883011,96.32929979,89.68426311,119.827199,97.33288662,113.9616603,112.9356139,98.76032391,107.503839,93.40396655,103.5675227,93.80175137,101.9917063,98.80260276,111.9198682,93.91823151,120.9439426,113.3361778,79.77910904,92.74129321,129.2022235,102.3057075,117.1669612,118.140114,118.5928887,113.4380531,85.11646492,94.40937691,106.9401102,95.94332466,84.69891695,96.07338294
98.67491266,140.7647018,107.0654487,92.67309685,77.2017155,109.8082477,107.1023127,117.0016278,102.1418693,86.31775696,92.0905853,108.1874023,104.9114561,107.9808433,98.38584374,96.32458261,112.877237,93.02175692,117.5940556,106.8848933,94.46283159,90.07164422,102.1176163,89.77153079,94.67103492,69.00105554,114.9534793,0,88.15302503,94.4901782,94.35431297,112.6335686,89.79309326,107.8387801,87.33613705,84.51187677,92.24266877,100.5476139,105.3348777,100.7547271,103.0375308,90.95069448,113.3527102,123.0348706,104.8236025,71.59756716,105.1662964,70.48299282,100.8487463,95.78074384,104.0729918,107.9611234,89.04364463,109.8203671,70.37217376,90.31827071,86.06101611,77.24661816,100.1391347,81.0311773,103.1388457,93.69150049,81.91326113,92.44055422,109.5760357,99.93179196,127.9150515,103.8185003,82.10735739,66.64742559,91.82516905,116.0072103,117.8247174,116.0774222,109.2372189,99.98711568,131.1832785,96.15489414,103.3398153,103.2924058,102.6336604,104.8282216,109.2347007,100.0184727,113.6675678,97.40126933,115.7102096,101.7302877,115.7150041,84.28544937,101.559113,113.9929682,112.36927,102.0905536,102.6233777,89.52769692,103.3876552,103.4871167,112.8375795,98.04405374
67.924612,122.4900613,81.10231102,86.11455787,91.8693324,81.7352862,68.19644435,92.06538935,84.69886167,70.98096419,93.43256029,84.40303229,94.96602716,94.36128079,89.4163664,83.9270906,85.86160419,88.91079414,79.34164957,88.73714408,82.81592428,68.84772782,102.2434128,97.29059385,66.81536626,86.17550022,94.1167009,88.15302503,0,102.3873152,79.13821709,82.89686403,70.18532769,84.63117602,95.21386876,72.90859693,101.1000834,83.0025621,79.71426581,97.97509257,74.75375993,71.27777437,103.9144018,113.5277848,90.63470983,81.32592633,92.63280195,91.08415382,79.32053152,87.07061767,90.71425886,75.01556854,66.3916574,81.47711446,75.14059925,83.95601752,97.15572461,61.49163423,79.2566831,82.55646178,71.55746383,67.51535595,48.6988453,75.47618143,97.42250871,93.65984475,96.69348114,75.05706079,69.10262112,68.93325497,62.68065238,83.06239385,100.1154282,85.41128918,80.22959288,79.74298807,94.47499688,82.72440462,94.25153862,76.82060143,96.90056729,82.68106721,91.22762938,92.44403563,104.0788708,82.43862794,81.39146736,84.49585279,112.1247594,99.64881339,75.66458285,93.39680993,89.84783977,77.27329984,83.15905242,97.83206378,108.7229613,68.9152809,76.1910681,91.79609304
87.65760317,122.8550021,103.4377738,113.6564974,119.5925768,98.18593438,105.268771,91.23153149,111.1816998,101.5951224,91.22004792,119.2585448,108.864345,104.2228368,111.8161739,73.16974664,111.4800099,113.2088562,102.9358404,109.5140309,76.71024314,79.68027156,94.40094958,94.80332129,99.00785516,84.03273286,92.76754236,94.4901782,102.3873152,0,91.67348318,122.127111,105.738931,100.259172,92.92677691,106.2686012,94.85546913,113.0560591,113.7271288,83.61166598,98.83345698,96.74034986,82.48252259,104.6303848,117.5193186,85.82355515,115.5103099,77.88915361,117.0712928,89.26350562,113.1319824,101.9291004,93.61759333,94.46982424,104.5654592,94.01523135,105.9529661,90.80492595,88.67871823,112.065101,102.1504216,75.34769422,92.63061567,102.7860466,88.18972067,123.5733443,113.6172478,104.8396565,109.1367886,91.84853743,92.66146419,113.7675787,87.03311941,102.718628,102.3912977,95.82276581,115.5957597,104.2884384,111.8317366,109.2639981,84.82412565,118.3189132,113.5699368,107.0327011,103.8054937,79.17249247,98.93723769,86.70877171,135.6242401,110.1706677,114.4152142,109.0038296,121.6144253,115.8705252,98.48172945,103.4318699,104.839701,112.9683266,90.08841327,95.05781101
80.49551593,94.65220003,78.92543642,98.34530629,79.56279478,70.25915401,71.37784685,95.08819199,90.77733035,81.97040475,76.28883127,75.41174221,120.2477934,80.28575732,107.6587056,83.76084517,91.55652416,94.38479304,71.51779857,93.62018918,92.64131509,76.86346071,98.63140199,72.31534601,69.93632401,79.40421625,118.9412064,94.35431297,79.13821709,91.67348318,0,113.1184401,92.72316936,85.40391232,94.56833774,91.80487598,95.95535385,102.5290303,98.30450695,72.70172215,81.43754922,72.52665418,111.4904392,109.8425774,101.8206692,80.98415983,106.3171971,101.7364373,97.17495025,84.38497323,105.6869157,88.88939771,87.62898491,67.58449885,97.93538633,93.92403545,95.39212148,91.76709055,80.51496539,84.62453402,89.7344334,87.38552015,73.33684935,87.60054874,103.5357949,101.2427359,93.23545552,106.662998,92.31311221,86.79166905,61.18434423,77.43040941,98.97236445,55.77943011,89.9642151,87.98225862,90.32239591,109.9619876,98.49042715,94.40641199,69.67757512,91.77914692,82.36011061,95.00150387,73.66941511,80.74185318,95.98592208,79.46518212,113.866986,109.1487515,71.14838231,90.21844669,99.45194472,103.2101433,97.77891446,99.59261032,99.69935603,95.09029138,75.34146308,112.5878413
98.20601034,118.8018606,84.86428889,122.115263,120.8272141,116.0007979,97.72396613,100.7954527,107.8289776,99.84857392,105.4380569,89.08826895,106.3160779,95.61767349,87.73397031,91.0652422,77.40241811,111.21844,90.99918706,70.91610697,86.76997706,83.13814295,121.528278,104.2751812,91.01002821,85.77984857,97.3790765,112.6335686,82.89686403,122.127111,113.1184401,0,86.78972289,87.74188735,93.43554435,82.8032286,104.3426096,113.8881096,97.69311681,103.4837424,98.98812345,91.47535523,115.1035813,115.8464949,95.75427049,104.8370607,109.420443,100.8006542,92.05544482,98.62673666,62.11507715,88.63316608,76.1533098,104.521181,94.06636124,71.43643224,77.01842297,77.53013195,78.5759333,99.5586285,92.83266764,81.39458069,86.94813022,86.21600635,80.59095421,94.81489458,112.0693475,82.71415083,87.5034563,91.74410905,77.93623608,101.3567998,108.7559242,100.037789,76.5447672,109.1353167,111.7319223,102.4361886,112.6536601,77.41185528,95.86194149,109.9507731,112.9642131,106.1852061,108.9011822,108.5248052,99.98934557,113.2159888,95.43287124,103.5014268,118.4249487,94.02358436,91.07586967,104.1777193,89.39819181,72.10335393,103.2121631,81.17776199,83.42137399,83.70971413
94.57622549,116.8142333,78.7066773,96.28074406,78.77425917,95.64175041,81.39195633,80.4251306,93.59631129,79.71521937,99.06251298,82.99782679,89.11949342,90.10318141,81.83619295,89.93031912,62.5489062,90.4931338,104.8747202,97.46972182,73.47634922,79.53392001,105.9749072,95.59754151,70.95832681,88.59932911,94.028256,89.79309326,70.18532769,105.738931,92.72316936,86.78972289,0,77.44795893,74.42710852,88.13496452,85.1936364,112.0676938,79.02991228,101.9973354,75.07032972,88.11446612,125.3903629,117.0140937,77.36023071,79.9388189,98.53798752,73.73538991,60.59006631,82.81311519,97.62851711,92.24852948,62.18504467,84.41846427,76.25614015,88.19424189,74.30479692,68.91243735,59.73047282,93.84477307,92.44866178,83.84480781,67.39795206,77.52977343,95.6849065,89.83599122,112.2804988,74.88613295,83.37408511,80.34554428,82.39404824,82.17938103,84.78885501,78.55160788,83.02030692,70.68137678,87.38186173,81.88669144,113.2139618,91.93278691,89.11967816,91.42064352,85.85685254,84.19259431,96.43209381,104.6103188,85.35897441,90.2384272,122.6042648,103.3919958,96.05384538,74.30764977,103.414806,82.98491894,82.53848543,90.76401249,95.19511897,74.43625215,87.68081317,84.86933742
