0,89.24109023,128.801565,85.01058471,102.8812463,113.7149973,105.5820331,128.2158784,95.69863734,108.880662,161.897324,98.52177591,112.4746872,101.496348,100.4820184,124.8764626,128.5757818,109.9129887,120.904651,96.68419517,97.46303705,110.110197,110.0267949,97.0559005,119.2557501,152.8720299,92.38523155,119.1548464,104.7003415,103.8055277,126.0062027,132.253849,88.00913835,83.28035943,93.56100978,109.6260768,123.6612616,102.8158883,79.80463191,93.64603183,103.9388074,103.5498248,115.9456309,164.7173211,106.6255856,130.2879323,115.7924131,139.7819784,125.6891459,135.400767,94.6311148,104.7705609,107.614817,90.6776885,108.8114354,94.9242387,111.4323328,114.050629,91.9199624,134.0231216,100.0106011,109.50624,86.88231421,121.2692788,106.6186541,118.1603107,90.11212943,125.2404109,141.1139464,106.9994869,95.37540315,141.2122574,105.3530015,146.0301846,99.89667767,138.94972,119.8717992,125.4608844,100.6626752,129.7173565,120.7359328,96.02608723,89.80840532,90.40970327,91.77484842,102.6677524,102.6474891,117.7470984,94.99658804,142.7544132,135.2406256,108.7801211,116.2455992,90.12110877,82.42655097,116.6317144,97.53375829,100.4602982,145.3921877,90.52300143
89.24109023,0,107.1536618,78.84209549,126.5175857,95.21784927,104.0294531,120.3248014,82.38630085,83.6355145,132.6004609,96.97341318,96.45344513,111.3899274,100.9373817,123.8465101,104.5160616,91.78039428,130.715654,81.08556326,85.56128092,107.3375603,104.6282027,89.66408713,90.94473191,151.1365507,88.53803244,125.5863022,94.76338905,120.3763715,87.0052043,128.4375554,94.48680472,90.76550956,89.09461701,106.8381707,76.732499,95.54735284,112.7616968,81.74013887,66.63725383,108.089049,110.5645349,150.2222488,97.55480938,113.1421507,144.9065085,107.1792845,113.2727099,123.2201382,89.51259177,87.49243146,99.27803184,98.44060726,101.5058946,98.04983131,93.69182134,127.5806444,113.6059419,110.1668065,118.0428638,88.03855363,117.5593745,109.0888162,90.30691426,100.1245698,96.93477832,111.7168565,152.3299996,89.44971757,87.78880277,132.8081807,90.40495054,117.4170088,87.44592428,125.2911118,114.4801854,99.67205331,117.3252046,109.4912768,96.829472,85.95958555,95.27344045,102.0202857,84.02521592,88.88223101,93.54331328,136.222853,100.6313201,112.0549917,144.7331232,116.4583906,88.76688368,89.19386304,83.18748935,135.1314353,89.28595825,128.9738907,128.6592649,74.83504059
128.801565,107.1536618,0,115.3603616,126.3411652,125.7964313,110.7961078,111.5893,101.8381615,144.4187477,117.3313107,109.965622,90.69545586,133.240289,103.0987324,143.9159669,100.2684322,118.4221057,138.6408082,145.0837414,112.5800871,109.9070785,133.2822327,90.73759821,116.064561,136.7881346,111.6517102,143.1174547,102.9875203,130.9025015,101.3566412,124.4471554,90.72267086,112.7160067,100.9563396,90.26099545,104.5470832,117.0111954,149.0777191,127.9449518,115.3798606,106.3452231,164.2893255,144.1828985,121.5869022,104.6334514,167.4898274,134.9645147,126.4666548,141.9784644,124.7078065,119.7043904,116.8205276,135.7179542,127.6355062,114.2922757,107.0861343,123.6025697,132.4342622,134.425958,111.333352,119.8620701,120.4295221,144.436434,116.4495207,104.2739639,139.8874364,120.5926835,149.2612435,101.6178633,137.2220104,94.66092753,122.3367453,118.8375428,109.7647525,128.2385208,119.1766606,125.6005076,102.5016525,83.99827926,94.51831709,138.6662977,122.8359101,113.5623427,129.8031485,100.2070584,127.4099918,134.9957168,136.1976695,138.1118634,137.3935228,154.9460542,101.6594658,115.5556934,122.3620175,117.7314685,135.1537117,135.4901661,126.3525712,115.6491479
85.01058471,78.84209549,115.3603616,0,114.2506368,111.5208771,108.7628884,127.409475,85.44242956,92.93261224,147.6640505,104.8655505,115.7282463,95.01706558,114.9888961,117.5681812,109.884707,93.51146126,129.2089337,109.1560637,84.05535765,91.43825774,84.09303766,102.792839,105.9543355,154.627429,115.8869369,127.1060746,82.26501415,126.7694463,130.6636865,113.1759026,94.20468087,92.51691245,95.06205028,128.0187028,102.8086285,102.0092109,107.1724153,93.55993434,84.6935491,119.4359285,114.8090537,114.9225926,108.1113394,127.0721308,112.8501567,113.554927,111.3731005,124.0966747,76.96221496,105.1092959,98.26443837,91.08248047,107.1461271,101.3626305,118.2417308,128.7732073,96.49309519,119.9606687,108.270593,98.12621758,112.1336778,116.8762962,84.98861599,90.30617018,102.5980679,100.6746434,148.658722,113.6330194,78.03908834,120.7923222,103.1580885,141.343211,88.5579757,125.0157776,114.0424198,98.65152341,134.5799183,112.5702521,91.9370322,103.0898214,102.7020338,105.7914849,107.3389658,109.3777597,100.5617226,116.8260409,81.00286769,118.9977799,129.3552388,102.2750834,103.1886791,97.30338705,101.8573321,126.6139585,120.4288614,108.542628,120.5194371,84.42857598
102.8812463,126.5175857,126.3411652,114.2506368,0,155.6920117,123.7832668,175.9020624,124.8960061,152.2502942,180.6712174,130.2684253,146.7983052,117.4861357,127.8936372,168.8784837,127.6307437,138.7191204,170.7684374,152.16645,148.5799861,121.0220284,138.6315281,126.2422771,158.0410339,161.9274072,118.4804344,145.001272,120.7835381,156.9589808,136.0881018,166.5107855,115.8284997,134.7537671,133.7831369,126.5635258,165.2001206,122.8791601,127.900892,118.435813,138.6963851,126.1477599,172.2249209,182.7704084,148.8508544,124.2772397,184.1656347,155.8284757,145.7682725,161.6914641,134.9919502,120.8216919,159.4111977,149.7104933,152.5055589,112.5731029,124.3267853,137.0052022,141.5908806,145.0999332,124.9421749,135.744994,123.0290486,162.5561845,134.7165284,160.78841,151.6154948,150.2703057,160.6342397,130.4451011,135.7760251,135.2718933,133.4296271,163.5112871,122.9428268,170.9049788,126.5725779,159.4886241,121.1914337,137.1465521,136.6278555,152.7621001,133.5304374,120.7941192,136.3028635,156.4388854,140.7446476,135.7292058,129.6037419,146.0763346,173.2402753,175.8772913,130.0711547,130.8920097,124.1081489,138.6034253,131.8994952,146.0517555,183.6864996,131.1790812
113.7149973,95.21784927,125.7964313,111.5208771,155.6920117,0,122.7759892,116.8978373,78.21474099,118.0407796,137.2601353,97.82009287,118.2290353,129.6552458,127.0335518,147.4040765,110.3608743,122.3754041,117.0315606,114.5142225,87.24006263,116.0220741,115.6942189,118.2227033,84.63434852,117.2992462,107.7453498,134.4815688,84.54377345,137.7866111,140.6424798,135.6394629,119.3201934,112.2581141,99.32028906,127.937241,122.5075261,136.3803291,106.8893357,133.1199391,87.92351778,109.5700212,124.048768,146.6802804,112.6279104,126.3231632,127.2572121,112.3020453,120.769107,149.8699644,120.2880943,127.8887639,99.73752941,127.2162094,133.5853406,110.5709909,112.6683045,136.6472669,97.00013645,145.622635,108.4686525,148.1716043,116.554824,104.3845907,106.7863116,105.2666678,88.40845306,109.8521407,106.6021114,107.0997023,88.6303054,153.1531197,90.96876146,145.6167516,130.6972302,109.7133059,155.4044974,102.4465328,116.5348345,114.0647735,96.67574054,82.31353079,117.4801903,95.04232981,98.99674379,100.6893024,103.709523,134.1699582,110.3142366,141.9202338,135.5144632,137.4911725,127.3185838,102.1456601,92.83069205,135.4715347,121.8199271,121.238422,116.6957006,100.0986214
105.5820331,104.0294531,110.7961078,108.7628884,123.7832668,122.7759892,0,141.9073905,111.3753284,134.2663882,143.1212091,129.0060138,125.1342939,134.4919806,117.7781554,157.9901209,107.9055716,146.4421837,150.1208809,154.1871885,123.0328874,94.13337603,113.8234058,112.9128921,137.6583569,167.944365,127.1248086,147.9390306,109.0830281,146.5726882,142.9986256,141.6726765,115.1543622,97.46436868,92.60325754,102.952792,111.0556987,113.4766425,110.0533741,118.4186536,95.77083459,102.2246289,153.6833872,157.870617,121.3009056,103.0498064,152.5463351,126.7477545,135.3379415,144.7941228,113.8552008,132.2780234,138.3254445,121.0951372,140.456911,91.19632518,97.68572194,150.6635048,133.6603207,130.6428564,129.9888479,138.6443858,130.8429243,157.5280716,100.3391239,127.1887548,95.7746044,126.6023358,139.942269,124.9590899,113.6499403,148.9258436,102.7687616,170.0836683,111.6562334,135.001773,99.34755887,113.5350335,100.9010312,136.7286179,129.7856032,113.2258073,122.4547286,102.1721639,123.5674813,111.5109482,98.63976279,151.6259598,128.4970498,122.6012253,147.5146557,156.7292023,136.0462799,107.3710965,117.9242384,124.5905136,128.2165584,118.1115678,122.5856777,105.6870286
128.2158784,120.3248014,111.5893,127.409475,175.9020624,116.8978373,141.9073905,0,119.7483444,138.4551497,141.5129684,108.5203801,129.8135928,152.7992347,132.9195051,113.4598379,122.6735559,133.6302275,122.7911661,131.0044862,98.18755062,121.5249627,154.8184992,109.3925423,111.1698253,155.4580165,128.41318,134.1381984,122.9056293,130.392974,137.0382645,120.3721908,107.3669767,121.9518446,122.9276579,137.8264264,104.2968612,136.1217467,137.6186813,143.6734183,122.2468122,128.5989292,135.1770411,161.7637636,141.1195138,132.8078434,135.532437,150.6811345,124.2971185,132.1805299,133.6533489,135.8803361,108.468883,126.3913977,135.9727867,127.9011233,153.1547744,119.2644853,119.1500508,132.5675147,116.6972237,153.3183861,135.4068368,146.3265982,148.3749224,110.8189751,144.4090292,137.8472861,133.1082577,119.019542,127.9747436,137.1321726,138.0471185,122.4492742,125.524977,118.101385,151.146487,123.9213167,121.1485383,109.6637877,111.8991831,140.312195,124.6040519,137.263442,114.6866221,90.96599457,129.1121641,178.6395773,149.1759784,179.2829455,116.4312072,144.3878699,122.939293,118.0676843,126.3471435,107.0346726,155.5017056,126.1152095,126.0794809,122.8269849
95.69863734,82.38630085,101.8381615,85.44242956,124.8960061,78.21474099,111.3753284,119.7483444,0,103.8970765,133.3607429,109.1777179,108.3375691,111.8786347,119.5071343,137.7575949,114.5998709,111.9833896,112.0709254,97.31390161,75.89493113,114.3768521,109.1056805,98.28551124,96.51676238,124.2472175,108.76267,119.9274698,80.70603433,125.212588,121.1836435,97.39504987,95.89639501,111.4079389,96.26213248,113.1052314,119.6800431,118.2395067,103.7809519,116.3490756,104.7926454,102.6420237,126.7031112,136.0938456,114.9294349,120.4812369,142.7361355,92.88853117,128.0543132,128.1658925,109.6644767,116.9600696,101.5026676,100.2011052,130.1184634,103.4157293,90.78372587,135.7465308,113.8945354,145.2229278,104.3407033,106.4761889,92.18464675,106.0055478,81.03660224,103.4461671,94.87210023,87.88091832,137.9706655,89.73289523,100.5963094,129.1339889,91.50511514,125.2191064,113.2907213,124.6601163,137.7929541,102.744025,104.4472629,91.76619985,76.37465813,93.72726118,107.4366495,88.11319956,113.9160954,93.63214405,108.7082894,116.090646,98.08161287,122.7195646,132.5796273,114.5897682,107.8222086,112.7993203,87.57556058,127.0035194,99.81512781,108.2921166,124.6006885,90.77460742
108.880662,83.6355145,144.4187477,92.93261224,152.2502942,118.0407796,134.2663882,138.4551497,103.8970765,0,136.6153458,103.6334147,139.3191302,113.1246379,106.8688293,142.5770819,130.3911299,115.3321862,133.816361,88.69265704,74.63072919,113.1746967,122.0449269,112.6336975,123.9523741,166.7439761,110.6094192,138.7701801,119.6660145,133.8867607,123.8578023,132.686706,100.6331497,84.06307624,117.5425684,143.6462119,119.1064703,136.0794049,123.9116304,117.2795413,103.3960519,137.3149733,107.3623965,149.5609461,132.77562,161.2724948,126.1910557,125.5648216,141.0797653,120.9479373,107.7330412,110.2043369,115.5528581,128.8171381,131.2566569,102.7858286,123.2819948,154.7939112,117.4071382,146.9683986,136.5252479,98.54129119,129.6084752,138.6026735,122.0149461,117.1650453,123.3699823,108.9555498,166.0804885,118.7215476,97.25547123,150.734364,91.57502761,141.137148,121.2150808,142.5422725,158.0142264,139.1608024,157.4174404,133.3256836,135.8523154,102.5648118,123.116989,126.4365618,124.9453149,124.2774418,99.44446063,143.0107499,123.6185584,150.3886087,149.5771035,121.1177754,122.0750547,97.13944524,101.0559928,168.3394501,87.66519887,121.5561635,149.0610451,110.971005
161.897324,132.6004609,117.3313107,147.6640505,180.6712174,137.2601353,143.1212091,141.5129684,133.3607429,136.6153458,0,135.1610025,122.9448709,169.4276569,128.7183879,185.2331323,132.749463,149.1746376,144.9949159,159.530383,116.1692967,144.9129254,144.2419619,104.229796,155.1505078,147.1176072,119.7523022,174.0196075,143.9475389,138.3032887,135.1056523,158.9018779,135.8936732,132.2865494,103.507327,139.7014441,131.8623579,153.0010136,169.2716145,170.6823009,132.2115394,114.7851427,160.0735387,163.5164362,124.6531175,159.5109934,167.0751855,177.7784008,128.7393112,151.8537122,146.0581668,144.9133273,119.7047481,150.8064526,169.4059412,156.3790239,151.8652235,161.2772446,153.2724131,163.9348105,159.9044716,158.1015265,139.4306227,149.4048029,143.1380004,150.5525905,162.0474784,130.8825064,150.9502728,103.4991624,146.4986611,166.5057325,138.9619913,144.5318344,143.0766721,141.0791421,171.934162,154.2479778,152.4536902,126.588696,129.0194439,151.7441994,122.8387492,134.3056795,155.8463671,133.423194,155.4313007,158.3792238,168.6721232,142.8144021,175.0848332,171.3822836,124.3098519,147.0301719,148.6045509,173.5247341,136.770161,131.6663293,147.5543933,158.9342879
98.52177591,96.97341318,109.965622,104.8655505,130.2684253,97.82009287,129.0060138,108.5203801,109.1777179,103.6334147,135.1610025,0,111.4451392,118.1840542,74.91837145,118.9312415,116.9697561,115.6649581,134.6221803,116.8265158,104.0916654,97.41999215,136.1150578,103.7641684,118.678742,133.2460605,82.53582752,119.8717261,103.2850152,119.7827861,129.5455973,155.8877646,78.29769311,69.01206912,91.12133773,114.8837351,117.1751365,111.3069335,124.1962494,127.6639877,94.37881256,118.3616057,114.4697744,159.6859595,121.5035562,128.9614315,128.922341,133.5490527,124.7042445,130.2620814,87.02458508,112.1360928,117.6293429,133.4641881,99.80549652,96.61755059,111.3346267,91.51654893,84.96185165,129.7852577,85.22413785,113.9647133,123.4326,144.4234175,126.3080997,108.2657643,124.8470772,126.8339871,122.7259819,121.5564841,113.2994802,118.0515893,98.84859939,138.1657557,115.520111,122.9092641,152.8365757,122.0746093,117.6582519,99.70527761,116.604681,113.1555824,99.71228916,106.0318145,109.5120605,106.1819452,98.31643627,138.9394781,115.9636967,159.8080194,125.6558973,136.8638928,127.3657548,80.42029757,81.80290475,120.1049378,113.1705212,117.2859197,123.856651,88.6779705
112.4746872,96.45344513,90.69545586,115.7282463,146.7983052,118.2290353,125.1342939,129.8135928,108.3375691,139.3191302,122.9448709,111.4451392,0,130.1507678,105.9104633,129.0628108,112.3336379,92.10008861,131.3258093,125.3594392,108.9916087,125.0782336,112.3550058,92.34756012,119.0342222,136.6554507,114.3596768,140.9227594,106.7767062,93.44845075,103.2344848,145.2614199,108.7537726,106.1245431,92.46505978,100.2379046,92.84351953,115.3773172,129.2324142,132.07516,109.9565973,106.7657289,128.4990017,157.8286514,93.16406272,121.5333156,147.7447001,137.9022831,136.6934603,126.290117,109.2006945,107.4481404,100.6961467,120.188117,101.6181854,119.8180504,114.543926,125.4516261,110.1660552,132.0628816,95.06902901,116.0429937,120.2897037,133.6928477,91.83640628,96.05771583,114.6375888,131.3080459,160.0619878,85.62342165,118.2678811,129.4401562,128.66772,120.6998428,100.9744535,134.0188796,113.9537627,119.8900268,113.2136046,112.9736439,111.0000283,114.4239886,87.97134063,87.02284674,116.2858144,102.5028826,124.1642698,123.3902214,112.1381358,119.9762858,152.5151797,143.5841494,103.9474371,105.2098944,105.161662,127.501647,122.8515597,128.237816,135.1325095,96.72253113
101.496348,111.3899274,133.240289,95.01706558,117.4861357,129.6552458,134.4919806,152.7992347,111.8786347,113.1246379,169.4276569,118.1840542,130.1507678,0,133.1941109,145.6066308,107.5203826,95.87689987,150.8442072,123.2586265,102.2805948,110.0806425,115.8582721,117.2233792,125.5001504,144.8222083,137.7412811,146.6297474,91.67491488,133.4106602,136.6053498,149.6895698,96.24761714,109.3771087,136.6663922,132.1545034,142.621074,137.4163024,115.5896618,89.48095234,103.8719851,135.1115308,111.909882,152.2728689,113.2216867,120.5221411,136.7331343,142.0264119,126.2345976,138.0875962,117.9240084,106.4493759,125.5454672,145.5665428,138.6294309,95.07697726,128.810629,170.0138745,93.04973303,117.1383107,116.7193851,115.5537375,113.2186194,138.1581487,111.0951154,119.7466872,134.3553399,101.2668071,171.7440214,132.4134206,104.5153701,141.3738307,118.8063618,147.6036375,114.2904313,161.0441943,131.1233846,152.7628542,146.0496585,123.3849941,134.010821,109.7532258,116.7705286,100.8968503,122.7517926,112.3645548,118.820921,132.7282823,113.7820438,154.5552092,155.6154979,157.2481108,132.1043402,118.2410803,124.2283729,145.2764644,113.5145987,109.3012504,156.2848484,115.675663
100.4820184,100.9373817,103.0987324,114.9888961,127.8936372,127.0335518,117.7781554,132.9195051,119.5071343,106.8688293,128.7183879,74.91837145,105.9104633,133.1941109,0,132.0664264,128.7137702,129.7767493,146.2142464,128.1964156,113.7137633,109.5316513,134.0125389,96.62147747,127.6146133,136.9493501,82.31879314,111.4856746,127.9671366,109.6702677,119.9916466,160.1460518,80.76061216,65.15696792,92.65810324,102.6850006,115.3688168,99.55039514,126.3949327,125.4882907,108.7080053,118.9770568,147.9106717,173.5262085,123.3127279,144.4536879,148.128604,156.1140893,137.9716237,142.6265572,99.66162786,111.1453224,118.0467938,144.7225667,104.5471062,99.41282266,113.1922524,95.47080451,114.1673439,143.29782,105.194804,107.5943272,131.0383241,148.4400988,127.5875745,109.1450368,129.0739764,135.5693466,141.249654,115.2816004,127.0926009,124.63655,83.03711316,137.7031109,127.8270512,137.1088223,132.2708503,143.9167874,118.2941249,120.4312202,133.5779999,124.3370871,121.6336424,113.3537012,124.0926334,123.6317486,103.3634202,121.3188713,134.3600179,149.441582,141.2964463,126.9549457,127.0490236,80.78557837,88.47343805,125.1387819,94.40914273,140.8629025,136.9422537,112.1675073
124.8764626,123.8465101,143.9159669,117.5681812,168.8784837,147.4040765,157.9901209,113.4598379,137.7575949,142.5770819,185.2331323,118.9312415,129.0628108,145.6066308,132.0664264,0,137.025925,116.5971869,150.6749806,132.5053166,126.5190439,135.7886262,149.9165793,116.8561944,128.0202686,165.6775462,146.9629938,138.7901421,133.5096557,123.5578057,152.7384256,162.3244794,107.5553629,123.8762857,128.4259744,150.7152527,125.2048349,137.7693441,125.5268295,128.2880828,130.5597039,162.4976969,128.0517498,152.0665293,153.0959977,144.5051975,145.0516118,154.1183056,156.2339972,118.7442822,111.7526696,106.9180203,135.052465,151.4408951,82.11727012,137.8636057,162.7448364,120.0531762,118.8938051,136.6669491,98.13792545,135.5031521,167.9554281,165.9684633,143.4732293,103.3970717,154.2725378,163.7989633,165.7393635,147.3718486,132.346819,147.2230062,142.4021118,162.4622777,136.3942185,131.928988,131.7168045,124.8514853,144.0244767,121.3190919,133.3290839,142.5314315,124.1759642,134.7778988,127.3703436,139.9726057,123.0251643,160.964781,125.0262323,167.3527636,169.0188085,135.9200047,151.146388,106.9591771,113.3786326,119.496635,150.4784221,149.2049579,125.7283463,108.2750813
128.5757818,104.5160616,100.2684322,109.884707,127.6307437,110.3608743,107.9055716,122.6735559,114.5998709,130.3911299,132.749463,116.9697561,112.3336379,107.5203826,128.7137702,137.025925,0,97.62855897,133.5599439,143.138241,103.6489403,80.8281242,112.8637407,95.71721448,104.9520378,127.8489099,125.4286989,149.8266404,68.9050253,144.4946289,112.1314015,144.37248,108.9054338,117.7204199,117.281937,99.65820713,111.6362824,126.6845645,124.0675342,114.3202096,89.16175102,105.131645,137.5261208,149.3564028,115.6229414,99.99956326,155.9376499,123.1669313,107.3550037,121.3271956,130.0888579,93.34996869,113.9970548,150.8009347,136.9493575,93.33313038,117.1563864,155.3681024,117.3665467,110.9930511,101.3307605,143.7367497,136.9663982,149.1493401,106.5670769,114.6922617,135.3325304,132.2019682,130.3644083,100.5448189,90.89310305,133.2258554,112.4925218,138.5916312,113.0950534,117.1741878,107.8224874,121.1785794,123.3741881,110.3683811,113.1283885,118.4276032,114.923634,95.57051597,114.5165754,114.3372388,106.5831017,146.9334056,126.2234302,134.5500163,153.9484917,180.1438813,111.5772678,94.02177664,120.3059715,116.070922,134.1919243,124.3827985,126.0360376,103.9963839
109.9129887,91.78039428,118.4221057,93.51146126,138.7191204,122.3754041,146.4421837,133.6302275,111.9833896,115.3321862,149.1746376,115.6649581,92.10008861,95.87689987,129.7767493,116.5971869,97.62855897,0,104.7300835,106.6970654,97.92798584,113.9268241,120.3157382,84.83656817,96.06342971,137.8358489,117.804753,146.9520353,94.16099427,129.383714,106.7813215,136.2376637,113.4849842,113.8652366,119.1694214,120.5503308,108.7421564,122.4832436,124.2547528,95.48277287,102.4896602,138.3935389,99.11726054,136.0630585,109.0375611,133.6107087,132.1153597,129.4923666,115.5516334,100.7030189,110.5944867,71.02863606,90.32249671,126.6855086,104.6357319,123.7884186,128.3689854,147.8886977,95.49535163,119.8279226,106.082712,111.1445219,110.7390051,115.5273493,106.6866976,101.1201605,125.5011917,129.0548754,165.7402713,104.7020805,99.5864394,114.2674821,130.3722122,116.9922353,91.11100368,130.8257981,116.7475112,123.8909019,148.2448171,101.5496237,111.7819382,112.3327978,86.94137785,95.5262633,101.6850738,113.9291613,109.6975383,129.2695544,91.24426466,132.6293423,167.3881596,144.6269346,87.21304024,99.47013019,119.730036,142.0177795,116.9284564,121.6448439,140.6747815,101.6028439
120.904651,130.715654,138.6408082,129.2089337,170.7684374,117.0315606,150.1208809,122.7911661,112.0709254,133.816361,144.9949159,134.6221803,131.3258093,150.8442072,146.2142464,150.6749806,133.5599439,104.7300835,0,135.4882972,108.8830988,122.6168569,149.0393716,102.1973446,113.7200002,137.8280365,126.5396269,155.7378883,119.5715021,156.8563729,147.9333765,117.3621035,140.9281842,127.6814796,122.414969,133.5495142,137.8279271,142.2149344,124.2578127,147.9819704,136.7400272,140.3965115,125.1105066,153.4919109,130.674771,166.4243758,123.3525058,146.7960043,135.5782915,114.4887231,146.0039616,122.0161846,92.32840552,123.5655521,147.5323484,152.145165,135.9432753,152.6677501,119.8614523,168.2546962,130.2595571,153.7435041,89.24714839,118.1372147,138.1486995,131.8784497,120.3966848,148.5329909,133.2188725,113.4821745,118.9744225,130.6151593,136.6361255,141.5548172,122.664448,119.1718222,156.0153762,134.8609373,139.7964478,114.4967746,130.4314618,124.6507917,106.4878569,108.2013328,128.9876076,122.4438995,112.499547,144.8470325,113.3671961,157.1204266,160.7127806,143.7654315,109.7501225,123.6079287,133.1803148,143.104257,126.4458593,113.8230672,136.2988294,128.7820071
96.68419517,81.08556326,145.0837414,109.1560637,152.16645,114.5142225,154.1871885,131.0044862,97.31390161,88.69265704,159.530383,116.8265158,125.3594392,123.2586265,128.1964156,132.5053166,143.138241,106.6970654,135.4882972,0,81.48971899,152.6862288,134.4935331,113.5433041,110.2031178,167.2067213,110.1602251,130.9551019,125.8560306,122.7082961,103.42147,119.9979886,102.9718223,122.0024674,127.626236,144.6282684,123.9902867,142.4333762,122.0174976,106.136798,121.6548252,127.790976,113.050782,164.7461498,139.1722492,162.2300964,139.9050914,125.9786761,148.0564503,139.2049354,109.7036802,116.7197191,107.1814429,109.0395439,115.2005607,122.5002603,132.4845758,144.175522,124.4891707,158.1686209,128.3491003,98.41999952,122.0668739,125.7237907,128.7935017,122.2885472,120.3579342,122.7551281,184.3614916,109.0086947,113.3980247,167.5830251,129.4336097,122.7036581,128.625017,141.2474122,158.8232891,144.6486282,143.0310753,139.4950937,123.7974346,113.8366427,119.0115517,122.5016549,109.9373943,119.5690013,136.2987282,143.8190435,123.4014479,164.2186435,165.6479985,124.6896085,113.1351674,113.0104574,104.3298712,161.0122964,107.0384726,139.0404704,171.1676955,115.994373
97.46303705,85.56128092,112.5800871,84.05535765,148.5799861,87.24006263,123.0328874,98.18755062,75.89493113,74.63072919,116.1692967,104.0916654,108.9916087,102.2805948,113.7137633,126.5190439,103.6489403,97.92798584,108.8830988,81.48971899,0,110.6533465,97.11532922,88.73411381,94.40229522,138.1275244,105.0845331,135.1143327,90.17641041,100.4940022,108.498993,96.83062664,83.05539111,92.85240587,98.28076315,126.5118543,105.5531904,138.3536296,106.2032093,111.5860928,97.5978555,102.441518,109.4594184,122.4614034,108.671364,135.8455322,101.7393592,122.3955562,116.6357178,123.6215924,111.0655086,104.0618748,78.53562028,109.1079555,124.6317081,96.540915,124.813948,141.5626181,94.27976566,139.1324839,110.9370212,115.519568,102.6196086,109.8317794,104.3068083,89.16060198,109.8611088,84.51547556,141.3612739,83.11786794,79.86786613,144.3917761,97.76224156,123.2050715,112.2887696,117.6121451,140.9619284,118.4427071,126.7493204,111.1730369,95.83991934,92.30303252,108.0163603,104.198857,103.990997,92.55131072,108.5143804,120.9653753,115.6430272,143.2199384,126.1190545,112.8488038,101.2142165,91.25431802,94.75374423,141.017106,105.711348,93.48101064,129.556087,106.6048526
110.110197,107.3375603,109.9070785,91.43825774,121.0220284,116.0220741,94.13337603,121.5249627,114.3768521,113.1746967,144.9129254,97.41999215,125.0782336,110.0806425,109.5316513,135.7886262,80.8281242,113.9268241,122.6168569,152.6862288,110.6533465,0,108.9647149,112.8818911,122.2536479,147.7460812,126.1017422,136.6813909,79.46886325,149.8408111,137.2210686,138.1563695,104.0676726,82.8047457,110.3995915,114.8333781,111.1312951,110.2010217,110.0607736,127.6105033,88.81795231,119.3590193,125.0486863,145.4801373,114.1881014,108.7621043,128.9112537,124.1333273,124.2994698,109.2126029,116.9927721,105.9448553,119.7199439,137.3246541,133.3763395,86.57471244,108.2649714,133.7096657,102.5446691,108.5242477,101.4577443,132.3711927,123.47158,154.2008899,112.4764628,106.7823495,120.0297245,129.0910873,116.145522,118.8358442,81.99729473,105.9586491,97.92204043,150.2285226,89.35422503,117.4853518,112.5184375,121.1437741,118.3825214,112.7998669,132.3703086,109.7566332,112.1230258,99.94631893,122.5972509,115.9924673,70.38067279,143.8227477,103.1615193,131.3007839,125.8656066,158.0409367,118.132357,89.77185171,108.3579245,109.2526116,123.2165871,112.7138793,115.4768743,88.50818922
110.0267949,104.6282027,133.2822327,84.09303766,138.6315281,115.6942189,113.8234058,154.8184992,109.1056805,122.0449269,144.2419619,136.1150578,112.3550058,115.8582721,134.0125389,149.9165793,112.8637407,120.3157382,149.0393716,134.4935331,97.11532922,108.9647149,0,127.2994757,125.7024532,167.2841267,138.864105,161.0627469,84.48817396,119.4337846,130.8141306,136.8084113,113.3688546,115.3489803,102.5015985,138.4882665,129.1582364,142.5671893,111.6538712,131.985924,95.0276285,97.61841415,140.1094831,122.7640955,88.60626927,129.0968776,122.0783931,143.8321764,137.1663921,150.2930973,122.0564992,118.2513804,104.2085323,124.3974673,135.685384,121.9678064,137.4027516,154.5127732,121.395855,137.7807397,122.1636269,129.6194055,132.4838972,135.3442144,93.33217273,101.3244392,111.5975533,113.1125404,153.0799662,105.0784149,64.03286177,168.8387272,120.0473473,171.2415251,105.5100065,119.6064804,124.2454922,135.1816916,130.1650987,148.9830229,129.6206982,88.18180017,117.4889858,100.9185126,128.3762268,134.2869526,127.7346496,96.25011383,92.23655078,98.16279146,163.7008902,137.2515578,128.6057025,120.1379351,112.7372964,151.4786768,128.4318142,125.3072392,132.7956182,107.1647703
97.0559005,89.66408713,90.73759821,102.792839,126.2422771,118.2227033,112.9128921,109.3925423,98.28551124,112.6336975,104.229796,103.7641684,92.34756012,117.2233792,96.62147747,116.8561944,95.71721448,84.83656817,102.1973446,113.5433041,88.73411381,112.8818911,127.2994757,0,102.2289237,121.7193894,77.41161435,131.4315073,106.0976306,100.8667938,103.2729912,135.186227,91.01668686,97.22094421,78.99428943,86.0350634,107.6770687,102.1688551,116.8091204,95.6751523,98.85157535,109.0790174,125.5857366,143.5334567,108.2394276,120.1349042,142.1114891,145.3162837,89.58136259,105.2589283,107.1993438,74.07896754,89.08520571,119.2182625,115.3418289,113.2926401,121.2317323,124.7714301,107.7700367,121.2724941,105.177746,116.615065,100.3066277,113.0194333,105.0600565,111.6394185,123.5271472,118.0725114,135.2053091,84.1578365,116.2530844,118.137779,104.092252,115.6925673,102.6268144,122.090967,111.0084196,114.4293529,117.5313378,80.49485269,91.17617222,114.6084951,76.4599988,89.90190296,91.48007868,97.99270074,108.0253786,124.1797177,119.2978265,124.5815153,158.7709767,128.6966683,93.85488688,92.36387225,107.3287359,123.5266103,97.78633273,98.4398494,119.2924664,111.7727251
119.2557501,90.94473191,116.064561,105.9543355,158.0410339,84.63434852,137.6583569,111.1698253,96.51676238,123.9523741,155.1505078,118.678742,119.0342222,125.5001504,127.6146133,128.0202686,104.9520378,96.06342971,113.7200002,110.2031178,94.40229522,122.2536479,125.7024532,102.2289237,0,131.5476421,117.3831198,121.5821766,89.45391379,142.507328,125.5377443,126.6687393,119.3937505,126.1745854,122.8037895,115.3539616,113.660129,116.086651,127.1049264,104.7922542,84.26714039,133.6264862,140.5762644,144.7962217,124.6789703,135.3348388,144.5967719,124.7443393,100.9112056,140.058893,124.9269674,113.0099809,72.03209099,133.1268395,127.9449646,123.3548261,134.6510187,142.5387807,115.1081452,130.0143156,110.3328012,131.4516898,129.1707322,99.59311455,106.877883,81.21765518,104.9115952,117.3620838,145.2560472,116.5105562,101.4716308,133.6441205,103.3702034,118.1853522,124.1032831,105.0431738,130.5152188,119.0178508,141.0367908,111.6507906,99.34005279,94.70577413,127.1008711,107.8343176,85.06066878,103.670248,115.7278013,130.7423538,110.508383,141.7717047,156.736971,128.4687994,117.1196955,106.025454,123.5502678,127.8855253,129.1985196,145.4111328,114.0225196,110.5753477
152.8720299,151.1365507,136.7881346,154.627429,161.9274072,117.2992462,167.944365,155.4580165,124.2472175,166.7439761,147.1176072,133.2460605,136.6554507,144.8222083,136.9493501,165.6775462,127.8489099,137.8358489,137.8280365,167.2067213,138.1275244,147.7460812,167.2841267,121.7193894,131.5476421,0,135.2812887,140.9970301,132.904925,158.0011113,168.0227029,181.027271,144.3438169,150.7084693,140.0678519,141.5327979,163.1307341,146.9365314,137.045153,154.9820722,146.3778148,147.6511334,159.9214064,190.2356684,136.3039207,155.8345006,177.8358294,176.0184719,136.1662837,168.1346154,156.0179011,135.5876575,131.3010491,183.3312334,158.7862665,149.0320315,146.1416159,153.8204138,122.6976214,168.8168649,127.3207589,180.8787863,132.2523004,125.8137979,149.1613672,150.9365527,163.0645872,155.5483347,119.0109473,127.9200413,148.4815408,153.2619374,120.9057063,150.1264189,175.0125154,159.7830081,163.9995971,155.1111558,143.4978177,109.0444882,123.4174683,157.6275333,143.9259745,117.5817959,151.3994878,142.2385629,138.8130778,147.8531579,159.1669189,173.6348732,168.0962774,176.9631741,143.28847,138.3531197,132.9489735,132.0501163,134.4631735,154.8770649,155.7670705,155.5153169
92.38523155,88.53803244,111.6517102,115.8869369,118.4804344,107.7453498,127.1248086,128.41318,108.76267,110.6094192,119.7523022,82.53582752,114.3596768,137.7412811,82.31879314,146.9629938,125.4286989,117.804753,126.5396269,110.1602251,105.0845331,126.1017422,138.864105,77.41161435,117.3831198,135.2812887,0,137.4718139,122.7099684,112.8720712,107.6750983,159.297945,102.0319178,94.25554042,79.73637746,102.7517682,127.1210156,112.383358,129.3922407,117.040899,107.4376027,110.0381138,144.6838942,171.350975,120.5215913,140.0330385,150.5612811,155.790413,107.5521656,148.8148377,117.1360372,99.51014879,112.4064223,127.8038476,124.9942154,116.1314814,118.6908971,104.1912716,114.7459968,146.3065421,120.5172939,128.8527617,107.4356785,114.165137,129.3683315,134.6743961,125.574387,136.0533163,123.8060716,94.0240542,123.1773455,133.8790141,97.11979718,133.6588764,120.9760364,139.9190169,149.5477,125.5920866,118.6657239,110.5717108,103.9399568,118.1625792,101.6078096,116.0575009,89.90805273,116.6119558,116.3688721,127.6374203,132.0110292,145.0403216,151.1232182,126.5204691,106.4533517,90.38864815,89.31988501,146.0492187,98.79920537,124.1968189,146.6691574,117.257887
119.1548464,125.5863022,143.1174547,127.1060746,145.001272,134.4815688,147.9390306,134.1381984,119.9274698,138.7701801,174.0196075,119.8717261,140.9227594,146.6297474,111.4856746,138.7901421,149.8266404,146.9520353,155.7378883,130.9551019,135.1143327,136.6813909,161.0627469,131.4315073,121.5821766,140.9970301,137.4718139,0,142.815938,149.3003477,161.5019938,149.9820047,127.3789438,134.5575528,149.8234534,150.0688278,136.0336584,93.14980127,116.3739105,136.2681263,131.4981364,151.6736291,146.9456588,198.2029886,162.6295406,156.6487024,167.3155551,151.664586,144.2841598,139.5385666,114.2055635,148.2754309,121.3406499,141.7051282,140.5863544,119.4653614,152.2098307,112.5189015,126.8243037,136.7441422,110.122864,136.9945124,141.8016616,148.9437327,136.0717205,123.0488292,130.1332053,136.8995631,161.5968032,139.4310713,137.577883,144.0069128,118.2401727,110.1906256,143.6988984,147.6380276,134.7703123,159.9081939,143.0860927,139.2929816,141.396311,148.692593,142.995928,121.4962979,126.501426,141.0009995,135.6118581,161.3248463,139.3167582,165.5534867,155.5756622,147.5588347,140.6136797,130.5235278,131.2538803,103.8727118,133.2386985,163.6418391,166.1859314,138.3049727
104.7003415,94.76338905,102.9875203,82.26501415,120.7835381,84.54377345,109.0830281,122.9056293,80.70603433,119.6660145,143.9475389,103.2850152,106.7767062,91.67491488,127.9671366,133.5096557,68.9050253,94.16099427,119.5715021,125.8560306,90.17641041,79.46886325,84.48817396,106.0976306,89.45391379,132.904925,122.7099684,142.815938,0,135.3924937,121.890881,123.3720076,96.79887325,108.7354047,102.8092922,98.56232383,122.0574836,121.2465227,114.6604864,116.9389762,78.29376385,94.48321722,126.8904467,128.4806428,98.68057232,104.8217576,134.6001091,101.6128069,111.6526069,126.5110287,114.4888986,106.4461874,97.87937581,123.3264445,128.6558901,98.31516319,102.4493801,146.055515,104.6263107,123.5103708,83.91284172,119.3454346,115.5075715,131.7758247,78.17599327,94.47863516,105.7074917,108.6408782,129.5440959,104.0895987,72.48930119,128.1962884,106.0599521,146.070551,100.31893,103.2392347,126.400338,109.5895431,113.8227312,105.1516361,99.85700412,82.05911134,101.4867135,76.89366102,111.5290506,100.399203,105.7634351,113.4455595,82.91669587,122.5766681,140.9267343,148.8838348,119.035389,101.6120931,104.3135198,115.9188769,125.6633374,107.7690676,106.2258053,73.68238765
103.8055277,120.3763715,130.9025015,126.7694463,156.9589808,137.7866111,146.5726882,130.392974,125.212588,133.8867607,138.3032887,119.7827861,93.44845075,133.4106602,109.6702677,123.5578057,144.4946289,129.383714,156.8563729,122.7082961,100.4940022,149.8408111,119.4337846,100.8667938,142.507328,158.0011113,112.8720712,149.3003477,135.3924937,0,128.8963185,165.9344576,98.20163347,109.719566,102.1519116,133.1069191,136.4846669,145.7470508,125.914402,141.3558266,130.8526403,119.9551859,142.0020668,167.2855694,116.6902973,142.3006588,138.0589838,181.3293001,142.5016936,149.7937549,129.8497038,116.3784407,118.6162772,139.0966948,127.5051585,125.9184264,160.7676867,127.3589201,112.6073669,146.7990811,111.1105381,136.5809738,134.6146287,142.3792117,124.0926803,115.6792765,141.7432015,129.8730032,162.6300855,103.0389011,129.2925362,168.8289784,130.010108,149.9407507,131.2095223,158.2460375,145.9569573,147.3568308,128.353505,137.3936499,128.4598497,120.5534512,108.4497132,120.477944,116.5188081,123.3403723,146.9011169,121.9196259,140.2615417,149.1665509,158.3262967,121.7675758,142.1011782,116.5192155,102.9889486,150.1229278,125.0952508,117.3308877,153.3725997,129.1100841
126.0062027,87.0052043,101.3566412,130.6636865,136.0881018,140.6424798,142.9986256,137.0382645,121.1836435,123.8578023,135.1056523,129.5455973,103.2344848,136.6053498,119.9916466,152.7384256,112.1314015,106.7813215,147.9333765,103.42147,108.498993,137.2210686,130.8141306,103.2729912,125.5377443,168.0227029,107.6750983,161.5019938,121.890881,128.8963185,0,136.532856,101.839694,129.0519949,126.254207,114.279109,113.4592378,142.2786885,151.2949305,120.1971592,125.5352741,106.2868939,154.0393195,174.0230054,123.7561898,136.2282698,178.5524411,146.7788061,148.1751877,144.0785551,143.2879841,96.39844162,120.2081644,141.0104848,130.5721847,127.6717981,121.2227243,146.4569654,153.0864921,146.168796,136.5269839,108.753843,133.6302274,149.2705433,138.0850508,132.2775806,154.2185596,146.9539951,182.2414239,78.31603172,125.2187717,148.4058453,139.9097644,116.1065251,113.0617951,142.2194348,136.0320681,158.2552508,122.7589891,131.8546541,132.0568581,134.4940553,125.2750206,128.3656218,127.3915502,125.799439,143.0755757,144.7090692,142.9278604,144.7212084,175.4458483,166.9202053,86.32899135,118.4402792,116.6784832,158.0453528,113.8889228,159.2629533,174.7851964,122.989064
132.253849,128.4375554,124.4471554,113.1759026,166.5107855,135.6394629,141.6726765,120.3721908,97.39504987,132.686706,158.9018779,155.8877646,145.2614199,149.6895698,160.1460518,162.3244794,144.37248,136.2376637,117.3621035,119.9979886,96.83062664,138.1563695,136.8084113,135.186227,126.6687393,181.027271,159.297945,149.9820047,123.3720076,165.9344576,136.532856,0,125.4912906,146.1333716,145.1680451,156.5504866,128.4307384,157.380412,140.0344552,146.1687493,148.913969,129.7564235,152.9474454,137.6844574,155.1936653,165.1896209,139.1841519,120.8146552,163.5386341,143.2010746,141.1683777,157.3434717,111.2827346,102.8563456,155.9202454,141.8101293,139.4728321,165.3231561,151.2483303,176.7261089,146.5352363,131.007787,115.0850531,148.3296375,137.8476617,122.0835173,130.2895513,120.5480026,183.2092329,122.8437366,127.2103337,148.4470921,155.1762976,134.3878659,128.0873717,128.1307995,154.1292797,150.2241034,139.9216553,140.2486404,127.6443601,146.44239,148.4302687,136.1775201,155.1081248,125.7325636,148.1489734,156.5310141,134.0048071,168.1294625,146.2865004,147.2573488,111.2995187,147.065765,149.0660855,148.0810453,153.5616561,138.767644,162.0926705,139.0121736
88.00913835,94.48680472,90.72267086,94.20468087,115.8284997,119.3201934,115.1543622,107.3669767,95.89639501,100.6331497,135.8936732,78.29769311,108.7537726,96.24761714,80.76061216,107.5553629,108.9054338,113.4849842,140.9281842,102.9718223,83.05539111,104.0676726,113.3688546,91.01668686,119.3937505,144.3438169,102.0319178,127.3789438,96.79887325,98.20163347,101.839694,125.4912906,0,78.66626719,94.16751571,107.0054929,118.820143,124.8283187,114.2364118,104.4235372,103.5934066,96.78739946,128.8121883,138.7865942,114.8271269,116.6810977,131.6811226,136.5135414,134.400209,130.7769357,95.39246865,98.72989263,113.183198,129.1522253,98.19575288,90.84551984,111.7006999,112.1920778,106.369965,131.8971591,90.92494433,87.76087421,117.6428459,148.4253075,121.1595934,97.21326875,134.0043525,108.8771219,149.1273188,107.7427026,110.5647315,130.0402816,105.1491974,139.1882525,112.2630174,119.2978783,130.5038727,138.4671087,97.96884195,101.9301894,116.3889406,112.8453455,108.9045106,102.3638164,121.8477302,103.236596,112.812137,116.3137185,118.1775177,151.3554884,137.8303858,130.3116089,121.4538214,91.27766404,85.30565438,117.3722744,101.0242861,113.2778129,128.5463344,97.43193458
