0,20.78347258,22.04472902,22.87038248,18.19784507,24.37566952,20.58198153,18.84817346,22.91646087,19.06932451,19.22308703,17.91136705,20.65811044,19.04530286,21.33472096,15.70760217,18.75114726,23.13238132,24.4565943,22.9121656,21.56102612,17.16782662,21.67505395,26.18737998,22.33728844,23.24886551,21.60880445,22.80655141,22.95442616,22.09477797,21.19218639,25.94439599,23.09103389,21.59622631,21.50188143,19.97458189,25.19728172,15.38248038,20.87833828,16.75049225,19.5108884,15.51708827,18.67823867,25.61745447,16.27624622,20.78156559,21.01110637,19.44282178,21.753406,22.15946626,21.65463257,25.00875616,20.30674745,22.68521228,19.23851909,18.47178128,21.16106493,23.75053747,20.67807114,19.77602552,25.38135164,19.08626363,13.7019659,18.7562205,22.48982915,23.11853827,20.26645474,21.3861958,25.66744403,16.27135002,20.80451821,22.73905258,13.45629843,23.9181104,17.28263014,21.68096504,25.16714642,24.99672301,22.78510033,18.67932335,26.62046968,21.18706192,19.09230625,22.93181081,23.15038968,21.35849446,25.90611634,19.18239586,21.51923277,19.30060696,20.29627365,16.51167535,21.06001592,24.69991117,22.30945614,19.00220279,27.27817386,22.63275243,18.1754775,19.32212235
20.78347258,0,16.24812684,19.9623825,16.65710737,24.4409208,16.58726641,21.52014739,18.7559247,17.68366476,16.91834172,14.57604091,19.86398559,14.60229641,20.78321462,14.80258026,19.25833257,17.37411725,18.07039524,21.69492456,17.77337759,17.32298235,16.68193623,23.69577919,18.13603308,20.33144354,19.3389069,16.32957653,17.9112206,22.09133087,16.02348494,20.14154022,18.92334352,17.27948053,16.5500301,17.50340785,18.90951543,17.03268504,19.67349695,18.8394388,15.00540317,16.33126877,20.84392937,13.1706466,18.1241631,25.20431905,16.53173275,15.4077046,18.75102489,15.72728477,18.92110824,22.14868265,17.78324264,13.04871639,16.07854626,16.92241255,17.8902496,19.21818049,17.72710097,16.56053671,15.1745104,15.38295553,18.41522265,18.16472719,13.76974707,22.68196516,12.91290319,16.77056225,14.25487034,18.67465964,19.40894413,17.16103692,20.15232019,18.67266682,22.97923241,15.83235235,20.80108508,18.08924817,16.30596543,15.91255802,22.05409109,18.33004617,17.54486825,17.21351396,17.11323704,15.34339081,22.90767125,21.50305749,13.92642925,19.93481056,13.55845745,16.33691895,18.8042996,15.70885277,11.60778188,19.0486971,20.36215669,19.91652157,12.15494282,15.61070265
22.04472902,16.24812684,0,21.7131209,15.08465731,20.69567943,15.15984331,16.6007964,22.00789821,17.56074713,16.53896343,16.55954603,21.79010295,12.03656617,17.92142606,18.02069333,16.9243941,14.49878423,18.25290851,13.87742768,18.45504714,17.90623028,22.01594886,22.84336405,17.77651851,20.8153799,17.64980176,19.36593311,21.75989157,20.4510235,19.44286315,18.86637492,24.76698932,13.9981369,16.81313857,17.65194458,17.77226733,16.16550434,14.18206599,18.61284019,17.85001579,20.93286874,20.97023828,19.19681865,18.61966681,20.77955233,15.8936062,19.1415558,17.23391665,20.01620339,18.32886394,22.66632222,15.59925739,19.56468157,17.77534608,15.83406811,17.88650769,22.20117094,18.74661788,18.72693543,16.130978,16.14478739,18.31738592,16.80311735,17.00077032,16.85625953,13.37470355,19.33247953,19.4903862,20.73092235,23.59830477,17.3269482,17.75833266,18.33561428,21.11339242,21.93689228,20.85465523,21.3796731,17.2683405,16.93288787,19.44669213,24.17406738,20.47859416,14.47381983,19.16438864,15.47142779,18.73547007,18.15577671,14.9366286,22.03767729,15.63214068,20.73105753,21.2783073,18.07851855,17.13785268,20.55084109,14.92352925,19.60733531,15.96625738,15.94622228
22.87038248,19.9623825,21.7131209,0,17.20979432,22.07514733,17.2797311,22.94209109,21.28672027,17.55385084,23.3085148,22.10709274,23.01380156,19.66712425,22.95903675,22.28879858,18.9788438,21.73660179,23.42816082,27.26960047,11.68739347,17.12476404,20.07315898,19.87657223,16.44082731,25.07515789,25.46869079,21.40966564,25.89945965,21.64647229,20.6147009,22.9299046,20.90435694,20.193755,16.20175358,21.81870659,20.47010417,19.51202403,23.26021485,26.34812375,18.31542767,19.61266278,23.72376917,20.3793188,18.14466794,18.23416909,22.85489565,24.81780249,21.57564829,24.03634031,22.03648288,19.7267646,18.8521567,17.88335063,15.97498228,17.84580195,21.08135426,17.87638504,23.40681758,19.13141746,23.55756333,17.60228579,16.85615138,17.41198498,22.44368555,25.26814699,19.41560108,22.45133852,22.00100819,17.40781797,19.77088218,22.05156321,21.77320236,16.56391473,19.86174841,20.87112351,20.04564481,20.8141684,20.49506686,21.27899313,17.62999434,19.12029589,19.23143104,23.88644943,17.65626269,22.91481917,19.73138427,18.81955292,15.85925376,20.68074408,17.15795788,18.4406612,21.47825871,19.30015695,21.09994546,22.02161556,26.66335584,21.91334344,19.59594282,21.09542542
18.19784507,16.65710737,15.08465731,17.20979432,0,20.24477686,16.01113808,17.43424827,18.05302784,18.56802598,16.52150491,16.74317986,20.46193139,16.00014564,16.65659475,16.29399617,16.32057122,18.82103477,15.9354731,18.73214035,15.61266261,14.29792416,19.05824823,19.95440565,12.82699826,19.72544585,20.10847662,18.13086569,21.55067502,18.80881788,19.34413937,20.82905777,21.13004937,18.78875251,17.09384265,17.661427,22.64355146,15.21441952,13.50356161,18.0317318,17.52930421,17.19200139,20.5693939,18.58025412,12.08187083,19.1210771,17.80669151,16.07718429,19.40218358,20.99048862,16.79489384,21.35203059,15.25302393,15.23583378,14.17252465,15.91380287,17.13922481,20.14532757,17.31552899,19.75876135,18.95195591,16.27976853,17.09517625,13.91019494,15.77404886,22.7838713,15.29578744,15.99697442,19.45075392,17.48183467,18.6873374,16.3617985,18.78268091,16.86325924,15.79036874,16.31473585,17.27302128,22.84835497,17.8373588,15.8791028,19.28081208,20.51310238,18.54917614,17.52941991,15.97911141,16.92172919,18.41907337,14.92249298,14.13035665,19.35912052,14.44507907,17.14717316,22.24643884,17.82875158,15.91864616,20.06896607,19.91203583,19.24218972,16.23089146,16.9091514
24.37566952,24.4409208,20.69567943,22.07514733,20.24477686,0,16.40900674,19.05738553,16.50592208,18.32032155,24.35512855,17.27010735,18.55194539,20.85962189,20.77723983,21.84821808,19.45613163,15.53171248,22.53972211,22.8850249,20.03211373,19.17893136,18.84533891,19.11451147,22.15023365,18.82896638,20.84846385,19.19127959,24.90475091,20.59234658,19.88716966,22.0046779,23.5120789,22.19016635,19.19917216,18.65228554,21.08306262,20.14221899,22.17580308,19.13164002,21.69040006,20.90968477,20.96573013,23.10471281,21.43905512,25.09744127,20.64575446,23.87303964,19.19310549,23.65114275,19.00183329,25.08071547,15.95736251,26.32161611,21.29189998,15.9362897,21.92237135,16.09659659,19.3947084,19.39781902,21.5023422,14.51850393,17.80212904,16.25228234,22.499944,19.63189955,20.9077187,18.59420634,20.55386758,21.41124307,21.232729,22.55504666,21.78678022,17.64184426,22.06742545,27.18846885,23.94423203,20.98489082,24.93761338,22.1036266,17.09645342,22.6597474,23.331127,17.989875,22.70580289,19.52919216,17.27652064,20.30085894,21.72904121,18.27283468,17.35951416,17.52698085,21.34688192,20.74267818,22.24090947,19.34355088,23.27765367,24.31532159,17.18138749,17.69941163
20.58198153,16.58726641,15.15984331,17.2797311,16.01113808,16.40900674,0,14.65942114,17.37618427,13.98821937,17.8582316,16.19028498,17.19177867,16.30955794,18.51251091,19.34882726,15.28010679,14.11988681,20.35242109,19.63220672,16.73731362,13.13956263,16.78008637,20.1083638,15.63953734,16.95411734,18.55068661,16.89303101,20.4328952,15.51865189,15.51333455,16.37362947,20.50687247,13.40302389,15.89266171,14.96867152,16.91710949,16.49934398,19.22180938,16.49191246,17.39758575,17.11262038,16.41309921,18.28342012,17.05344086,18.49612121,17.31620793,17.69168216,17.28070046,20.47778414,17.96049042,19.53709403,14.85188172,18.1965849,16.31110424,14.21819581,19.73813795,15.9059077,14.66610552,13.27866395,19.18092886,15.42239709,14.7381324,10.72174686,18.79592529,17.88096487,12.05493927,14.28026504,14.20026045,17.24993052,19.44808366,19.42660562,16.34595962,13.18428191,16.63097378,20.35306883,19.6232342,18.90107054,18.91110804,17.5733427,18.4375145,16.64657808,16.80165766,16.0966631,19.55459423,18.65118032,18.29800011,15.43263277,12.97589497,19.09640971,14.67896604,16.71131396,16.43846518,12.92774542,15.63443428,16.71374876,18.36989747,15.74638931,13.1939094,12.15991705
18.84817346,21.52014739,16.6007964,22.94209109,17.43424827,19.05738553,14.65942114,0,20.60673198,14.70387146,18.07186592,17.88175075,18.22634907,18.45235081,14.8769144,20.79585782,16.66518396,19.26348891,24.04957509,18.76709577,19.94662715,16.55566821,20.22421172,24.16387473,20.15207084,18.13681654,15.22728936,19.31175467,18.60272266,19.30723241,20.58414898,22.13578269,22.88085389,18.56163917,18.99900122,20.45758053,21.37204864,15.24415984,15.04630675,15.16615719,18.75659027,16.11925849,15.68017489,23.97425072,14.73650999,18.10238835,20.63364394,19.63057285,19.58715432,25.58583591,18.91023019,22.29163105,18.40335907,22.99246704,20.5303089,16.99539268,22.59016809,22.66482315,16.30518424,16.80833545,21.7882772,17.66595145,15.01106272,14.34613651,22.22300446,17.97469149,17.81681896,21.23442732,21.61599305,17.89974877,25.21496819,20.23531103,15.9498206,17.22659929,15.72446215,23.15713721,23.62420585,24.01657477,19.6020199,19.60466036,22.84813964,22.53745831,21.53616749,19.76814187,19.19873186,20.68803596,20.39087859,15.19092383,19.37842217,16.00929598,19.21772563,19.74339375,17.21331487,18.63458911,19.52794297,18.93165852,19.70062789,18.15818592,15.00004299,14.91220747
22.91646087,18.7559247,22.00789821,21.28672027,18.05302784,16.50592208,17.37618427,20.60673198,0,18.77535544,19.81462378,14.39401422,19.94491557,22.52351409,23.19050151,17.13596204,21.74252681,15.53407134,18.07826475,22.55068234,18.21757904,17.04141106,14.52261173,21.2889997,20.04540078,19.77892816,21.83773243,16.80060084,21.33700575,21.55314127,16.644316,17.39014691,23.26858034,20.84107702,20.50487987,17.44238305,20.59206488,19.79708688,21.06148411,19.09626464,18.84946279,19.04540262,16.62871811,17.56192249,20.83145873,25.0645933,20.74081848,18.25305424,19.38666528,21.18288188,16.19873523,23.0296576,16.42088483,21.10163433,18.83505497,18.26173054,16.80692634,16.36041858,20.28940596,17.77348429,21.00837643,15.63505142,20.22832069,15.68365263,18.60619536,22.02504414,18.07783497,13.55518357,16.06093004,20.12980599,20.45169407,18.81228496,19.86386478,14.65612622,24.13764713,19.40435571,22.89771833,18.74587641,25.28810276,21.30050766,18.46858784,22.49185359,16.44874018,17.59968132,21.00315117,16.2584999,22.40348729,20.61226275,17.57003979,18.9588572,13.64282228,15.98745665,18.4403187,16.39657815,17.55162294,19.36209306,26.87697846,22.03884871,15.25554769,17.00329451
19.06932451,17.68366476,17.56074713,17.55385084,18.56802598,18.32032155,13.98821937,14.70387146,18.77535544,0,17.15248658,18.73681275,20.23684713,16.47310494,19.64860505,18.93619517,13.28651955,15.02263712,22.35560562,21.57431943,17.95795821,16.32347693,18.41165149,21.82523515,18.97062645,21.16410046,17.86581164,19.53990052,20.71215377,22.09852769,16.24229401,20.64688635,18.97937755,18.33782014,17.33131237,18.70592843,16.7173214,18.2852726,20.89875696,18.07478857,13.15396044,14.80906948,19.00866063,18.35711312,16.45713425,18.99836831,17.64933362,21.3967165,19.13114561,20.57735571,18.43143569,17.60731308,18.54662927,21.58419056,19.5907456,15.77817154,20.29468069,13.80875897,15.10299318,16.31465475,21.87573828,12.36375227,14.35964347,15.21916863,20.03361406,17.02388749,17.40851505,18.66719928,20.80150082,16.66798261,21.4891063,20.02947324,16.35580322,17.67498051,18.3990313,21.12342068,19.61451971,16.39032302,20.35888775,15.78379931,18.60023261,21.51842846,19.04047601,17.46003094,17.50268898,18.3108302,19.25135386,18.69977894,16.33953722,14.69227135,15.77725173,13.43415916,15.32744961,17.14029893,17.95939404,15.65452104,21.72763029,18.18680897,11.15739101,17.03208322
19.22308703,16.91834172,16.53896343,23.3085148,16.52150491,24.35512855,17.8582316,18.07186592,19.81462378,17.15248658,0,19.21491971,19.59363637,17.45806152,20.41605769,19.11711803,16.24163612,19.5875954,20.11340649,17.09488743,21.13458887,16.87276024,21.30470362,29.62138449,20.23297072,19.29107498,19.15853599,19.25317857,20.31591176,21.88376193,21.57197292,20.87852077,25.33148553,18.75398189,19.69224466,17.6422663,25.10124418,16.93890046,18.50128454,17.22002345,20.24732468,17.69192822,18.69787836,19.08033105,19.35769464,22.6300836,13.59297717,18.82191423,19.77664149,22.90207129,16.94888518,20.11683172,17.38583647,21.3659083,20.21428542,16.92825925,20.62632694,19.37297795,18.95857759,20.03253192,21.2724006,18.59291988,19.28585748,18.13701401,17.56921744,17.90740135,17.07209673,18.50459692,19.74328737,18.73760328,23.7940622,21.54462583,20.01089293,18.74587413,21.82408151,16.7682371,22.56333456,18.73681554,21.4913232,11.53645566,22.62217769,26.36187661,18.79290712,14.69564439,19.42273841,19.12025677,24.53094787,20.29462488,16.99155468,23.20912147,17.33318378,17.45422189,19.26027769,16.81324549,21.25898077,16.99580742,22.54443201,20.44384046,14.16245616,18.07127796
17.91136705,14.57604091,16.55954603,22.10709274,16.74317986,17.27010735,16.19028498,17.88175075,14.39401422,18.73681275,19.21491971,0,17.0211059,15.69855784,18.51347976,13.00900246,18.31914311,13.53412653,18.11237753,19.71342113,17.96752708,16.78621987,15.86389356,19.46152638,20.01631779,17.67438961,16.84746225,14.92857573,15.24792105,18.32223305,14.55869558,19.28020118,20.15950219,16.90882611,17.11208079,15.44117243,16.58255161,13.1064416,16.98785406,13.87205818,17.15423141,15.70716467,13.72000662,17.65659598,17.12547128,23.64760017,16.92563253,13.49049974,14.16374565,14.89999911,20.4968751,24.46877653,13.06623914,17.5250319,15.14219521,13.58775063,16.61557525,18.29638411,17.33905062,15.24095064,12.56023606,13.3472345,14.13389477,16.13826007,17.53479401,20.18726034,13.03277544,15.84748714,15.48120512,14.96180901,17.49670867,16.21403435,16.63561131,18.07771133,23.33406248,18.61410133,21.4102858,19.44575516,17.85295057,19.0945644,21.5826919,19.13260079,16.59468615,16.48500593,18.27634026,14.87093913,20.71190595,19.06914633,16.3712377,16.42200139,12.37328789,14.52195476,16.80175334,16.7169931,15.28369766,15.59054445,21.56183056,19.01873524,13.76656492,12.43960179
20.65811044,19.86398559,21.79010295,23.01380156,20.46193139,18.55194539,17.19177867,18.22634907,19.94491557,20.23684713,19.59363637,17.0211059,0,19.06941659,17.87785942,21.05875511,19.07763789,21.15154394,21.41689152,23.30003865,19.77412003,17.81902597,19.43570578,23.33370655,22.17113051,14.38111758,16.97779732,19.27616022,23.59937927,14.55682357,19.44891909,25.7789788,22.00875795,18.38715942,17.92185757,20.51931366,25.08943507,15.65051908,19.81011312,19.10494005,22.46679534,15.05286016,18.28152699,20.10144985,17.74447929,24.91376908,17.6138938,21.26243214,15.90436207,21.7252791,20.61263348,24.09720397,14.20003146,23.27419503,19.94814711,16.34395083,25.8730551,18.94073984,21.04177921,15.52599986,19.28508876,17.77124225,13.68305308,18.16589747,20.83136957,18.9304287,18.97614396,22.19538035,16.83578265,15.8810226,20.1422654,23.86421904,20.94867815,16.35859062,21.59914626,20.96494405,26.5090131,24.03442362,22.89592717,19.13169039,22.7826379,18.84030912,20.10918486,21.48841442,21.14395306,22.66982755,21.85253572,22.10360035,21.2969583,20.34060903,15.73700116,19.56469604,20.72692561,19.00230387,21.68386172,18.31497712,24.07702814,22.52563298,16.02168032,15.22233043
19.04530286,14.60229641,12.03656617,19.66712425,16.00014564,20.85962189,16.30955794,18.45235081,22.52351409,16.47310494,17.45806152,15.69855784,19.06941659,0,19.89475538,18.02080525,16.3324037,16.89891754,20.49471984,21.14247562,18.1327235,20.84087112,20.95377181,19.47823575,16.63256442,17.09792509,19.56919186,16.25566919,20.41293131,19.00113107,16.71955178,22.36292638,21.52372077,15.51358357,13.48048709,16.24508355,17.22981824,16.15088053,16.18110122,17.15339546,15.15694021,18.12478496,22.1505052,19.9183558,17.55630484,21.43262177,15.39914328,17.66627894,17.47931691,14.90741396,18.14483909,23.26122051,15.31686922,18.65438471,15.04258256,13.86113724,17.00717201,18.64618427,14.47143217,16.77389919,13.36494243,15.17562786,12.91422559,18.73548579,19.72500601,19.77460811,12.9101416,19.07025343,19.0431541,17.4229062,20.62244608,17.01509703,17.26934687,19.64275275,19.83446677,19.04715128,19.35937315,20.36061931,13.63370335,13.09711825,20.5441276,19.60830463,19.45675095,16.23787733,16.13373731,18.1439436,17.18030492,19.43999501,15.20380419,18.80432328,14.36121962,17.524622,22.65446171,20.69548646,17.18707352,17.03823379,16.90374829,21.25452214,13.92203659,14.40228763
21.33472096,20.78321462,17.92142606,22.95903675,16.65659475,20.77723983,18.51251091,14.8769144,23.19050151,19.64860505,20.41605769,18.51347976,17.87785942,19.89475538,0,18.22390308,14.75649007,21.51476553,19.40603215,21.12860804,18.86126053,17.31236776,21.65332975,23.99310429,18.91710945,20.53223247,12.49927163,20.83104533,20.6030427,17.22504378,20.70813631,23.15943833,19.8363692,18.21194311,16.2297595,20.98559879,25.2882154,16.08988069,15.89684972,18.61090654,19.51546193,14.49395376,21.04331344,19.9074477,10.58464382,22.29875775,18.58249035,19.41631489,18.9062051,24.51806042,22.95160274,24.60012526,15.56795328,22.01100411,19.98462765,13.98622575,23.61577008,22.80849554,20.50242331,17.77894751,20.79632219,17.96512898,16.73644348,17.56879552,20.4646686,21.8660452,19.72377787,22.84349423,20.77183793,17.08676448,21.85845845,17.52894208,21.70855657,20.25258848,17.64114095,22.86015392,20.8418241,23.44541316,19.15111119,21.90731381,19.77429522,21.97210343,21.35022862,21.95976888,16.73295714,20.22882091,22.96457558,14.1480357,23.53527374,18.77442852,19.95331625,21.07485861,19.85477569,18.32640826,18.54103511,19.98455038,20.19709794,17.65368575,18.40520656,18.35367852
15.70760217,14.80258026,18.02069333,22.28879858,16.29399617,21.84821808,19.34882726,20.79585782,17.13596204,18.93619517,19.11711803,13.00900246,21.05875511,18.02080525,18.22390308,0,18.22356374,17.13769516,16.60961031,20.97796741,16.32567703,16.7078701,16.03540884,22.85377205,17.95059755,22.21724145,16.89494139,17.20351037,19.03585424,21.497342,17.39883482,18.80140206,20.6704386,17.6824224,18.62028408,15.31652389,20.61157167,16.28453954,17.02539892,17.71175667,15.66140406,15.56900758,19.832035,17.5689644,15.5749705,23.95425358,19.13563887,14.44275831,16.68771548,18.288733,20.30052089,23.68317504,16.80399942,17.42858521,16.6398232,14.85464342,12.71589744,21.34944961,21.23608293,15.56086353,18.58323393,13.48664858,17.4088165,16.64860864,16.11757762,22.00162243,15.51858065,15.33990748,18.6874468,17.24695468,15.9394808,13.71567142,16.44390586,19.88962495,21.46484876,18.64386754,20.39652577,18.70201394,20.97975118,19.55388884,20.05825824,19.72677391,17.64031322,17.53349438,18.51255322,11.4071889,23.18504891,16.95236806,20.17933034,18.66260347,16.78806018,15.38996302,18.90717398,20.2597219,14.63824506,19.06857072,23.99347287,21.48415569,16.75378812,18.93800941
18.75114726,19.25833257,16.9243941,18.9788438,16.32057122,19.45613163,15.28010679,16.66518396,21.74252681,13.28651955,16.24163612,18.31914311,19.07763789,16.3324037,14.75649007,18.22356374,0,17.37795554,20.37677472,21.16871588,18.83911378,14.8771131,21.93660875,23.05864607,15.19250549,19.5455584,13.46648728,19.3438602,20.83210988,16.22144475,18.47518716,20.33273443,19.77641335,16.72703784,12.61703327,15.27284354,22.49233078,15.16064692,19.55788983,18.58608225,14.03761762,15.14364406,19.28757879,17.47118752,13.05448639,17.86724738,16.43946271,17.99139847,20.07318178,20.53448025,22.24841405,15.48965463,15.24759818,22.01055836,17.28471493,13.18949917,20.35754663,16.0480257,16.80264605,16.36183741,19.7994191,13.82188415,13.53465979,14.97476071,18.00204543,14.91629402,16.68662558,18.28099596,20.53776429,11.42395396,16.69159317,17.01121522,17.88299527,17.72746523,16.68054815,18.38583494,18.43995612,16.44713574,19.21769656,15.2216183,19.48135505,22.65494486,19.19834481,17.11861423,13.76760868,19.21835265,17.97445933,14.81805883,17.41565961,16.29966854,18.16713831,13.76230941,14.9540093,16.25868819,18.64023276,16.13608303,20.40268599,16.35124456,15.89998442,16.5931804
23.13238132,17.37411725,14.49878423,21.73660179,18.82103477,15.53171248,14.11988681,19.26348891,15.53407134,15.02263712,19.5875954,13.53412653,21.15154394,16.89891754,21.51476553,17.13769516,17.37795554,0,18.78820745,20.19638546,19.47152231,17.95906886,18.64567003,19.81535986,18.38758637,21.89628616,18.74188267,17.14209219,22.09327643,21.1332563,14.72513729,15.64912924,24.59128917,16.37119776,18.64493124,17.88540853,12.7319471,18.49717263,21.65782148,16.86225083,17.32755487,19.14235807,17.28642107,17.04364528,20.32228379,23.3202184,17.77026774,18.95581026,16.82215663,18.43733716,19.61576955,23.46204756,14.59784813,20.40672206,17.23180817,17.0780611,17.08895267,15.59138204,17.47840511,15.76926284,16.68887414,11.30312194,17.57051509,16.02575825,16.92581878,16.51155849,16.67345887,14.65613478,18.22371463,19.71237254,19.29602071,17.16374744,18.78158604,17.43739331,24.13382115,23.36518873,18.45818758,16.27213375,21.76476808,20.00483697,16.9205125,21.57916808,19.62039648,15.81693342,20.20507543,13.04294872,20.51725968,21.12369222,15.28899766,19.44328537,13.1648452,17.16517462,18.66229674,14.14642009,15.34481347,17.13332663,20.99028525,19.82155511,14.97766752,16.30466397
24.4565943,18.07039524,18.25290851,23.42816082,15.9354731,22.53972211,20.35242109,24.04957509,18.07826475,22.35560562,20.11340649,18.11237753,21.41689152,20.49471984,19.40603215,16.60961031,20.37677472,18.78820745,0,20.69653246,18.52395891,20.60609725,19.57231678,21.8934841,19.9129457,20.72044948,19.74747421,22.25382358,24.81130103,19.48651074,19.7982999,17.90074707,20.37686754,16.62275897,19.19551931,20.98056311,23.87021872,20.83837408,17.71625649,23.25772845,19.21181715,21.10315878,22.13334034,14.01028593,19.52202933,23.23370514,20.05989231,19.18553006,17.51846261,19.5855738,21.02410051,24.75508621,14.56775732,18.40432722,20.50112538,18.74442015,19.11374482,21.12291726,23.36434553,20.60452145,19.49435871,17.49966829,21.74245352,19.20061858,17.83554553,22.85429543,17.85959862,17.3241363,16.55145308,21.3737518,21.67022828,18.33455447,22.20589128,19.70497401,23.89947886,17.38787312,18.40506519,22.35142897,23.36031895,22.00160611,19.09100193,24.2425115,18.29630579,20.61162577,19.99828785,16.23420182,24.17209566,19.64066787,19.24602377,22.94335928,13.06680695,21.06649342,24.79078103,19.27602993,15.99169178,24.92208361,24.33814288,19.07279303,19.66390445,18.03998017
22.9121656,21.69492456,13.87742768,27.26960047,18.73214035,22.8850249,19.63220672,18.76709577,22.55068234,21.57431943,17.09488743,19.71342113,23.30003865,21.14247562,21.12860804,20.97796741,21.16871588,20.19638546,20.69653246,0,22.53246206,17.27295406,23.01393576,28.68065836,24.51618666,22.64708978,21.43218698,25.76714127,24.96225875,25.32733334,22.64802173,21.80780281,27.80045329,21.08090488,24.68844884,20.62796587,26.52930691,16.2610324,17.53539989,19.01464461,24.02934373,22.46140788,21.44002065,24.54207076,22.65393617,23.31516511,17.70079968,21.20586452,21.90583299,25.62219899,19.39291093,26.6274559,18.7525529,26.03007103,22.15455203,18.83584174,22.84541192,25.6633082,22.86636701,23.12707247,23.61328602,20.6594228,23.5260703,18.36250618,20.71439612,18.75233282,19.22151568,23.06191536,22.14386109,23.74468739,27.52573208,23.88465923,20.08463969,22.25023234,23.87686085,24.22356799,28.74640395,25.87163577,22.3469634,21.45651039,26.59827999,30.70212344,21.08930878,15.47838194,26.56096681,21.80786117,25.53585822,21.93055607,20.26127409,25.29270799,19.45072775,22.3045265,21.87405472,22.00622852,24.07677211,22.12434088,24.91038352,23.81753028,17.6715459,20.30672747
21.56102612,17.77337759,18.45504714,11.68739347,15.61266261,20.03211373,16.73731362,19.94662715,18.21757904,17.95795821,21.13458887,17.96752708,19.77412003,18.1327235,18.86126053,16.32567703,18.83911378,19.47152231,18.52395891,22.53246206,0,16.41124384,13.19282668,19.94186057,15.92373397,20.5728617,20.30118377,17.08386564,21.83144093,20.48501502,19.5541291,18.78510606,18.68817785,17.40525194,15.81160515,19.17601877,19.48898314,15.8099628,16.51291253,23.47989464,17.93625819,16.55674997,20.65285895,19.2034127,16.39556957,17.50472444,22.00394785,20.48450245,15.59951971,23.37288765,19.4542171,20.87451017,14.59522405,15.28408064,15.06012596,13.60444593,16.13179437,19.6009015,23.1450459,14.51029779,19.27935726,13.49344991,16.26878931,13.41148306,20.78669072,22.4125817,15.74103439,19.98711758,17.45574166,16.36019194,18.8533027,18.27436176,20.22002727,13.25246703,19.98100928,18.71449891,19.80381629,19.56356034,17.66701134,21.6141466,16.81975357,17.83961911,18.13755668,20.34433917,15.73251665,18.31774245,18.99894397,14.87525463,16.7793029,18.19342579,15.17607121,17.99275599,19.84336497,18.81297548,18.18752702,21.25232748,25.11653563,22.10106334,17.50126676,19.39608437
17.16782662,17.32298235,17.90623028,17.12476404,14.29792416,19.17893136,13.13956263,16.55566821,17.04141106,16.32347693,16.87276024,16.78621987,17.81902597,20.84087112,17.31236776,16.7078701,14.8771131,17.95906886,20.60609725,17.27295406,16.41124384,0,18.2863983,24.11176316,17.01445307,22.02351558,18.15306151,20.85611124,21.93717007,18.68611647,18.78973305,19.39990759,22.46957485,17.97613586,18.28664242,16.97067194,23.42197398,11.93707652,19.87063467,18.35918057,18.27569656,15.41490033,16.91052503,18.4650827,14.43608332,19.43867899,17.41842003,18.71393055,20.0846847,23.71533093,19.16392257,18.47937989,16.65828634,19.47534458,15.38765463,15.95668984,20.90384549,19.2386501,20.65860109,16.2250755,22.47494413,15.61350934,16.67193628,11.97639197,14.06940366,18.31308723,17.08542563,17.77502321,18.43226984,15.07192306,16.74508906,19.94101683,16.36187179,14.67848847,16.64608963,19.54417568,23.52417976,19.93797819,21.5048403,18.28775052,20.84945092,21.20523329,17.10065816,17.61274459,20.29268315,18.56325936,21.44773916,16.40526987,15.745168,19.72774217,16.46730522,14.70392322,13.34800112,13.90978102,18.48492439,18.15335711,24.3570678,18.10646233,15.16767995,16.82165532
21.67505395,16.68193623,22.01594886,20.07315898,19.05824823,18.84533891,16.78008637,20.22421172,14.52261173,18.41165149,21.30470362,15.86389356,19.43570578,20.95377181,21.65332975,16.03540884,21.93660875,18.64567003,19.57231678,23.01393576,13.19282668,18.2863983,0,23.72835354,21.16328122,17.28014504,20.48479062,14.53315808,18.55679658,23.97839106,19.16868927,17.70515371,16.66926068,21.59843678,19.91300848,18.96064503,20.7314276,18.09557328,20.15455025,19.26239349,19.6606676,15.45680407,17.92636548,20.69261352,20.396282,22.77466355,23.25729263,18.06953291,17.56332282,23.60447442,17.5726208,24.22370392,16.75326778,17.03728193,19.29804792,15.62076042,17.03019986,19.18298199,19.94408558,15.02633806,20.37791636,12.99697845,18.97176514,12.90762439,21.49132454,23.4735246,16.97399541,16.08427041,14.92201982,19.98070068,21.11676054,20.88811523,21.95841441,16.20884755,22.2349301,20.39096567,22.34542296,18.56678782,19.67419292,22.52487417,21.48793954,17.04353999,19.66801388,19.12309187,19.78919191,17.24367651,23.28877937,18.26881991,18.65744039,16.01090678,16.08353652,15.97682176,18.79517639,19.09796265,16.70867927,20.50951102,26.21771708,23.71848626,13.90832782,18.00804963
26.18737998,23.69577919,22.84336405,19.87657223,19.95440565,19.11451147,20.1083638,24.16387473,21.2889997,21.82523515,29.62138449,19.46152638,23.33370655,19.47823575,23.99310429,22.85377205,23.05864607,19.81535986,21.8934841,28.68065836,19.94186057,24.11176316,23.72835354,0,18.88182347,23.9702692,26.28662768,23.82538294,27.92502074,19.72912264,15.57650874,25.57989592,23.03743622,20.5792749,20.43591057,23.05512186,18.51939256,23.01137688,22.35401727,24.43414516,19.34060841,23.04093951,26.06056528,22.55513037,19.62089055,24.254254,24.28928371,22.99772336,21.66136146,18.1796972,25.22723515,28.75435165,19.13911336,23.00005485,17.51706486,20.39975122,22.07596296,19.87636401,21.21373107,20.489168,20.37189849,19.83614563,17.98081096,21.9684638,25.79667659,27.78129291,20.37833345,22.51244165,22.13805616,20.93506398,20.29202407,19.51517552,21.09626799,22.07847112,23.52889307,24.18989529,21.13012006,27.34253986,22.72583735,25.92699144,20.81787972,20.58121542,20.86557082,25.36815188,22.14298711,24.16609186,19.01803543,22.97059631,21.06923886,20.89864744,16.30423011,22.46098346,27.38480247,24.28035154,20.04507239,23.05632317,26.43453765,23.22260985,22.19922637,19.9630902
22.33728844,18.13603308,17.77651851,16.44082731,12.82699826,22.15023365,15.63953734,20.15207084,20.04540078,18.97062645,20.23297072,20.01631779,22.17113051,16.63256442,18.91710945,17.95059755,15.19250549,18.38758637,19.9129457,24.51618666,15.92373397,17.01445307,21.16328122,18.88182347,0,21.32619197,20.56528563,16.88478776,24.0024135,17.02650063,17.42330534,18.71389051,24.07308448,16.95217495,14.22207224,16.39738731,21.85080583,18.02528499,18.84994223,21.03112565,15.10392626,18.46904752,23.2202601,18.75833315,13.78573823,19.53009099,20.99186094,15.72894039,22.68695202,21.80432993,19.71599976,20.60062097,16.52660972,17.8090127,11.34707299,17.0772393,15.44055311,19.86541881,18.22906638,15.16274946,19.33638326,16.73648604,17.42747176,15.25462684,17.5779708,22.26035318,16.33587817,16.0206134,19.23328627,16.95553972,15.55322293,11.67308308,19.48997305,15.42610116,16.10840045,17.84324995,16.62627708,20.39529942,18.81507836,19.11172041,17.65720243,18.75557381,18.77905128,19.60534814,14.37808397,18.76492208,18.22725369,14.99754762,15.70426645,20.10563433,17.9583534,19.20973447,21.69963688,17.02653015,14.76343071,20.37738139,21.97945488,20.45771321,19.0037494,18.80069415
23.24886551,20.33144354,20.8153799,25.07515789,19.72544585,18.82896638,16.95411734,18.13681654,19.77892816,21.16410046,19.29107498,17.67438961,14.38111758,17.09792509,20.53223247,22.21724145,19.5455584,21.89628616,20.72044948,22.64708978,20.5728617,22.02351558,17.28014504,23.9702692,21.32619197,0,18.41364887,15.56780936,19.80641083,17.08393811,20.92089389,22.1375525,19.99112107,19.93377028,16.70299956,16.65920816,25.36979501,18.33886066,17.35581353,18.14414664,20.78819028,19.18491044,19.58413818,22.64228613,21.12386684,23.26436907,20.79551763,17.28969308,19.46611397,21.8627251,18.17252824,23.64361711,15.58605237,23.09022152,21.11309631,15.67456925,21.57145344,20.08971628,16.22837549,17.29496237,17.5701229,18.32234529,17.34375626,16.72359049,23.50377263,20.0171639,15.60648426,18.07098154,14.59280797,19.15745379,23.47492238,21.9459585,21.71920479,16.81996928,20.75680467,18.56147961,24.95286239,22.72439509,19.5150257,18.26872375,24.62516706,21.33857499,21.36763683,17.64138044,19.22199875,22.48937899,19.33071449,19.04763391,19.6701349,18.04287764,17.63962415,18.89263744,22.03295115,21.50105975,20.3996245,20.5501773,21.59274418,23.0489948,15.26727384,12.72153019
21.60880445,19.3389069,17.64980176,25.46869079,20.10847662,20.84846385,18.55068661,15.22728936,21.83773243,17.86581164,19.15853599,16.84746225,16.97779732,19.56919186,12.49927163,16.89494139,13.46648728,18.74188267,19.74747421,21.43218698,20.30118377,18.15306151,20.48479062,26.28662768,20.56528563,18.41364887,0,18.09701859,18.76534888,17.68233608,21.72501892,21.49094008,20.31366036,17.32416397,15.73757894,18.87103966,23.2658477,16.58239515,16.77566208,19.84614679,17.36150108,16.25934913,17.76462516,17.81163996,15.38356829,22.70299258,20.62993803,18.39798933,17.31315497,22.92734578,23.61143911,19.25599266,16.834544,22.56953323,22.26296869,16.50476801,22.24886718,22.54764272,20.95756523,15.99896654,18.20929894,14.71129962,16.93565256,16.34869358,18.16428715,14.5225856,17.40930249,20.39246361,19.4569224,15.91017646,21.01573195,17.80267284,20.09700814,17.46224188,21.35763063,21.13346087,23.14269183,20.23994304,21.86374782,20.10242413,21.96025657,22.87225714,23.04032549,19.46568313,15.6610971,16.56918903,20.31678071,16.91996249,21.57541798,16.36882299,19.8760151,19.04663302,15.63738261,18.00090846,17.22492884,21.35066404,18.80300049,18.95669577,17.55718194,16.59441208
22.80655141,16.32957653,19.36593311,21.40966564,18.13086569,19.19127959,16.89303101,19.31175467,16.80060084,19.53990052,19.25317857,14.92857573,19.27616022,16.25566919,20.83104533,17.20351037,19.3438602,17.14209219,22.25382358,25.76714127,17.08386564,20.85611124,14.53315808,23.82538294,16.88478776,15.56780936,18.09701859,0,16.97255525,20.88280382,19.96929951,19.8312853,22.00737327,20.53071178,15.17370844,15.30530338,19.21005168,19.06460552,18.77035949,18.07794691,18.68251193,17.50272618,18.87748877,19.96898845,19.5118467,25.29604294,21.62167716,15.66575033,18.21672255,21.39994406,17.8891361,22.19992235,16.057394,17.99622602,18.10686212,15.41974875,15.1503348,19.08205651,17.05169271,15.30560672,15.13758308,14.14321886,17.46031204,15.14079414,20.00532439,21.52018768,14.83339503,14.5943516,16.8566666,18.97891842,20.02570726,16.7008061,22.84254435,14.89952262,22.99263254,20.07854335,20.54666216,17.25441904,19.14472613,18.25631027,19.38717544,16.76720292,21.99796115,16.94867311,14.41893238,15.27115458,18.69689063,18.34831908,17.58400498,17.00221066,18.20798955,17.54016587,19.98667693,18.01668778,15.85531455,18.62727654,19.16307579,24.4671562,15.40302657,17.04176714
22.95442616,17.9112206,21.75989157,25.89945965,21.55067502,24.90475091,20.4328952,18.60272266,21.33700575,20.71215377,20.31591176,15.24792105,23.59937927,20.41293131,20.6030427,19.03585424,20.83210988,22.09327643,24.81130103,24.96225875,21.83144093,21.93717007,18.55679658,27.92502074,24.0024135,19.80641083,18.76534888,16.97255525,0,24.29236534,22.94456313,21.48022623,20.1501174,21.83950198,20.31840652,19.25049837,22.20415017,18.79611024,19.51319725,18.2832564,19.28141444,19.57921339,19.44160787,22.29155907,20.54313121,25.7976063,22.34018138,17.45893653,20.40695953,23.64644558,25.45322131,24.75841156,22.46201068,18.65765025,21.75624754,17.56566512,20.71909992,23.20077125,19.17014058,19.41422605,16.84259018,19.4802366,20.27620111,20.99645103,22.50459738,25.67028015,16.43886527,19.89206025,18.08738033,19.15006084,23.7491331,19.48211994,22.1340665,22.14550992,24.96065142,19.41444542,22.55214245,19.43304397,17.1607591,20.66548762,26.72536542,24.07312281,23.9704917,19.51657292,17.19167907,20.22311142,24.5778752,19.25088873,21.60762171,18.55938813,21.23430398,17.05688094,16.87384048,19.82061137,18.83937204,20.12388483,22.95856156,19.33073357,17.48016891,17.04969276
22.09477797,22.09133087,20.4510235,21.64647229,18.80881788,20.59234658,15.51865189,19.30723241,21.55314127,22.09852769,21.88376193,18.32223305,14.55682357,19.00113107,17.22504378,21.497342,16.22144475,21.1332563,19.48651074,25.32733334,20.48501502,18.68611647,23.97839106,19.72912264,17.02650063,17.08393811,17.68233608,20.88280382,24.29236534,0,19.29578305,22.0976111,23.15830105,12.56054694,14.23143497,18.15404284,24.02552712,18.0461303,19.17514354,21.89139048,19.65099842,20.08874703,19.34833279,19.2325533,16.33227922,20.62018086,20.31724546,19.32853525,18.55942135,20.55688225,24.3973086,21.940137,14.59061068,22.30545544,18.06285837,17.23763387,23.56618837,20.60458601,21.38623929,15.7468175,19.28940971,20.49804768,14.21893237,18.38696772,21.56472989,20.06024814,16.55755955,19.87585101,17.35830709,14.6065586,18.28973446,19.34266072,18.18420366,16.28687548,18.88573713,19.04666782,21.96957811,24.31462838,23.1481989,20.9568013,20.8526324,19.72661879,18.31986987,22.9157864,19.08516779,22.91665716,19.72285576,16.91608373,19.89037803,21.96024657,17.54322445,21.39011142,21.51094523,18.33872675,19.6550444,21.49097714,22.20419884,16.40404074,21.1732797,13.5390379
21.19218639,16.02348494,19.44286315,20.6147009,19.34413937,19.88716966,15.51333455,20.58414898,16.644316,16.24229401,21.57197292,14.55869558,19.44891909,16.71955178,20.70813631,17.39883482,18.47518716,14.72513729,19.7982999,22.64802173,19.5541291,18.78973305,19.16868927,15.57650874,17.42330534,20.92089389,21.72501892,19.96929951,22.94456313,19.29578305,0,20.58307138,20.98001023,17.19404329,18.37728674,17.48989907,17.23381107,18.21053571,22.16333872,16.09629784,15.36830546,14.99666737,19.89026945,17.47000084,17.37460619,23.94739872,16.44733579,15.42210818,20.22402777,13.23376954,20.0024342,26.23155588,14.74393544,21.71520557,14.31845726,15.30175094,18.860808,14.94354566,15.18082471,14.47530348,19.19726697,16.31399861,15.61826018,18.19312982,21.27889117,22.65548224,16.56380695,18.27189263,17.16025775,17.14158072,18.88169437,16.27350485,17.45798233,20.47595207,22.22807486,20.26488868,21.25930948,20.73059902,19.29237487,21.31312814,20.62971133,19.26039561,11.35495772,19.48852885,20.96845332,20.76631174,23.48283542,21.60856013,17.69702423,18.47777316,13.31692319,17.44318689,19.69591554,17.49631794,15.86823318,13.49065559,25.30808413,19.67016254,13.50565765,16.45634435
25.94439599,20.14154022,18.86637492,22.9299046,20.82905777,22.0046779,16.37362947,22.13578269,17.39014691,20.64688635,20.87852077,19.28020118,25.7789788,22.36292638,23.15943833,18.80140206,20.33273443,15.64912924,17.90074707,21.80780281,18.78510606,19.39990759,17.70515371,25.57989592,18.71389051,22.1375525,21.49094008,19.8312853,21.48022623,22.0976111,20.58307138,0,24.87829233,16.09815638,19.28336229,18.35987281,20.95746532,20.65088441,22.76314552,21.75247703,18.25165359,23.05093204,19.58217046,20.20131573,23.46709851,20.32672326,23.90912443,18.9069133,21.98145278,25.4997574,21.17482446,23.89864867,18.25239777,19.85195359,19.03315422,19.16808636,14.97076764,21.73089538,22.20904353,15.81440457,21.52305326,17.09580388,22.78117584,16.74993854,19.81086432,20.91115291,17.934265,13.88651117,16.05736276,22.46514188,22.23367901,17.04451896,20.22711283,17.55099153,22.64932491,21.69334108,18.93390629,15.69617808,22.4234489,24.35869817,19.72160808,24.50476094,19.8987634,18.89872383,21.28731768,16.50412285,25.41423155,16.38253413,18.1634988,22.4428266,18.32834916,19.91044596,19.03590493,15.85236869,16.17616715,23.97197003,26.40551789,18.27791534,19.7542665,17.50265542
23.09103389,18.92334352,24.76698932,20.90435694,21.13004937,23.5120789,20.50687247,22.88085389,23.26858034,18.97937755,25.33148553,20.15950219,22.00875795,21.52372077,19.8363692,20.6704386,19.77641335,24.59128917,20.37686754,27.80045329,18.68817785,22.46957485,16.66926068,23.03743622,24.07308448,19.99112107,20.31366036,22.00737327,20.1501174,23.15830105,20.98001023,24.87829233,0,22.9339015,18.41916366,22.49817343,23.87796787,21.9650359,22.26095987,24.05003663,17.79449563,17.20253153,23.30701008,19.61898927,18.72695387,23.12626477,24.29456832,21.53521226,20.89687673,21.11411899,25.47237577,23.30528606,20.54111783,19.59578269,23.70888819,17.3990126,24.20590204,20.16932373,20.39132672,20.95396389,22.54456872,17.91676158,18.82479838,19.27788805,25.26232854,27.06026406,18.99259288,22.1779745,19.51394112,18.90695094,23.24115732,23.31649163,24.15287468,22.94492349,22.22691979,19.92988332,21.60655999,22.63689915,19.53961098,23.21822419,24.74903289,19.65059268,21.65745421,24.57135221,18.17522164,23.16198299,23.47578513,19.57083502,22.02300414,15.20323792,19.22465688,17.49490681,21.32819597,23.19978622,18.61627146,23.53251417,25.04220865,20.33513034,17.7121787,18.99624525
