0,33.53685895,33.39497734,36.04578687,32.38006082,27.51561209,32.03779705,35.67149302,39.61416627,26.25747325,33.76072241,27.66725428,35.93128533,35.24436522,29.59705557,29.21927719,31.14851454,36.87068353,31.60182114,27.94505808,25.14441281,36.57131362,21.27106973,33.72293411,41.9420035,37.55304447,31.03814028,31.9941836,39.43744865,28.50858525,35.34671774,32.6030045,19.79772918,36.6821027,36.39074016,29.32600034,30.20126932,36.50210757,36.53636804,34.96191904,34.73206291,24.48970111,29.8773095,25.27127329,31.90180908,39.24238249,39.38240034,39.35816193,35.75687433,34.48957288,30.78921291,32.09211362,27.63085196,30.60354705,24.81166528,30.70780722,40.63626062,38.43389088,30.20881942,31.48566558,36.84175376,34.63191438,28.09080702,22.80240776,35.80433129,36.86407783,29.16111244,28.31127062,27.68236352,34.07757925,38.0958607,35.57826314,26.14986054,34.78924622,28.08404904,30.90106772,35.19332556,36.80083085,35.1106493,29.93621336,34.95909578,30.3670066,31.4038102,33.31450868,34.66149391,23.0314467,40.08258109,30.72503936,30.66994859,33.4591159,33.00519706,23.58835747,29.5426785,39.74267194,36.31109434,25.60431259,24.11944358,29.53860711,28.72898264,40.47395728
33.53685895,0,27.14395293,38.60931946,30.44624232,25.42313253,25.51761256,33.7723774,26.4087926,33.58635532,26.27276143,37.73047462,31.88354419,40.8296104,30.96543024,31.90270032,31.67157636,30.25961247,23.99850083,29.4615499,26.31303932,38.24457857,25.15306027,33.78824772,33.28848294,26.43522146,31.78641823,34.0838945,28.98466328,23.83120299,25.40480476,24.82574617,28.78503911,33.94362494,33.82329412,25.79200728,34.59462683,28.43704535,39.06584799,22.89668627,27.32274243,22.43326781,32.9635385,25.21515784,24.08096487,36.55269073,32.36427144,33.45134001,29.79891522,32.24344054,32.82186878,36.05638762,27.68799468,30.79671952,27.94594968,34.54630288,39.00256873,36.26213041,29.02031753,25.87276548,27.85434413,30.21438411,29.82524234,29.57742853,33.98544165,32.48603405,29.50672468,35.86217113,34.3511631,31.88643246,29.69830074,27.57335271,25.77491659,23.19771393,27.97325118,28.69524314,37.04364411,28.34796255,32.98711057,30.27294192,35.08547606,21.4826356,28.36056331,32.02738776,32.87477029,26.87422475,32.95078594,29.89421955,24.87315958,32.63955393,35.58109332,28.89588834,26.33782068,30.34400325,34.66665279,27.52599481,27.05358311,28.42302085,28.14458908,35.17924145
33.39497734,27.14395293,0,36.41421801,33.88161115,24.73641138,26.34701989,33.78095029,34.89880075,24.1768529,32.11702017,28.4439137,26.84443728,30.47845032,32.98682028,31.30837099,30.28392802,31.75817791,25.7749105,27.72795028,24.40166553,36.24594353,22.75082219,28.96250028,32.95182574,31.31091066,31.74716124,37.28623371,31.79648354,26.38615306,27.67182954,28.2533129,31.63101454,33.83939778,27.38806032,28.61233301,29.43157011,29.72417049,37.42690348,27.29698262,23.82013022,28.6969137,26.89847445,33.48083108,25.72146556,34.19595084,32.19200435,33.50999891,31.14729434,26.91701304,31.18125533,41.25642532,31.53985581,33.51828052,24.36874554,28.58112997,27.90216234,25.17737125,32.63644949,26.46889435,31.50366428,25.03186464,26.1782486,27.56075182,35.49361771,33.35626777,32.4204802,26.962868,31.76055761,27.35096145,40.71142802,29.40693576,28.8014908,29.72381058,28.79866357,30.32937433,39.15903562,24.74863655,34.00268817,31.62037004,31.65380674,27.48602159,27.87580927,30.96882718,31.59781471,28.17988971,34.67549021,29.17220888,17.45701367,35.15700307,42.28531168,22.78388824,28.49887405,19.8607236,30.44222767,31.71908109,32.33618907,26.49744294,25.29800979,32.8908877
36.04578687,38.60931946,36.41421801,0,33.09958848,29.34876308,35.04520532,41.68650943,34.32415723,31.13934687,40.12034263,39.5721819,24.73555688,35.36224013,36.4454657,31.04670244,36.69131793,41.23356871,35.39526585,35.95956589,33.7644032,41.98833585,32.77450707,35.94740448,37.49237046,44.689773,32.08733746,37.39675881,30.05099525,28.25806043,38.48937805,33.82816003,29.27141085,34.81064213,37.63312384,34.03472136,31.51856718,31.74548194,35.8936902,30.07214492,28.229816,25.29153644,30.80888025,36.6913322,35.98089643,30.33928151,39.32000182,36.09679901,29.60608552,32.92494905,41.71187339,34.23706979,36.24225929,30.04883511,36.44702284,32.33297292,34.87515873,33.93638211,33.39772386,36.29140326,37.09741291,36.11100843,35.34587606,37.40010395,29.84141905,33.83784726,34.34714286,25.77788152,40.63574129,38.19677712,45.57507623,26.94332292,29.35340297,32.65069308,34.63249798,43.26759413,33.72151088,39.45301215,39.24983894,34.65443758,27.64774584,37.29594699,39.06607973,46.50011505,36.72219814,38.82390444,35.31697135,34.54219481,29.11191364,38.20221047,34.69009365,35.21290454,21.10475351,46.05570459,30.68208088,37.89781901,38.38733722,41.26528111,33.88462545,41.01651782
32.38006082,30.44624232,33.88161115,33.09958848,0,29.4001864,28.98987093,25.7145853,38.63986447,26.93733152,32.48473407,32.77717716,30.47307478,37.52789626,33.67742271,29.8807671,24.10632723,30.60378212,27.90934392,30.51312409,28.0518703,30.03475527,26.85980013,32.52646829,36.10228621,40.14332071,31.19098857,27.98592715,35.23269411,25.70980484,27.24580614,16.77541952,26.13280798,33.81752137,24.40534577,18.43998002,30.76403812,28.07233136,26.65630624,29.19610344,32.14830351,30.92138407,28.45890297,34.41633516,26.73547631,31.29482171,29.82082311,26.65067564,22.37437008,29.1430867,28.35681861,28.90427815,28.56652081,26.03793239,34.3676717,30.63169778,36.11793905,33.3400565,33.88117956,28.39549729,28.06490679,32.68441299,30.04613449,31.88018959,28.90307508,29.19354969,29.80944819,30.41267594,39.54802605,28.27746541,36.95623395,25.44171685,26.82122428,28.58882418,24.13573585,30.8028729,33.0393049,28.77658912,38.05791369,32.96784361,34.75945972,29.14303436,26.9243193,31.65270855,32.10740481,29.77051269,26.08767217,32.36526163,28.71638232,32.55390024,26.41371949,28.19900291,24.33603647,38.80813788,27.82332703,26.42020285,25.32320365,34.72019438,29.24968994,43.24759116
27.51561209,25.42313253,24.73641138,29.34876308,29.4001864,0,23.08948569,28.91668894,35.11277218,25.2855817,30.63293621,27.78851345,21.08137737,30.13386462,21.03642191,30.68287569,28.87065869,31.64631082,24.5020049,26.0834833,20.56783332,37.59091537,17.64143297,25.79010298,36.11991325,33.59449073,26.63977197,34.02554931,25.89498283,25.48292419,24.04382981,25.20273663,27.04175922,30.93027348,32.33615579,27.94167018,28.20525155,26.19728716,32.81915792,22.49076096,22.42705407,21.6886759,21.58132199,27.30759421,22.55803036,35.98341675,27.49582687,29.18090764,24.22737545,25.08401124,32.11152793,26.95620042,28.62816025,29.98190492,24.0214187,24.84655463,35.02889237,25.74410571,23.69559491,19.04949442,26.97104303,26.88120205,21.26014356,27.64522428,29.7744686,34.70499993,29.94287029,24.92710401,28.40684706,33.16696799,31.57869833,25.18952986,23.56297683,26.49369595,20.25766508,33.34393228,32.7708677,28.60532067,24.92367655,26.90491276,27.86551614,23.58658904,25.10672728,28.41737744,28.11603583,26.64643357,29.99776362,23.20050067,22.43234964,28.7999842,34.61171815,27.30841625,21.28196655,30.94746201,30.56568878,30.71864935,28.86442365,27.73767429,27.14509167,30.24741139
32.03779705,25.51761256,26.34701989,35.04520532,28.98987093,23.08948569,0,24.28117368,33.76107414,30.18551989,36.44767562,31.25537545,27.3739313,40.29578268,30.91554915,32.72881898,32.20585625,37.62808399,31.8485604,30.30892983,21.78664915,34.76651036,20.58441416,27.36546531,38.38219571,34.83061459,30.41659248,37.58039937,31.69431931,20.81270252,23.38008597,26.81476365,30.71499136,42.10894682,32.50429243,26.94648658,30.50188318,32.98926309,38.95252344,25.00198624,29.84783179,26.73561328,29.60439763,31.17391803,29.6037368,40.81812517,33.28830612,38.81666858,29.58077277,32.35076637,30.17461123,34.8515083,31.43545613,32.62412584,32.0225258,28.84594785,34.20816246,29.74369052,30.76833256,27.88213142,33.83984946,31.55111431,28.44129842,32.14466565,33.31506534,36.93894839,26.79495327,25.7110463,39.27432839,36.48504855,37.41855924,28.59425046,27.91250025,29.53506649,22.13038332,29.54776114,35.9349519,33.37923778,37.25482636,36.08309932,35.92184526,25.27189033,27.81727244,29.32051917,32.26120888,29.76192921,31.62451606,33.92383431,22.63136221,26.69813744,33.98378052,26.88677564,29.07886302,33.28638035,33.87703543,32.92616078,29.42059668,30.4152559,32.34490265,33.77070548
35.67149302,33.7723774,33.78095029,41.68650943,25.7145853,28.91668894,24.28117368,0,43.09947745,29.9435259,37.84811654,25.74519816,35.92273561,38.062353,30.0540012,34.77278306,28.54380475,34.36658903,31.25003388,30.65162022,25.00043241,35.0024283,28.92569323,26.00778675,35.12168357,39.69617473,33.65185114,38.41269355,37.56304507,30.11366765,21.91149956,30.85288936,35.01848986,41.05198502,30.84305077,27.46246844,36.0725533,32.33488355,39.52314545,28.16906525,34.6229414,33.74902337,36.03350084,35.81950826,26.58526436,43.94457657,32.46575508,32.95993355,28.36747692,25.66183781,28.61520047,35.60142034,27.43098378,29.31854972,32.6257019,29.34128349,39.22957971,29.24548031,33.12321575,30.69076606,29.88052132,29.60090124,31.13842902,35.69276086,33.4329263,38.28627452,35.28349612,29.89410046,42.14873161,32.86505957,39.44273144,31.26347078,32.94526045,28.82662354,27.73581983,33.56986164,35.90609038,37.57162555,38.34062664,37.66308861,38.29102753,28.27536471,27.69719812,20.43156721,33.05769254,37.12977114,29.31856063,30.8197492,34.02832251,28.92271193,35.00429459,31.89120776,31.23752931,37.22356373,37.77999028,31.60003583,31.56049037,28.95478314,32.2456322,37.8063012
39.61416627,26.4087926,34.89880075,34.32415723,38.63986447,35.11277218,33.76107414,43.09947745,0,39.62931036,27.0062117,44.11418607,31.89106442,44.66405978,44.06268631,38.18056795,46.71974716,41.35376867,32.25713022,33.76610932,34.26901708,41.98275517,33.87642855,40.02043468,40.13343093,38.36098022,32.89753013,41.22249044,26.90212214,25.82869751,34.11018549,34.56769973,36.44996703,38.84832048,40.44292569,32.83810938,29.47156187,37.92381886,47.27736289,27.4004474,33.06805358,26.92347659,35.19914396,34.38848097,32.48695609,34.54499657,34.8341829,35.13131917,34.4386009,36.97659535,37.38394392,44.08063542,31.68663428,33.06377215,37.8997284,40.20272451,31.83939318,42.44394365,32.46244748,40.38020802,41.41299415,38.04893468,37.66185587,36.6416591,44.40106667,31.83035243,37.94542964,40.3555641,33.77429395,43.44177213,40.05670986,29.85669811,31.35964807,35.10933443,37.6598066,27.9985592,33.87379432,36.61599708,32.6559527,34.7088966,29.69289558,30.48441096,33.91356847,41.86384786,39.19771804,40.31807122,36.21783782,36.76393145,29.66624694,42.93679945,37.5281479,38.88763157,27.9622183,37.74713347,32.38324954,32.72811349,36.16050999,37.88898366,30.92695606,39.31644111
26.25747325,33.58635532,24.1768529,31.13934687,26.93733152,25.2855817,30.18551989,29.9435259,39.62931036,0,35.92461983,24.49630651,30.89973934,33.46431461,29.06694889,27.03371081,25.54725297,31.77111674,28.08834237,24.25446343,24.79841969,31.6020284,25.99894059,31.28212857,34.28646777,34.40037576,29.71021253,27.12304368,30.99367872,28.28998844,29.37829735,24.74010096,27.36060806,31.44018626,19.99756307,27.18315998,22.97846496,29.35161751,33.9407401,26.92953652,23.23436523,25.57420317,22.55403327,31.25251402,25.14306129,29.18842113,37.3183726,31.77507039,27.01410201,19.46410857,29.0058093,29.99147442,30.63949721,24.33823364,29.58279455,26.60267425,34.05839188,22.00880491,25.5526208,27.47716172,29.27635688,29.0015953,25.81414243,25.75681162,28.8661225,30.47968178,34.5982381,20.16398812,33.82467996,22.46333223,43.09265295,26.5375349,25.52241737,32.7857383,25.28007655,32.68151336,35.28012539,27.09323346,31.59496096,28.06353718,23.49376435,32.3705752,26.87255091,30.77311094,32.50592037,27.82663276,35.4133169,26.10002741,26.8670055,32.5139094,33.2212358,21.36516698,24.3567856,31.41029667,27.83571775,27.86892775,28.06096947,25.61301207,24.47604048,35.83659585
33.76072241,26.27276143,32.11702017,40.12034263,32.48473407,30.63293621,36.44767562,37.84811654,27.0062117,35.92461983,0,36.25939343,33.6145412,40.87070365,37.86148418,30.14222647,40.38948098,35.1468912,25.71390823,27.68466011,34.51413842,39.24964148,29.79543523,36.31664953,35.99173027,33.99999552,30.65910461,37.78530609,30.06811288,29.36795669,32.34682407,30.84114698,33.05076309,37.82443634,34.67986236,25.55091318,33.38329737,32.70751677,41.69961599,25.93472667,32.17389326,28.6261431,30.90197534,30.64996118,23.43931692,30.85280843,26.2615864,29.67769778,30.17281441,32.95167463,30.26086113,41.08876642,26.09357239,31.3415531,31.38101492,32.32582073,36.71389105,38.87288844,34.04348797,31.88101783,29.11592061,29.97588094,35.45411957,29.19989945,44.20435384,26.45369711,39.2967505,40.34204843,30.10963664,33.42745014,34.84442312,34.5164304,28.71983076,33.21844056,32.56048686,23.6477675,31.75387426,30.10132971,29.76552879,23.88629106,31.96473708,25.67077846,25.07350387,31.27437987,38.13302394,33.51269895,34.83208749,31.37821834,28.31297006,42.68720735,40.12459391,35.16917057,26.9893881,31.89067878,28.45861144,27.01550469,33.26111157,32.74772393,27.22987828,31.73394698
27.66725428,37.73047462,28.4439137,39.5721819,32.77717716,27.78851345,31.25537545,25.74519816,44.11418607,24.49630651,36.25939343,0,32.83516416,32.85162771,27.38712324,32.72314537,29.46573262,36.47803392,35.3639963,27.10717495,24.97315003,32.90552521,23.63914954,29.08356565,38.32860702,40.53444061,29.11626632,37.88811948,36.53316981,34.52536645,33.74127626,36.04990332,29.02638463,33.49825299,33.75927368,28.2839057,31.79917276,31.00939378,41.5111953,30.93463317,33.27817059,30.99886379,29.94990096,35.95645994,26.34513688,43.69697261,33.020208,32.07337597,34.83135145,27.43740181,28.31564484,37.81975445,29.96718151,30.8113605,27.97278309,27.32567388,35.60150916,25.35677509,34.47733055,28.53774816,33.71188748,29.90864302,27.19134465,30.95478598,38.32157803,39.91880339,35.40560227,24.34946329,34.06936663,31.01407988,41.23599958,31.7575046,30.30918467,35.90980661,23.75732896,36.03425131,34.8898519,36.19992385,36.64576493,33.38710993,35.94095339,33.36425401,28.74992087,22.94990668,29.02251531,35.28268295,37.6295266,27.21897164,30.19547977,29.90022222,40.31707445,27.38342899,32.32087576,33.24714041,40.78448455,27.81491683,36.23061791,25.68366917,28.79406867,37.81096895
35.93128533,31.88354419,26.84443728,24.73555688,30.47307478,21.08137737,27.3739313,35.92273561,31.89106442,30.89973934,33.6145412,32.83516416,0,32.89438761,36.67343493,36.07134462,35.86595858,38.66215295,29.13875283,32.47047167,28.08924177,39.87086166,25.91557697,30.87964488,40.80973484,38.68862075,32.56140628,36.08869659,28.00212624,27.00316987,28.44829203,28.90430293,31.40624707,33.17285592,34.16380196,32.16333051,29.65281083,28.3635821,30.78394251,22.99211946,28.22535769,28.92723977,22.03779132,34.40219128,28.45957374,34.87775946,25.66303128,26.78163089,29.8761959,29.73657724,35.94762873,35.19639054,33.50467689,29.98861939,30.57694191,33.21636526,31.27725428,27.85761468,30.07501643,30.89480128,36.04046387,30.0814852,28.25598688,31.8068758,34.36155313,35.08605935,31.29646171,23.62869219,35.38818992,39.79318964,42.00702481,23.09372181,26.04442843,33.58102226,25.9524276,37.95224164,33.89748112,29.18458021,33.51724989,36.58627871,30.39437322,28.42511595,28.37597902,37.73566834,26.99981221,32.60046547,31.3075151,28.6718892,20.85117937,34.7544036,36.86155663,31.70802326,25.62199874,36.44633949,27.312946,34.47978839,36.21047546,38.89348033,31.54109595,36.87019997
35.24436522,40.8296104,30.47845032,35.36224013,37.52789626,30.13386462,40.29578268,38.062353,44.66405978,33.46431461,40.87070365,32.85162771,32.89438761,0,33.28911757,35.2073226,33.86985529,35.63976997,29.21331314,30.87736724,28.8192479,43.29491429,30.16317818,31.46433368,37.97553971,47.47360149,34.20277155,45.2256058,43.71640804,33.89840361,34.77062992,36.36432903,32.33373845,32.69602237,39.2418945,37.28421963,37.53635714,38.37300925,41.49858767,38.99744037,34.35443372,35.65503954,34.09623822,39.05593643,34.3921429,43.0957533,37.05809254,34.88077723,36.54473318,34.1941547,34.97462307,39.42002521,28.98403751,37.35546711,25.1236249,38.51414289,35.83011513,35.99722645,42.00083607,34.1375292,39.99928366,28.07694241,27.25883097,34.31642886,33.40728507,43.2127388,39.01902773,32.36609532,31.33735584,34.65935683,42.09869925,33.1340474,35.19821932,35.82095719,38.21719537,41.12383629,37.40727352,40.25018211,41.41596832,35.49251451,37.26013662,31.88470886,39.04716071,37.32223462,36.79026317,37.51192967,37.4234316,33.95268641,32.98249425,39.46880982,41.75333086,34.67512188,33.76289422,39.35278113,38.83846945,40.13827979,41.08649417,35.94824783,32.49249756,44.10450537
29.59705557,30.96543024,32.98682028,36.4454657,33.67742271,21.03642191,30.91554915,30.0540012,44.06268631,29.06694889,37.86148418,27.38712324,36.67343493,33.28911757,0,28.34576407,28.10341102,32.01200913,31.75950885,26.9106849,24.20182179,33.98254033,23.01395867,26.44241535,33.49812312,36.75525597,26.27445432,41.87621491,36.60323633,31.71893459,34.14745544,32.11239653,25.33093536,29.53092579,35.76497526,29.00664308,34.06171025,29.43290298,42.53933696,31.47773779,26.23526525,24.69902112,34.23034347,31.19226154,29.4656822,40.73306341,37.72876912,36.65050843,29.80316595,29.24578666,34.87193809,26.82607795,29.36941396,31.37738479,26.7033202,28.23640639,39.22456379,32.19594541,32.08230735,22.64903264,27.5662156,31.03039922,25.34165492,33.40160748,33.5416676,39.32643336,30.61357065,31.98253068,35.06929154,30.94368174,31.61904724,33.10360722,31.69690153,28.20275446,26.22587195,39.39513688,33.16755083,41.05883662,34.7059822,29.74572473,34.50230218,28.79725926,31.81494691,28.58755565,38.10006133,32.85519584,34.32027003,28.46407884,34.17740407,23.24325062,33.80917692,28.76350897,29.19530149,37.79467776,43.38831897,33.25004409,34.18450676,25.97822441,30.56788258,34.51688385
29.21927719,31.90270032,31.30837099,31.04670244,29.8807671,30.68287569,32.72881898,34.77278306,38.18056795,27.03371081,30.14222647,32.72314537,36.07134462,35.2073226,28.34576407,0,32.72218178,35.22491257,27.65288104,21.39316976,30.90535878,34.9515955,29.55616319,31.91241619,26.68027708,35.84058258,27.62110643,37.6007261,36.40437174,27.68149533,34.77429289,29.5061017,26.71754568,35.36234217,29.76417976,23.57936856,34.27464693,32.095673,40.84378645,29.22887776,28.78729691,23.74322921,31.97216365,29.69870301,26.60696543,27.38763389,37.94598426,37.89039757,30.59419547,29.46725367,31.04350866,32.57582789,25.93423783,26.7805643,28.98840496,27.2866641,37.35282647,35.22859548,35.98833675,29.51248564,27.95909638,28.33518368,34.04381859,30.44069723,30.48136289,27.43034229,33.58400748,29.85960225,37.42837009,22.52414049,40.63725497,35.12199505,26.30586814,29.64534839,31.83034636,31.81398947,30.74149675,38.18258013,39.19922077,22.10314171,31.17290127,29.30784647,31.19828857,32.26520528,38.78565954,29.06660902,37.87727351,32.01315784,28.76180688,32.15922414,36.05081616,27.4367677,25.31995156,40.48817765,32.76628969,33.62856392,34.38585592,29.82193169,29.09359532,29.75389554
31.14851454,31.67157636,30.28392802,36.69131793,24.10632723,28.87065869,32.20585625,28.54380475,46.71974716,25.54725297,40.38948098,29.46573262,35.86595858,33.86985529,28.10341102,32.72218178,0,32.12609434,31.24579558,35.81013075,27.29707748,37.20552168,25.34549109,31.26269032,33.94609459,40.08261888,38.55396117,29.39770139,39.48079532,32.71937902,32.82011093,26.26646135,26.2789762,33.74849535,31.22120248,27.73780629,38.81361692,26.3753638,33.12389222,32.94233571,28.45957963,31.41537372,35.38024779,32.60338808,30.57573304,40.91840671,37.81410814,35.86439793,31.46012431,29.52706542,33.98864671,35.19566663,34.19658115,32.85719256,30.74664181,30.64345485,43.29676356,31.15343241,35.60262456,23.62036433,23.90148511,33.33651176,25.73175642,34.20764912,27.71368342,41.06866667,33.32977683,27.05397305,41.92140948,24.63629487,38.17476516,30.34002505,30.98635246,25.08554715,28.87775766,39.95736959,40.71607782,31.68069679,41.10733305,36.97537597,39.54013977,33.59806318,36.38047581,33.74276077,33.6446008,28.30758192,35.2578559,27.54924527,30.61212736,30.85018642,36.86802007,24.49652943,30.30528355,38.06223354,38.56268806,28.20722323,28.65628864,32.051484,31.7511273,44.32849879
36.87068353,30.25961247,31.75817791,41.23356871,30.60378212,31.64631082,37.62808399,34.36658903,41.35376867,31.77111674,35.1468912,36.47803392,38.66215295,35.63976997,32.01200913,35.22491257,32.12609434,0,27.29629577,29.93254735,30.95764417,36.67954682,32.38668971,38.22746728,35.36241959,27.49526042,29.74574377,32.66069624,34.28692754,32.53512834,30.33733977,29.9140558,30.05160632,32.35620288,31.8016994,30.69824078,34.61298818,39.07991957,35.90536786,36.03058881,34.96808726,30.41497026,34.62525548,31.59548617,27.66737181,34.05250631,37.31793901,32.27501885,28.72351622,32.18157976,31.89937443,34.80559174,25.28132534,34.41567175,28.77328715,31.05767344,38.99977943,33.7940748,34.23591784,30.09154704,31.7779216,27.19694283,32.26352702,33.9835199,33.74431496,29.53610884,33.04334375,36.82807313,32.70102655,31.17906093,38.51408662,26.87049063,28.81286624,26.18859398,29.90354337,37.03109749,42.27648763,37.41738197,37.52450271,35.38012114,36.09037038,30.04544352,34.62433273,36.82348194,33.74742581,33.74115305,24.64712057,36.53534947,32.72457576,37.20829346,38.2337855,28.35725505,31.33230523,30.66693961,38.35818306,37.08675302,33.78007419,29.35844594,31.94418719,38.96734667
31.60182114,23.99850083,25.7749105,35.39526585,27.90934392,24.5020049,31.8485604,31.25003388,32.25713022,28.08834237,25.71390823,35.3639963,29.13875283,29.21331314,31.75950885,27.65288104,31.24579558,27.29629577,0,20.981394,24.26817908,39.42574043,28.53661002,30.95191678,33.59638188,29.07592507,34.40746007,33.49813144,32.71258579,24.84692751,19.3603748,23.95468853,29.64811721,29.5332162,28.51493702,28.17615899,30.53988234,30.70831096,33.67274186,26.24532945,26.2545151,28.10686146,26.75307882,27.71598495,23.11906245,28.82002993,26.88922344,26.05653508,24.88998149,22.55116122,31.73487655,33.13397072,21.28220788,25.91763767,20.77777346,34.25442303,35.28882835,35.79655699,26.45980211,29.66955962,26.56065026,24.87652401,28.40265616,26.61815018,30.28460925,28.56188178,33.52082918,31.96480527,28.96851896,29.41338708,36.0690771,30.18367838,26.67603856,24.12121982,31.27725628,28.84066906,36.04001493,28.6007652,29.43029577,28.93840422,30.27516543,16.53616619,26.24016184,31.23914805,33.22623679,23.86601135,30.63196177,25.44080383,27.09544946,32.91980124,32.34131791,26.94524809,24.59769945,34.21377587,27.90968313,32.23329655,29.49782037,28.35886852,26.59175149,33.60167765
27.94505808,29.4615499,27.72795028,35.95956589,30.51312409,26.0834833,30.30892983,30.65162022,33.76610932,24.25446343,27.68466011,27.10717495,32.47047167,30.87736724,26.9106849,21.39316976,35.81013075,29.93254735,20.981394,0,23.47738329,32.96925588,26.64465194,32.12805445,35.03786482,31.86980979,24.23196986,37.1510292,31.42716315,25.34695255,25.72300821,27.61756455,26.87854258,29.76276105,28.44763328,24.89674342,24.6185576,34.99340493,42.77811635,28.41427239,28.2953433,25.93960847,22.43627988,30.49285147,22.77325273,31.04589722,30.14902803,29.97454357,26.61331393,25.3246968,25.78373131,30.0121296,19.38716217,25.58742664,24.7599649,31.8613547,32.60170319,32.90757675,28.87542348,29.276246,31.09038868,24.99956283,29.16825288,25.48612564,32.30881811,27.93814911,34.23739236,29.58148986,27.27642789,27.96617566,35.94168583,30.1340796,24.15041717,32.49816645,25.95984923,26.17207435,31.02030815,34.4532311,31.3621254,22.48461589,27.67795537,22.23257743,24.64386312,26.68779713,34.33686587,27.92352581,34.31594246,30.51591837,28.25667776,28.37084173,31.41926982,27.40640379,26.94382827,33.0494526,33.31828236,33.35107582,34.97499865,20.61623148,26.80710037,29.52217299
25.14441281,26.31303932,24.40166553,33.7644032,28.0518703,20.56783332,21.78664915,25.00043241,34.26901708,24.79841969,34.51413842,24.97315003,28.08924177,28.8192479,24.20182179,30.90535878,27.29707748,30.95764417,24.26817908,23.47738329,0,36.76211981,18.22272359,23.73126693,34.90239505,35.30594111,27.43380966,33.72720245,33.63642479,24.09843824,20.47963586,26.05661933,25.75236031,30.22896414,29.78543928,27.5262941,25.79806862,30.92284203,37.27916023,27.72940291,28.69009603,25.39863965,26.91969855,27.62033951,27.94766955,38.92048316,33.06187464,30.38356609,28.06349189,24.93679929,25.15415445,27.359443,22.57617106,27.61394447,19.63776982,30.54557453,29.67473811,29.66859295,28.57947566,23.55186237,31.82171333,30.02719649,20.94643949,29.58700049,30.71614283,35.56621539,25.51746984,23.49189509,28.60069326,31.23093543,30.38361316,25.91743533,26.87388329,26.63571541,23.08063827,29.43905319,33.61972772,30.946429,31.54458446,31.61285773,30.81944001,24.02239474,27.56581058,28.92955644,29.6748941,26.25014846,29.41181888,26.45741718,22.28813355,25.86824516,28.78803891,20.42874363,25.4665291,33.0501208,36.51610274,28.91354204,28.34569603,23.04309199,20.16005129,38.10369168
36.57131362,38.24457857,36.24594353,41.98833585,30.03475527,37.59091537,34.76651036,35.0024283,41.98275517,31.6020284,39.24964148,32.90552521,39.87086166,43.29491429,33.98254033,34.9515955,37.20552168,36.67954682,39.42574043,32.96925588,36.76211981,0,29.94729208,34.70569061,41.27210235,40.85460878,28.88710552,44.34130777,42.43913033,31.22935075,42.06976021,31.70480974,29.15954956,35.95239033,31.70936027,25.70783452,28.21788444,36.98154623,42.03871876,36.35865793,33.79779603,33.08774781,37.67515571,40.54637643,33.92244021,35.49599976,39.0356526,38.46860366,35.53565251,36.56223642,34.87114207,39.47857618,34.99934663,31.40944979,40.88240247,34.73824288,31.94859929,37.57625826,38.88580028,39.35091579,40.97569181,36.4517205,31.6688776,34.54400022,45.49083385,36.08615529,31.92849179,39.15167713,40.85092748,36.76177538,47.76547301,34.61045781,36.99234482,40.31093736,30.5730897,34.59676236,31.59309453,43.69907935,42.35125495,40.26726108,37.44363584,33.02731075,29.55730511,31.03478609,43.00020675,40.1661387,34.23814341,38.75233891,39.75988178,31.74842214,32.07002676,31.71475657,37.29896071,38.38927192,37.98492295,30.11350098,33.07702664,38.57672923,36.97134326,42.78605688
21.27106973,25.15306027,22.75082219,32.77450707,26.85980013,17.64143297,20.58441416,28.92569323,33.87642855,25.99894059,29.79543523,23.63914954,25.91557697,30.16317818,23.01395867,29.55616319,25.34549109,32.38668971,28.53661002,26.64465194,18.22272359,29.94729208,0,22.79193819,35.36045153,35.74917798,24.7356343,34.45041972,32.35948081,21.84788109,28.77147313,23.37286277,20.10832834,31.92562304,31.29567066,21.66438224,26.31349499,28.66992033,36.04522309,27.63806149,24.94523941,22.77798116,25.7164412,26.13415157,26.05143182,37.72050734,28.81654722,32.92026359,28.64713288,30.5532261,25.33673702,30.45987051,26.40291593,30.74426343,24.32891693,24.80343484,30.14448218,29.36897428,29.82839942,19.18473195,29.9723264,28.80548025,16.42868049,25.6096619,34.9318579,35.3861288,23.66039726,25.57788761,27.62091509,31.75510224,28.93412022,26.50343369,23.43247055,28.13012518,19.52962665,26.48651953,28.60189113,30.40903835,30.53109231,29.50631141,31.31870706,23.80468235,25.28758889,26.82565651,31.12099495,23.54734238,29.37544986,26.54977498,20.70522241,26.03111992,31.72252543,21.37512065,26.28287959,28.90982648,33.06107401,23.76443953,24.66145877,26.68477718,24.62761032,34.06097223
33.72293411,33.78824772,28.96250028,35.94740448,32.52646829,25.79010298,27.36546531,26.00778675,40.02043468,31.28212857,36.31664953,29.08356565,30.87964488,31.46433368,26.44241535,31.91241619,31.26269032,38.22746728,30.95191678,32.12805445,23.73126693,34.70569061,22.79193819,0,26.6083869,39.95847808,31.32238441,44.92411807,41.2302301,27.03183771,29.21856256,30.09226015,31.91775763,36.87911895,29.01064227,29.28399388,34.85115389,29.28910617,41.09417378,28.06893964,26.97763452,31.51081441,37.72375608,31.59748418,30.89380986,39.77683589,33.9667269,34.3303467,31.72915008,26.26735189,29.8322453,31.94492889,26.79139379,26.69336856,26.82597459,29.31632207,30.11353173,29.49020042,33.71557543,27.58006047,31.5255794,27.43017016,24.73018924,32.73469426,39.17250817,36.63947821,27.73266832,29.42369165,39.59154392,34.65279835,35.32902755,33.14109189,32.26419154,29.98858983,33.58324316,34.11436124,23.75732132,39.58185441,35.74319474,37.43222394,31.17640082,27.46516654,25.04378566,28.40531476,40.98668661,33.60823036,27.17707887,26.92839799,31.1583584,28.1292094,33.31243352,29.1243732,31.26506552,36.78437511,36.07095004,31.07061179,31.51794736,32.92873241,25.15417441,32.2330296
41.9420035,33.28848294,32.95182574,37.49237046,36.10228621,36.11991325,38.38219571,35.12168357,40.13343093,34.28646777,35.99173027,38.32860702,40.80973484,37.97553971,33.49812312,26.68027708,33.94609459,35.36241959,33.59638188,35.03786482,34.90239505,41.27210235,35.36045153,26.6083869,0,39.59006139,33.5582285,43.95403885,40.00026116,33.24091402,36.00030009,33.5642164,37.29655785,37.87696286,29.9431577,29.41118422,43.01958413,31.00554912,46.36452234,30.76671858,29.74976933,31.36466657,44.77121979,34.41425968,28.99594888,35.35583755,41.82245172,37.35579561,33.96520067,28.62285657,34.68893305,38.5720092,29.37538889,29.56550596,33.29497154,30.41573563,37.74008497,33.3838218,39.3483546,30.32086186,28.36901583,28.95170238,36.69658006,38.93284853,36.45517651,30.90633649,37.10658819,36.83756911,45.1036945,26.50869978,38.96684501,34.71583562,32.09412727,26.396521,42.06174309,37.42731189,30.69191834,41.71882889,40.77686248,33.24062119,31.60653311,36.62794748,34.31736977,35.97728733,43.85729083,39.39846136,32.89489092,32.21693341,34.31850893,38.50706915,42.87059458,35.29038562,29.76885772,38.47945231,38.42389725,35.1191987,36.78594809,33.0423627,26.5313299,32.69519388
37.55304447,26.43522146,31.31091066,44.689773,40.14332071,33.59449073,34.83061459,39.69617473,38.36098022,34.40037576,33.99999552,40.53444061,38.68862075,47.47360149,36.75525597,35.84058258,40.08261888,27.49526042,29.07592507,31.86980979,35.30594111,40.85460878,35.74917798,39.95847808,39.59006139,0,37.63053277,36.8976331,34.42787663,32.29526451,32.23170493,36.04236645,33.95391419,41.11096602,34.17555533,37.09527055,37.41631385,39.54041403,41.4321713,30.16345977,33.33606278,29.45834979,36.7403678,26.81816366,31.6659286,34.60681653,41.21552489,41.10942151,35.98716875,34.01627382,38.25325311,40.7953794,31.58207849,32.55600377,29.97804794,36.22009157,44.32362038,36.09833844,29.01925616,36.61379553,33.48575077,28.61976742,38.51279245,30.04136248,41.3769508,31.00757575,33.84166992,36.97078141,40.04687729,36.826109,45.59743376,35.64999654,31.27915842,32.25323135,33.13668674,39.07564732,45.36539354,38.34309083,39.45379196,39.41795237,37.71654336,27.5224009,32.16926732,39.66889079,40.00040576,30.63939948,36.4380248,36.79304575,33.7959491,37.13053376,41.3587997,28.27109054,36.39399737,32.76298983,38.71368472,38.70740602,36.21897643,32.42921816,36.51449069,30.86691007
31.03814028,31.78641823,31.74716124,32.08733746,31.19098857,26.63977197,30.41659248,33.65185114,32.89753013,29.71021253,30.65910461,29.11626632,32.56140628,34.20277155,26.27445432,27.62110643,38.55396117,29.74574377,34.40746007,24.23196986,27.43380966,28.88710552,24.7356343,31.32238441,33.5582285,37.63053277,0,40.54564458,30.44763381,25.80902783,34.10715445,31.10066837,26.07862531,33.34251791,32.40604426,24.767374,25.54381049,35.09921988,41.82587739,29.52547481,32.0200724,21.71564913,29.40100308,33.10811872,27.03863555,33.77922141,36.46945767,33.21177383,28.25681553,33.49189463,26.16957328,30.1362695,24.09616983,29.82371555,30.82202841,26.65656846,28.38016194,29.63393258,35.51465282,29.04007411,36.5612585,27.78480921,30.0630599,30.59802524,36.63243909,28.2105888,29.88442657,33.08438664,29.58973064,31.81660975,34.98795679,25.1210171,27.04917784,34.34059201,24.94883118,30.61825211,26.53042787,38.30598393,35.19961192,24.05604142,27.95924652,30.30149758,27.74169473,30.76748468,35.07518283,38.2118492,28.85241165,36.46960217,28.05303319,35.08383234,33.59876506,31.39607825,24.99837713,31.39419978,34.67358348,31.57591497,34.53487158,28.49878254,25.38276392,34.39585745
31.9941836,34.0838945,37.28623371,37.39675881,27.98592715,34.02554931,37.58039937,38.41269355,41.22249044,27.12304368,37.78530609,37.88811948,36.08869659,45.2256058,41.87621491,37.6007261,29.39770139,32.66069624,33.49813144,37.1510292,33.72720245,44.34130777,34.45041972,44.92411807,43.95403885,36.8976331,40.54564458,0,32.67127568,37.72016602,34.17093376,28.72372788,33.72683271,39.51862426,34.17651185,34.55153431,35.21060488,38.91841802,31.88887998,33.54500009,37.84848016,30.66892672,30.581211,28.33487078,30.42673996,36.02802655,41.60273039,36.28488933,36.06004316,33.08705909,33.90798799,35.5856486,36.20547895,34.90005449,37.98991369,34.1684782,47.50980381,35.4428118,31.94465188,32.03566703,34.18459857,40.52703042,33.45594664,37.34441419,33.66585557,36.65453272,40.22599305,29.3118555,38.10653559,34.73346355,46.00739542,28.20053637,26.57644955,34.01118306,28.53329259,38.39966021,45.84098996,29.92791104,36.4506344,38.02957439,35.36994977,38.9318175,39.02352775,42.39718799,29.46344942,29.56187712,38.47264242,32.04591178,30.51650411,42.2584637,40.354312,27.53897492,30.83751991,41.90791198,34.2380487,32.61963723,30.61537822,38.33524268,34.28497637,45.72627626
39.43744865,28.98466328,31.79648354,30.05099525,35.23269411,25.89498283,31.69431931,37.56304507,26.90212214,30.99367872,30.06811288,36.53316981,28.00212624,43.71640804,36.60323633,36.40437174,39.48079532,34.28692754,32.71258579,31.42716315,33.63642479,42.43913033,32.35948081,41.2302301,40.00026116,34.42787663,30.44763381,32.67127568,0,30.70352563,31.57473619,32.50530359,35.60919384,36.0463525,37.15165626,31.34964415,28.66430686,32.76996145,42.4534514,23.57504488,26.97455539,24.55049161,25.40557554,35.24478144,25.39518475,33.13194163,31.07838453,31.20603563,25.39739492,29.87379038,37.93296241,39.27142759,35.48422197,34.39619368,38.2411597,29.17692671,37.56283676,29.45696373,25.72492131,30.89846538,30.77270158,34.20061579,35.86421252,36.95173053,36.1286891,31.06301018,41.41727255,32.24483218,34.96218815,37.68653675,39.79690704,23.39772516,25.89766674,31.06844467,27.29785032,35.6325041,39.34310731,31.07337177,27.46740968,29.49896699,26.45957545,34.38066176,33.73809942,38.93067675,30.98298051,39.10678868,34.2323161,32.6429859,26.29085499,39.52265845,41.64968739,36.96437673,22.18977699,31.77112074,31.95268975,35.49782634,38.5052184,31.18029695,33.39257962,32.62987964
28.50858525,23.83120299,26.38615306,28.25806043,25.70980484,25.48292419,20.81270252,30.11366765,25.82869751,28.28998844,29.36795669,34.52536645,27.00316987,33.89840361,31.71893459,27.68149533,32.71937902,32.53512834,24.84692751,25.34695255,24.09843824,31.22935075,21.84788109,27.03183771,33.24091402,32.29526451,25.80902783,37.72016602,30.70352563,0,24.16793602,23.06665544,21.68659426,36.25640923,27.31766937,22.13081377,25.73827878,30.23126564,36.34409402,25.12546483,24.55679432,23.65605377,27.72368149,29.92203404,29.37465444,30.7157498,30.82768367,33.53057094,21.59746394,30.95135874,29.16238613,32.59558271,23.35791406,24.16079187,27.45868598,31.22630965,29.01579585,32.80889279,27.68193341,31.33417515,31.66344738,24.29666436,30.15527409,21.46651297,30.04255162,25.5221161,23.44013158,28.81808792,35.12789289,31.53061733,33.52832335,25.5908843,23.80906295,27.40668882,28.57086774,25.1204719,28.31854642,31.684011,36.32981468,29.59152207,29.20045118,20.50994701,24.07740942,33.58483447,36.83872922,27.86691038,26.89016993,34.72479725,23.92696718,30.47699324,24.42245502,28.08954651,22.56168068,31.31525277,25.25186892,28.41999519,25.70032679,28.04440891,26.75883067,33.8771965
35.34671774,25.40480476,27.67182954,38.48937805,27.24580614,24.04382981,23.38008597,21.91149956,34.11018549,29.37829735,32.34682407,33.74127626,28.44829203,34.77062992,34.14745544,34.77429289,32.82011093,30.33733977,19.3603748,25.72300821,20.47963586,42.06976021,28.77147313,29.21856256,36.00030009,32.23170493,34.10715445,34.17093376,31.57473619,24.16793602,0,24.63064661,34.82791622,38.28589192,27.65786364,30.07346649,32.28685123,33.54129611,36.4904854,24.65991629,31.40445246,31.83553549,27.81803513,30.98366713,24.95564355,38.27412426,28.64428001,28.32779421,24.3030718,24.44831701,27.78371877,32.14053124,23.55122033,28.20774013,26.47726439,34.42142837,36.82484525,30.32993848,27.06810716,28.83336334,29.9517093,25.78653957,30.56009815,30.06980833,29.18022252,32.14246969,33.72169206,29.14720226,35.9176052,33.47556223,34.54013585,26.62870696,26.86869682,27.27228399,28.27751855,29.19067633,37.69313501,28.17126534,32.77875216,33.94773573,32.75044924,21.78943504,24.84823786,29.41508922,31.07390498,29.16484284,27.48417398,30.74580181,26.08935792,32.96749014,33.03163116,30.36154214,27.17427802,32.17916037,30.62011484,34.65851534,30.75040525,26.96221968,27.76561587,34.96726665
32.6030045,24.82574617,28.2533129,33.82816003,16.77541952,25.20273663,26.81476365,30.85288936,34.56769973,24.74010096,30.84114698,36.04990332,28.90430293,36.36432903,32.11239653,29.5061017,26.26646135,29.9140558,23.95468853,27.61756455,26.05661933,31.70480974,23.37286277,30.09226015,33.5642164,36.04236645,31.10066837,28.72372788,32.50530359,23.06665544,24.63064661,0,28.05459509,32.74398532,20.42097473,20.53524669,27.66411019,30.11259327,32.48853441,27.81270608,25.011248,29.21506011,25.22750089,29.94120062,25.19144831,28.68231109,29.76900381,28.8467926,22.57454886,27.8092056,26.69856125,25.57001439,28.73488826,27.87906937,33.41431242,31.49445478,33.99466659,32.05565516,29.74343914,22.57755247,26.88688076,31.40292466,24.47517744,29.73617803,30.37638935,28.28936079,30.23701987,30.84001491,35.94964368,28.58083076,32.15043492,24.36561413,23.03268211,28.83430965,25.26728657,25.91219154,30.91654134,25.12732228,31.57951895,30.66179897,28.11545455,26.77028476,24.5948547,32.69953071,35.81221159,23.16635337,26.14043115,30.38382314,25.39742048,31.44345373,27.39454625,26.42715089,25.4237171,33.19158786,25.26696643,28.92028799,24.18753163,31.98373205,26.77431434,37.01190763
19.79772918,28.78503911,31.63101454,29.27141085,26.13280798,27.04175922,30.71499136,35.01848986,36.44996703,27.36060806,33.05076309,29.02638463,31.40624707,32.33373845,25.33093536,26.71754568,26.2789762,30.05160632,29.64811721,26.87854258,25.75236031,29.15954956,20.10832834,31.91775763,37.29655785,33.95391419,26.07862531,33.72683271,35.60919384,21.68659426,34.82791622,28.05459509,0,28.82652615,33.15844449,23.47339597,29.04191039,29.66675861,33.9606253,31.82551858,28.41079849,21.95760647,29.12378074,27.952784,31.47390119,34.06455488,35.17142428,34.54370881,28.61384435,34.12493843,31.70194944,29.99512487,25.47181439,25.94185469,24.8000303,31.2660412,36.03976279,35.43908879,31.07051929,29.5234721,31.66265698,28.97514798,27.5347137,22.20910956,30.61746213,31.96640273,21.30577986,27.82395278,32.83598778,30.0765713,34.33942026,27.82269541,24.21098678,29.09189687,24.91386535,34.57136556,31.49206244,36.1054506,39.42620269,30.54607746,34.62474127,26.34267814,30.76449644,35.81797712,34.57769308,25.54165738,32.51580699,32.62740852,28.6759131,27.41231352,25.49401599,23.51335585,26.28989867,37.25219446,35.48163792,25.5255094,27.68983748,29.34703049,29.24616695,40.3089919
