0,208.0817555,192.5417779,206.3128698,164.5181462,183.9559509,198.4873751,207.0439616,204.2861566,226.0612627,191.332793,203.2918137,201.3376823,226.1021892,152.949755,176.1557627,154.5852377,186.3397438,187.3778924,229.1440939,192.6525244,201.5303936,192.2428568,243.1639102,190.9985642,229.4852575,188.2632279,176.5245132,202.4755222,190.6822155,217.78106,136.766101,150.5013069,171.5579175,173.4477496,167.7170951,207.0910444,177.4010503,180.0831702,181.0453727,173.5616322,229.0016521,243.2369486,187.4763753,213.1141245,151.0428389,162.8196604,221.4878951,217.8927753,126.7877494,215.8448839,231.1168931,240.1014633,204.1513367,203.4210824,208.0419573,222.9319918,213.4436237,245.8705164,198.2651999,188.5696854,194.8460589,230.0902891,221.8548657,177.9865731,169.4038098,242.109241,232.182512,182.8368575,174.9893592,205.7672596,188.7036874,170.7657293,214.6555712,214.5172088,183.0598013,176.6696419,163.831223,244.5123883,192.6752159,165.4362747,218.9022146,173.6417597,192.3907985,166.4222005,202.7280776,220.3155714,225.4254521,195.3996858,216.2054548,221.5363113,176.1894394,232.2485948,216.1769831,191.552067,170.4312228,171.8138342,216.0691929,190.5282041,227.9265197
208.0817555,0,173.0983963,239.8668193,156.0060493,193.7413569,159.319822,177.023279,177.2237624,159.5735104,133.4431581,185.6876969,196.3189558,218.110231,152.4156781,166.351835,141.0041929,153.6408241,225.6604788,176.5335622,183.8361724,168.3142999,189.2424438,147.9121976,184.0614565,244.251423,190.758122,168.6540243,166.4524772,199.4381966,222.9595495,151.220952,160.3407971,199.3119919,215.1365928,188.8638376,170.5658336,181.1472172,150.5686747,177.6168921,203.8456146,233.0840304,197.2135912,189.6077473,163.3671811,212.0118053,139.9436957,190.561288,220.997038,220.0077758,164.4515388,179.4517168,198.8013823,149.6255138,174.2654755,186.6411917,206.6198686,168.7121205,235.1368421,178.2758748,214.1383845,192.3584423,227.0387441,165.7819596,157.566652,158.4758655,212.8576304,225.7900732,191.7209767,192.5889142,173.3191714,201.7220832,159.9428998,165.9392602,219.9756943,205.1253097,216.562689,186.3735785,197.1858632,142.8939708,189.2707278,206.440477,188.3541745,171.009455,193.535588,187.1289372,148.8702423,189.14152,161.5152715,159.3255739,176.1454813,174.6185477,175.6046422,193.3180767,204.1464864,223.8856715,132.7392,184.9479294,192.1709696,165.4525617
192.5417779,173.0983963,0,239.3145551,171.6139716,154.7934152,155.4465612,185.8402885,201.5618629,123.6194159,129.8117229,130.7718142,169.0396893,156.8834865,132.0555667,164.9786417,152.5228731,162.1125444,170.1088064,126.9906047,166.4991225,149.904579,198.6726623,166.6130803,123.9975502,180.3348339,138.6779905,185.7404377,170.4975848,170.8032626,240.222078,174.9885534,195.7286517,134.2987586,153.7554703,180.6380198,128.234589,146.6129865,167.8221924,177.8257258,139.0644623,187.2232581,181.1762523,158.6511147,142.8645004,216.903714,151.2155591,160.2162665,186.4332289,161.8882207,166.5852465,185.4489171,134.2174741,115.4869772,163.7709318,125.0551674,184.4192238,139.145604,244.2279022,154.2257411,189.3824827,131.4455101,167.9176006,186.3562597,163.1777459,143.7886996,184.5031896,223.8919061,194.6330756,183.1988623,149.9708441,195.9932791,154.2796376,124.1318982,191.3898031,136.5826293,126.4303704,112.6229441,132.9505193,138.9370744,188.1453563,199.2020578,155.0615949,161.8208648,123.8770296,170.3554873,181.8483573,192.0593203,161.5748672,141.3911544,144.9048361,182.2027814,180.5510244,186.122144,226.5265971,171.2740553,140.6393003,168.8305734,164.051103,137.3305305
206.3128698,239.8668193,239.3145551,0,183.0992519,212.2694318,217.1244371,161.8363113,171.4363442,227.5241815,209.2590682,211.8667107,168.4620072,253.6503005,204.431511,190.0472285,188.081319,254.8795838,207.5448592,266.0089199,213.4530893,189.2180737,230.1496683,222.3348366,228.0998641,256.4670579,237.5543484,183.173508,210.4428788,218.1272241,216.7475872,200.9131553,173.6335217,211.2378933,206.4865418,158.3322934,180.6696163,231.3522569,199.6600566,209.383977,237.3945251,204.3433626,224.0757764,181.8745761,230.8071889,227.2570302,215.9608305,254.8085192,207.9504425,181.0399953,220.7783968,208.456312,226.8151691,244.2319301,179.8844136,190.9830586,187.882524,216.5696621,272.7362386,242.8466062,209.998477,207.0568692,216.0455959,211.9136607,204.0923899,179.2526231,194.321391,207.6730052,242.3676485,208.3119432,230.3449009,195.4863828,219.1892496,237.5364604,249.0204287,190.6041139,214.9317381,212.7787179,266.6817532,215.0618727,225.21456,170.123831,217.6916457,219.6092415,249.0472355,154.3395843,227.2394315,232.0750567,187.2256307,261.733351,226.6631364,229.050239,221.9755567,224.0693322,173.2434299,236.1886288,196.9007382,260.9374442,191.8980161,227.701378
164.5181462,156.0060493,171.6139716,183.0992519,0,178.4400403,156.2627397,163.2587895,143.0109695,141.0951781,158.1308752,177.036532,157.7821065,175.1485811,148.7264189,145.6987838,137.4090961,140.2801379,168.7553846,185.9402384,133.4082448,149.1851444,125.1904336,139.8461407,179.9760659,221.2202485,180.8413503,164.7033252,160.4155268,193.1943757,166.1386778,135.3285432,84.28254148,165.1784053,182.1340176,145.863811,154.4990332,165.9797413,168.0803419,159.3974639,153.8388391,174.7982498,184.7194048,159.5185323,138.4439679,166.6734426,119.113757,196.3012071,179.541991,165.9142036,157.9092681,148.9776154,185.9741892,172.4937748,132.1051736,168.4520698,165.2553459,157.81923,215.5439615,203.0830848,179.6331503,132.2804082,165.7746423,190.1202056,125.3078813,142.0309235,168.7037476,177.9071269,207.7144669,149.3850238,193.2869624,169.8409698,133.4815863,175.4801952,215.5772109,168.3643764,149.3553929,187.4131282,210.5461164,149.3377943,141.187667,147.6880539,152.8963676,160.6578045,159.4166078,176.4682074,180.2061381,174.9872763,194.4051178,176.7588194,193.3032002,167.8708301,162.6709546,164.4114553,147.9942604,184.5751098,144.1232228,184.7025498,127.4816928,169.5763663
183.9559509,193.7413569,154.7934152,212.2694318,178.4400403,0,183.5410433,171.334233,202.9412391,158.201389,156.2368548,175.9941715,152.8549142,173.0388715,139.3788539,190.8598542,148.3343507,190.2069898,231.3710964,193.8787464,180.5591098,141.8538506,209.5516949,199.0117049,154.8796977,198.8236831,171.4078297,171.7561405,178.5095714,189.2434464,243.7997058,168.6908701,198.7622787,167.0045171,174.9716677,172.9408874,159.241735,144.1315629,189.0493581,169.8841783,179.1593935,225.5294891,208.0453265,147.9256089,192.5061172,215.1864042,179.6266287,168.0595555,209.5731592,168.2612896,186.5769473,221.3463325,157.7756803,171.724022,159.9204465,144.5552382,200.4755029,160.1747352,204.0521402,211.1263065,161.0155087,182.7680953,185.2344303,171.0552809,144.1537491,153.380585,198.6535296,238.9696072,129.0207368,188.3843593,173.61126,191.0400502,147.5561783,208.2412498,200.0621475,134.5273944,163.7536754,168.2004434,174.27054,165.5678208,218.9095141,208.1175226,171.7329073,155.1882313,177.4865254,166.6673635,205.0202219,198.9508096,194.8660558,177.6731987,150.7895642,193.5153151,194.3314651,199.2503032,210.1376842,153.8159495,177.301075,204.2649023,177.2669136,164.5764272
198.4873751,159.319822,155.4465612,217.1244371,156.2627397,183.5410433,0,188.2140164,161.6938141,135.5441051,151.1714883,158.5283224,149.1014662,228.8222421,165.7141306,199.2425351,136.1304116,170.5627018,193.0621524,191.5194034,124.899517,138.5856194,176.1858345,98.93917538,169.411481,232.4581644,153.4260838,158.9275607,182.160565,213.3665234,217.6716634,174.6681989,173.1654483,169.9689205,163.6668922,187.7520981,133.369486,137.4916703,137.5099725,127.9408233,181.4200331,161.5113286,192.6526275,138.4954126,198.0424669,186.8862057,166.0236652,201.0130039,211.2197199,187.6955628,134.5974893,158.5104106,188.1362788,155.8701926,187.7253323,147.8462104,198.2217483,166.838649,239.9740287,168.8323925,162.5589395,163.2059765,151.9450668,183.0637247,175.1672986,161.989358,189.2796147,217.2179483,202.2550464,141.6885485,202.1142947,185.7583689,173.7030329,149.6798326,183.6978351,183.579419,185.4368779,153.6356016,202.0232949,146.093476,202.8213005,205.0455028,103.8451253,178.5685675,161.3076712,175.1175107,216.5406252,166.3390269,152.7628915,135.402318,141.2551758,160.4604913,183.7990249,181.6626757,203.7018772,195.7728116,146.2945066,158.1789153,187.7330855,127.540557
207.0439616,177.023279,185.8402885,161.8363113,163.2587895,171.334233,188.2140164,0,169.7279107,173.9921083,170.8408099,209.3993454,169.9267563,192.038477,177.7855365,162.9417685,152.1741839,227.4193626,220.6312794,208.5208872,193.9270079,129.0683101,180.9509621,176.7681195,192.9003553,222.462276,207.0081806,161.5765549,174.3851118,176.4951853,245.0025694,185.125194,177.8562448,199.175273,179.6803548,157.2771618,163.7503321,169.6538436,172.1592381,203.0805393,202.4610739,203.6547842,220.8085893,189.0199708,191.0621593,220.3322669,186.1504995,209.9198739,223.7726574,197.9421959,192.0748546,151.8015266,177.0184531,205.4458245,183.7424027,162.0959123,194.9866756,186.608207,258.6770076,215.3816158,187.1900391,181.0038696,222.0320328,180.734174,165.100476,108.80403,206.7495101,237.553927,210.1519968,200.3471056,157.9387581,164.5537477,175.2404401,183.3052415,241.8011982,160.0979857,199.7535469,194.7061631,207.9507078,194.5284441,201.0493913,191.1335467,179.2342104,177.3563276,202.0602359,140.2731067,195.4227966,161.0498071,166.5020387,203.011179,175.8412896,221.9904176,195.3132596,225.5358127,185.3004859,230.4662371,184.0174293,236.2710889,169.6551915,186.2057404
204.2861566,177.2237624,201.5618629,171.4363442,143.0109695,202.9412391,161.6938141,169.7279107,0,178.9078085,147.3044229,153.3857081,129.9881728,234.2656657,187.6191482,209.043764,175.472879,181.4618254,175.3119192,221.8326165,197.2678587,145.0401028,181.4230308,154.0002927,217.6497663,252.6011725,209.9199836,164.5329516,190.7270153,207.5931336,206.2353488,189.9993054,158.0255619,167.208545,223.2500823,157.1182244,156.2262929,226.678084,153.5287843,225.7673265,180.3408015,168.3248856,184.0123219,203.1498974,216.4458958,204.3650911,147.1578828,209.7217676,174.2572838,197.2073931,208.3181018,168.6842319,194.1641915,206.8290388,198.3567446,175.792938,175.7876334,204.7206368,264.5976842,222.6245065,223.4746204,185.7081847,195.7856626,207.007598,168.7679128,183.5276014,173.5645171,203.9932079,195.8179759,170.7546041,216.1475667,196.989332,197.9914098,202.7217659,236.5341661,191.1678459,219.0262934,183.3572015,211.5620467,175.0720832,202.6590798,220.2826841,169.1960188,205.487124,205.9183655,164.7777229,176.3414676,182.0768344,205.9478816,176.5868695,205.2847638,199.0685685,156.6049671,177.8668494,197.2889417,229.3642501,175.4641407,229.3731584,163.7012847,173.1020643
226.0612627,159.5735104,123.6194159,227.5241815,141.0951781,158.201389,135.5441051,173.9921083,178.9078085,0,145.6008716,166.4908163,142.7876594,181.2872007,175.3111949,176.9077647,151.7886126,160.2217642,196.4631206,138.9994899,140.0378348,143.8087259,170.4062132,112.5785221,142.9543808,207.4290521,177.6485614,170.5490054,170.7838943,200.6599217,243.4248772,191.2441903,183.0904657,184.1313403,161.835388,198.6023823,121.645794,157.9918657,169.8015847,170.4654863,164.5090363,182.8541555,186.7391338,136.5145012,150.190884,221.6407138,148.462612,151.0859195,209.9121338,187.3426627,176.1983572,179.2063141,152.0323234,156.4761441,157.8080165,117.5419768,175.365314,141.971183,224.9368673,197.0998314,174.0843962,139.2558029,134.0095196,153.5917339,156.8722725,135.5849672,197.2891675,229.1358304,209.8435903,186.9007857,184.9340917,194.6817612,171.7275691,157.4145279,192.2109951,174.5165394,156.469209,180.3684744,165.3098152,107.67621,186.8531835,176.8976326,157.4576432,174.8045577,170.7726991,176.5839025,177.3347522,174.4678593,185.1207736,135.7597484,169.7591789,192.0312424,175.2362466,173.8927591,209.5650629,205.4172655,163.3727548,169.8063207,145.67574,128.1601247
191.332793,133.4431581,129.8117229,209.2590682,158.1308752,156.2368548,151.1714883,170.8408099,147.3044229,145.6008716,0,117.1563825,141.4300819,192.0115865,97.78942723,177.9140876,138.9107914,145.3704068,145.2081799,167.8414354,192.3356479,131.3486007,216.4920075,153.4317221,125.8116505,200.7077831,135.8143282,135.0561742,115.507197,160.3876829,202.964114,163.6919218,162.1072475,105.8444357,167.8663237,134.4288778,136.521322,187.8082305,128.4520267,187.4128327,147.630898,170.2200541,148.7619528,165.3281337,164.9535048,200.0249913,138.6724393,139.8976385,181.6489621,170.4743483,174.6404454,149.2379915,161.3253299,150.6361455,161.4836771,116.9707256,164.0179286,164.6515657,215.7818671,156.0206323,194.6948848,166.2676986,169.4886821,172.6814256,140.1332608,139.5981202,164.3669907,221.9506437,140.61988,139.1183708,172.0993168,177.7022301,147.8456712,172.3912205,201.9932406,150.3984891,172.0158518,148.6766184,122.1004174,114.8706302,184.3726082,182.9274493,154.7144366,175.9854589,140.6442686,140.5301085,141.0043426,150.6504229,154.4147984,135.4382824,132.2246257,163.8421927,121.8430824,163.1862473,201.4478557,195.2281559,142.9803082,136.8646253,179.993315,138.4635468
203.2918137,185.6876969,130.7718142,211.8667107,177.036532,175.9941715,158.5283224,209.3993454,153.3857081,166.4908163,117.1563825,0,150.596784,187.8938136,136.867302,188.2559249,199.6006782,163.3113031,157.5224425,184.0989263,196.9134218,164.2679356,205.4176131,173.19331,172.1866588,218.0481916,149.4411814,191.6679204,153.7982653,180.5996434,221.8923639,200.8664177,185.4681895,121.5026807,179.8342527,175.9070801,163.937153,214.5916776,169.325202,192.3632683,168.6164834,181.9975592,151.7645519,176.3110366,187.8158874,214.9980675,159.7761493,170.4181943,156.9500972,192.2342876,189.4813601,187.4279827,166.4088562,155.0624326,196.6860679,138.3147236,191.2211973,183.4889501,256.2166096,189.7448592,194.3884998,157.1136839,178.5798549,214.901051,169.5243285,191.1107789,159.4497414,204.9140362,188.7316311,165.4853811,214.04308,216.9174855,171.7370158,172.9328952,204.4448787,175.3833132,175.9380167,138.5526216,178.8217432,160.25364,219.1134756,214.4822095,166.5778468,212.8107482,161.4668525,176.3602398,184.7938811,200.7170721,193.1835933,157.6509319,159.9124532,170.0808723,174.6873549,193.4206608,211.2246881,170.5150558,150.3740821,194.7960611,172.067888,176.4831368
201.3376823,196.3189558,169.0396893,168.4620072,157.7821065,152.8549142,149.1014662,169.9267563,129.9881728,142.7876594,141.4300819,150.596784,0,225.9783995,179.4329766,195.7284487,160.7954456,181.243662,166.9313458,218.9939011,192.9545752,128.616144,198.3682868,165.7185077,183.2362976,219.2048873,196.3501318,146.9384518,167.6335369,188.1607366,206.4221661,197.6496317,181.3224832,169.6048433,183.6495946,173.6593338,143.2561948,186.4309008,157.8101738,188.5952456,197.3938373,156.7088844,190.030085,159.0156373,194.8416345,238.3901653,177.1952027,202.8311887,198.5135001,159.5952099,176.5610302,188.7142224,155.9950552,205.8325993,159.8803226,146.1713829,156.685819,162.1961927,228.3367706,231.3756148,162.6173028,179.5665161,112.4757331,187.3963261,159.3227504,165.8997964,162.6313103,239.8301677,176.8428458,146.5091513,179.6173221,179.1746968,181.671374,191.5379752,222.0333725,165.9582478,175.5187523,154.8237311,168.2210629,164.2954426,196.268642,200.4646595,142.9093557,198.887416,184.8413935,144.1855757,165.5093066,174.5095377,196.5062363,186.5342242,177.6952989,192.32252,174.5940211,143.3933502,187.876464,207.8467298,158.4266646,195.1566236,161.5329307,139.0998416
226.1021892,218.110231,156.8834865,253.6503005,175.1485811,173.0388715,228.8222421,192.038477,234.2656657,181.2872007,192.0115865,187.8938136,225.9783995,0,178.9396518,181.1568373,222.2246409,176.9137138,229.1081879,170.827008,196.173093,180.8445553,195.3507115,207.889472,182.8723508,164.5721973,159.3339206,209.8397246,188.8259838,221.8074619,262.8086205,207.3315236,200.4296421,169.0483561,184.6471135,196.2862828,202.3660203,191.1406082,240.0292214,232.7123117,191.0757287,223.9191402,177.1865455,189.0747014,166.5623665,206.0151259,169.4265282,195.604764,202.88527,218.7646575,210.596146,206.2691208,166.9725457,186.1596185,194.1095766,171.8946055,188.5186124,165.3977205,254.5234534,228.6029905,205.836117,181.5638673,221.2818409,216.0901408,155.9234839,171.623845,196.6462245,196.5478577,226.3450389,232.6328305,206.9523494,218.1523488,190.6809646,216.9612256,237.6433688,181.5520642,187.9444809,202.6659071,188.7906012,202.2822223,215.5023875,192.8265548,220.2235562,212.7792702,168.9184323,191.1982406,210.6692806,191.9146007,244.7074226,203.8628792,189.8914991,197.9699577,223.0621113,254.5534943,192.7152184,164.7408778,196.3263315,248.4549155,167.1040209,202.4252414
152.949755,152.4156781,132.0555667,204.431511,148.7264189,139.3788539,165.7141306,177.7855365,187.6191482,175.3111949,97.78942723,136.867302,179.4329766,178.9396518,0,152.6415793,125.1387368,167.0035164,170.9874813,169.5147211,169.2430376,157.6165946,208.1990747,179.5440917,136.5348258,210.0762528,129.0133086,169.8720625,136.1632326,144.7492767,200.5316022,135.2924828,146.3714757,119.1522706,155.4926249,126.0419162,157.565077,165.193311,138.5701075,152.6465651,134.6398275,206.4833575,176.6527016,151.0831993,153.3171689,180.4494031,143.4173941,166.3002459,185.8368242,154.894698,159.1990056,163.5037811,178.5362166,136.705371,147.2064292,131.8981678,191.0893715,166.6700093,217.0404906,151.2935233,185.4645256,151.3110747,195.5328408,189.6026181,143.0062278,141.9422358,179.0539317,206.0829027,144.7232621,129.839878,172.0218448,180.5228874,118.7772354,172.689145,197.4729887,117.9398368,140.8455819,144.9170499,172.2381062,141.2447887,186.0338388,171.808309,162.5561474,149.5702144,126.0717976,160.5004642,183.5199844,187.9505701,143.9828829,169.9362237,140.766878,150.8646341,157.2774748,180.7416301,189.7800325,162.4316941,136.1318292,147.3295318,186.5426785,178.1716146
176.1557627,166.351835,164.9786417,190.0472285,145.6987838,190.8598542,199.2425351,162.9417685,209.043764,176.9077647,177.9140876,188.2559249,195.7284487,181.1568373,152.6415793,0,171.8650052,181.6403324,191.6986728,214.087207,179.075827,174.2174204,142.2982984,193.1673758,193.3148252,200.0445676,185.2883115,178.4212828,162.1964898,209.0500964,220.3778322,152.1825299,153.602788,197.7095417,168.2973443,158.8803663,168.9029757,195.3958734,180.3470728,176.5678032,215.4429352,220.8790971,186.2071067,168.4080031,134.9588981,207.9439429,161.0774158,191.7483172,193.8910526,157.2085737,187.3238017,174.8363124,191.6763505,181.536149,144.8409342,159.6302111,178.2251719,165.305284,250.2561787,215.4791855,189.0570916,148.3812882,217.6796639,178.1855459,164.5907478,123.7439615,206.5295321,225.6662292,203.5087385,184.4756097,158.4535416,186.1176671,164.2687921,143.6550178,207.148219,155.71954,174.6474094,182.2499122,215.3817662,175.9983586,175.0175197,166.060405,194.6118564,157.4320288,156.8035025,165.6456516,176.6175168,215.2511676,175.548944,204.0005263,188.4513278,161.4638654,206.2758736,208.029486,173.8737261,207.2210866,138.0362736,227.0353519,124.5222037,191.8506747
154.5852377,141.0041929,152.5228731,188.081319,137.4090961,148.3343507,136.1304116,152.1741839,175.472879,151.7886126,138.9107914,199.6006782,160.7954456,222.2246409,125.1387368,171.8650052,0,178.8265092,193.4945418,172.8199359,135.4449086,145.7803708,197.2971449,155.7757052,145.0986648,231.4562956,172.6225532,144.6761421,186.0512551,168.5717473,205.7480663,122.8412197,146.0718224,166.2820458,168.0930643,140.4190887,120.7381114,114.4505011,129.2815014,136.8530499,152.280985,187.7023929,216.0161856,143.3864433,167.6451023,181.1343795,148.8531476,189.6860804,224.3665711,138.8792711,150.2976601,170.5623705,177.9123029,149.4554037,129.7712318,158.1241514,182.1328761,153.532497,217.9565943,157.2392144,189.4832521,162.9098434,177.6771006,157.4567209,158.6424202,113.0169276,195.5886185,220.0692901,166.989954,156.8459315,148.2540609,149.0944222,134.8663759,167.1911494,200.0773659,138.0642193,151.925096,155.1630847,190.3245829,128.1020588,157.5943353,165.6525848,149.9481906,126.1296416,165.67809,151.0816905,191.0170213,187.9466278,116.475858,170.8063344,161.0133531,182.6755996,159.5455878,163.9446082,201.1719608,195.6392271,147.6086203,157.807959,183.5170612,146.2658901
186.3397438,153.6408241,162.1125444,254.8795838,140.2801379,190.2069898,170.5627018,227.4193626,181.4618254,160.2217642,145.3704068,163.3113031,181.243662,176.9137138,167.0035164,181.6403324,178.8265092,0,170.0377865,186.19533,173.1503102,189.8500239,175.2063669,172.7030204,167.1941837,219.7609414,152.8713672,177.4173278,165.3376575,228.3955551,222.9503719,161.6206007,156.7900501,153.1160818,201.1207693,169.4606503,178.4481581,195.3569942,185.6165884,193.306163,193.0241301,174.8564806,143.3690977,182.2468159,177.7932001,189.3133041,120.8545153,160.9292104,207.7694916,184.4197919,191.6590363,206.0750829,187.2732206,172.0526341,172.2100818,188.2485776,173.6429194,153.0241182,230.8972683,199.9918983,215.0748989,199.4951885,183.1273436,188.9589769,143.0071057,176.3893532,181.7496201,217.434626,176.4126518,171.7688149,205.8405111,188.4184957,160.8896492,199.9100413,200.8106499,212.7553348,195.9229264,177.0085579,180.8593531,151.8434896,158.033016,191.1120172,182.5615807,208.833746,148.1256802,176.5281335,172.8183128,205.7935509,223.798506,173.242849,177.5549071,159.8830994,189.8635232,171.9161781,206.554426,154.3379833,145.1133148,191.9052045,170.3426466,161.7139511
187.3778924,225.6604788,170.1088064,207.5448592,168.7553846,231.3710964,193.0621524,220.6312794,175.3119192,196.4631206,145.2081799,157.5224425,166.9313458,229.1081879,170.9874813,191.6986728,193.4945418,170.0377865,0,225.9170118,219.2650709,188.9461275,220.9273009,204.4759994,159.5707445,225.1903339,186.5809465,177.6047644,151.271261,210.153475,210.7971407,190.3027104,179.5229214,123.7266375,196.6139964,139.5300298,164.8647629,238.5600732,182.4789944,220.334011,176.7228231,137.4814662,189.8047356,203.1923639,193.5013916,212.5796197,187.8877475,204.2364064,188.1527691,155.5977373,210.9502566,171.3825287,205.472535,196.4729622,196.7040526,172.9773799,169.5586707,221.3350432,263.3738352,201.4994724,238.9246004,187.9613418,168.5362814,224.8004642,175.8905324,180.0579078,178.4822481,255.8276521,214.1132645,156.5639013,220.2420222,199.4597479,192.2842431,187.6593062,240.0107856,193.7438178,156.7530573,185.8941219,190.8553741,170.9008461,158.420557,186.2480867,185.8729092,225.5427893,163.0121695,168.2990035,211.6527726,207.2431621,207.7820639,205.4731868,206.2669773,211.3538892,178.6442682,190.2724941,231.4768073,207.9505493,185.2221548,186.7458762,191.9127863,187.9368668
229.1440939,176.5335622,126.9906047,266.0089199,185.9402384,193.8787464,191.5194034,208.5208872,221.8326165,138.9994899,167.8414354,184.0989263,218.9939011,170.827008,169.5147211,214.087207,172.8199359,186.19533,225.9170118,0,166.3276764,205.6600365,225.8224486,175.4295433,151.3912801,231.4975929,183.2685483,215.1526731,219.9429652,158.2300414,293.4275774,214.3563846,213.9407985,186.9690279,180.8947735,215.2601574,173.8131063,176.5909453,183.0525828,215.9611502,144.5688539,229.2516164,225.2966468,168.6053199,171.5915573,211.1659826,160.4270536,192.4917162,251.9103786,224.4400677,203.3010588,212.5843595,162.020458,136.3456168,203.189804,169.8752641,207.7612681,171.0067193,286.5461402,187.1092655,234.6187591,179.2912546,207.7106357,205.7031663,197.2304654,168.6487297,223.0697369,215.1740784,233.7023085,229.6398972,204.3086045,221.890137,189.4851081,197.8696281,249.7690771,190.7537268,163.7294239,188.4309997,202.3689564,145.3955653,185.2679993,188.7497024,218.6258356,222.5964949,193.8376563,206.327165,204.4235942,212.8264586,197.2529705,186.5918728,217.0749981,223.6875838,210.19434,241.5205149,237.2468822,196.9447676,191.1226483,210.3369981,203.7867977,196.6817823
192.6525244,183.8361724,166.4991225,213.4530893,133.4082448,180.5591098,124.899517,193.9270079,197.2678587,140.0378348,192.3356479,196.9134218,192.9545752,196.173093,169.2430376,179.075827,135.4449086,173.1503102,219.2650709,166.3276764,0,187.1145434,165.637013,141.5621551,185.2928195,239.7792105,150.0893758,190.3111214,218.3253964,218.6528744,234.8217036,162.7353926,169.2058211,190.4548107,155.0915696,184.2904648,142.709454,137.9029912,179.8824477,143.1293622,164.8657348,180.5649612,197.4999797,117.2688053,182.7955327,161.4156639,150.6902176,196.7230435,231.8536767,170.5537871,172.8811538,183.4915938,178.1420318,164.5472234,152.3170702,160.5761529,185.2122864,153.0731929,232.4866986,185.9831876,183.2139895,145.1707354,175.8033054,164.8519326,173.9929693,158.280786,186.0799991,190.5713957,219.7301456,182.7313201,194.3915127,154.6014414,163.0767011,170.1690663,170.0284765,168.8286145,168.3240387,191.7314374,238.2312075,157.094587,194.3852106,158.8887239,167.1735618,168.2756529,163.159917,186.8579855,229.1043606,210.7702039,160.0258436,181.361563,176.4803626,171.7837347,206.8490802,195.8461508,195.5780517,180.66002,164.0503084,204.5273083,174.3173649,176.1631442
201.5303936,168.3142999,149.904579,189.2180737,149.1851444,141.8538506,138.5856194,129.0683101,145.0401028,143.8087259,131.3486007,164.2679356,128.616144,180.8445553,157.6165946,174.2174204,145.7803708,189.8500239,188.9461275,205.6600365,187.1145434,0,175.6273291,133.0705345,164.2083139,162.5813742,170.1883093,114.8962709,154.2056092,207.193751,191.32567,168.4186516,168.8856927,144.624483,177.805643,158.0596752,119.1866885,151.2846076,162.9882862,183.9551436,178.3066625,174.7822946,184.9222427,164.8029723,165.9851747,199.0841587,167.8905179,195.8405104,159.8631504,176.7880825,147.2533554,132.5803457,156.1715487,165.331478,166.788116,124.7130747,159.495139,162.5192862,221.2050287,197.7127281,162.9039228,149.1628045,161.2140761,178.7706805,139.0721433,127.2521923,172.0397119,213.6090609,173.426526,167.7291757,165.1882621,192.2796253,174.3271063,156.8887865,219.1474615,135.5281133,177.6109683,157.1767224,141.5398578,153.7957456,199.9548387,203.6622321,126.4845158,140.4302253,162.954682,145.4085364,177.1985323,110.6038672,178.3579697,125.9200526,141.4418175,173.2437339,139.2737419,194.7396228,180.9600159,211.5799205,163.1705752,186.6887771,141.6595706,97.15550835
192.2428568,189.2424438,198.6726623,230.1496683,125.1904336,209.5516949,176.1858345,180.9509621,181.4230308,170.4062132,216.4920075,205.4176131,198.3682868,195.3507115,208.1990747,142.2982984,197.2971449,175.2063669,220.9273009,225.8224486,165.637013,175.6273291,0,164.8382655,231.8934266,243.786192,217.8553654,204.891506,207.839903,239.4549342,245.7353692,191.8403485,156.4644895,221.9833389,200.2822266,198.7535264,195.4866221,195.0209787,199.3904717,189.1885636,217.8249405,214.5463023,220.9726628,201.6611502,184.5394833,197.0508687,161.7206737,213.8715235,218.6308199,204.4599423,202.8313457,183.9287307,212.3163643,204.2506539,208.514,199.7669453,215.5355557,198.4269116,283.9866061,257.6755323,198.7767474,162.8617858,220.7305529,221.3720177,183.111821,159.8123001,233.4440216,232.7365664,229.1728667,195.3430158,217.4692085,213.1548925,184.7326803,174.4735258,235.4351773,206.891461,203.8358696,209.1194647,254.319919,199.2670103,177.43513,219.8242106,175.8920587,196.0736483,182.1119184,208.4644529,226.2557889,214.1368249,239.5135489,189.7196316,221.1948795,187.5629004,221.3684871,229.6745135,196.614462,209.8622007,185.6232999,258.5673917,112.6290489,201.2386497
243.1639102,147.9121976,166.6130803,222.3348366,139.8461407,199.0117049,98.93917538,176.7681195,154.0002927,112.5785221,153.4317221,173.19331,165.7185077,207.889472,179.5440917,193.1673758,155.7757052,172.7030204,204.4759994,175.4295433,141.5621551,133.0705345,164.8382655,0,178.6149424,240.0985376,186.042338,176.3640525,179.8111303,224.8648044,229.3163002,195.9979218,166.079228,186.872662,197.5656583,186.4128923,129.5170849,172.0860746,155.9518593,165.6667331,189.3062594,172.0305228,180.3910758,159.8862975,166.3678162,213.0015107,156.0428771,202.7398943,205.3759023,219.8846616,136.5208833,131.9372132,179.4401293,153.92725,179.8236697,142.8797316,182.0878205,167.4238041,256.8617938,202.7515696,205.7455316,163.7774939,160.4011873,181.9646562,168.2717222,154.8850076,188.0985625,205.8874374,223.1179967,167.4797106,212.559926,214.331402,192.3446773,161.7199127,220.3051291,190.9393961,193.7826937,188.2055942,193.8233887,134.6690146,199.7652179,185.9401942,159.8951725,180.5742114,187.998058,167.439192,207.4770018,166.514052,186.6233031,145.0894865,164.0606318,179.7992181,158.1112897,189.2798978,205.7738875,219.4888538,167.26724,181.5194538,173.2135635,124.8662363
190.9985642,184.0614565,123.9975502,228.0998641,179.9760659,154.8796977,169.411481,192.9003553,217.6497663,142.9543808,125.8116505,172.1866588,183.2362976,182.8723508,136.5348258,193.3148252,145.0986648,167.1941837,159.5707445,151.3912801,185.2928195,164.2083139,231.8934266,178.6149424,0,187.4423946,159.1826574,160.0312334,135.6321936,185.9612082,253.1591414,161.4113727,193.8961246,133.2819315,160.8064452,154.2202913,135.7490011,161.1010308,167.7757331,168.2502213,159.4724796,191.5385519,200.7930558,142.6112552,176.393931,198.60624,183.3834625,160.2668267,210.0534872,175.8137754,173.9171471,193.037564,183.041468,130.6202531,179.8985828,134.6585786,192.8052645,178.2038945,232.9018161,141.1150027,201.8475586,190.9970903,171.2611368,171.4969342,151.8306938,134.0500713,205.8158706,246.040153,185.186629,182.8309712,201.8284325,202.7267915,162.2753229,187.9562559,213.3927016,174.0852469,128.9718695,173.8955397,159.5333266,117.975568,165.7730925,163.4780722,177.3085054,188.8456635,170.3715236,156.7818667,215.8653583,185.2622941,171.2415871,170.817591,158.7147019,210.931946,189.7322371,213.3154563,231.1547019,157.4577769,172.1505595,138.3636233,204.2938683,152.4794906
229.4852575,244.251423,180.3348339,256.4670579,221.2202485,198.8236831,232.4581644,222.462276,252.6011725,207.4290521,200.7077831,218.0481916,219.2048873,164.5721973,210.0762528,200.0445676,231.4562956,219.7609414,225.1903339,231.4975929,239.7792105,162.5813742,243.786192,240.0985376,187.4423946,0,174.1553943,158.7418976,202.7671697,264.1137447,251.3331167,204.509552,241.8204924,182.6987333,182.5440226,220.1844596,192.7746748,209.1793695,234.5940714,259.2946916,226.5863235,240.4140162,203.3839743,181.0819927,211.3875841,211.9321873,219.0601694,228.3931947,191.8319126,204.5174458,229.5333089,226.0351739,205.8338545,220.8333104,211.1248409,169.6186953,182.9489391,182.1838118,251.3941415,218.2526095,186.8431534,203.0174491,217.1780233,222.8429621,195.4764175,187.6312091,221.9186061,233.9549329,226.2523324,240.170096,209.6048053,234.8572761,236.8302399,217.9498336,244.756117,178.5919527,214.5721959,206.5330122,173.5644655,215.1812733,239.7948301,226.8204533,200.3092622,212.6204304,176.2826677,211.9588,201.5612007,160.0673906,238.0135573,197.2346691,210.8234538,201.7561715,241.9941697,270.5476667,197.6967685,232.7736531,198.6945122,235.8266904,184.2785567,171.8189469
188.2632279,190.758122,138.6779905,237.5543484,180.8413503,171.4078297,153.4260838,207.0081806,209.9199836,177.6485614,135.8143282,149.4411814,196.3501318,159.3339206,129.0133086,185.2883115,172.6225532,152.8713672,186.5809465,183.2685483,150.0893758,170.1883093,217.8553654,186.042338,159.1826574,174.1553943,0,158.9356281,175.2671631,213.1241374,217.6308345,172.9571794,189.5872803,112.8083117,126.443065,168.7466909,164.3083939,166.5019561,188.1875421,186.7397487,163.2726429,165.8068497,137.6131942,145.8973049,190.7404748,156.4044803,155.5147462,159.1307191,204.6284869,162.2982209,193.0428162,176.0251217,167.8514623,170.8891778,173.8617341,135.9862378,169.1714426,154.4932606,209.4842689,155.2465781,172.3185271,160.4953495,185.2748211,181.9084706,164.8923036,164.4002853,161.5478291,199.2155119,175.0725121,172.0321053,182.8311734,151.7073041,164.6961243,180.0071805,155.4414003,154.9909559,189.3818671,162.0631081,170.4441908,166.0311736,218.5743477,185.8721743,159.6360923,187.9074743,96.61674178,171.7766566,195.935534,168.426849,161.8655622,153.3129124,117.2197197,132.7965797,186.9521291,207.3658203,194.5066875,170.2202023,159.840972,180.0163926,189.7442147,166.2703256
176.5245132,168.6540243,185.7404377,183.173508,164.7033252,171.7561405,158.9275607,161.5765549,164.5329516,170.5490054,135.0561742,191.6679204,146.9384518,209.8397246,169.8720625,178.4212828,144.6761421,177.4173278,177.6047644,215.1526731,190.3111214,114.8962709,204.891506,176.3640525,160.0312334,158.7418976,158.9356281,0,163.2113188,215.0655629,193.1290134,160.1304677,170.6811205,148.4594457,159.411297,156.1483454,139.2920495,175.4102143,166.8532394,199.4149177,194.2730711,169.1363402,191.4930203,149.5852152,186.8935287,156.8161272,169.9984418,195.5939595,202.0588887,152.461083,186.6425924,158.3015474,180.1391727,190.5924017,171.9557618,147.4364715,128.0758679,178.557638,203.9948087,195.6879908,169.7952961,183.2259117,167.136239,149.4168747,147.9104947,126.3228899,183.0755723,224.003189,161.9228291,182.1541503,170.9634779,157.5330515,190.5434251,189.3413767,214.1784312,169.6490987,197.8641015,187.5987132,171.7230686,140.4464731,173.1389557,176.9011947,161.6487211,179.7332566,172.1014497,144.8612813,158.1640597,114.080567,166.8539567,154.627856,175.2955912,162.6326569,159.0940896,210.1573151,166.3630172,221.6120854,173.362401,192.9323217,163.6454209,134.3941597
202.4755222,166.4524772,170.4975848,210.4428788,160.4155268,178.5095714,182.160565,174.3851118,190.7270153,170.7838943,115.507197,153.7982653,167.6335369,188.8259838,136.1632326,162.1964898,186.0512551,165.3376575,151.271261,219.9429652,218.3253964,154.2056092,207.839903,179.8111303,135.6321936,202.7671697,175.2671631,163.2113188,0,203.3210154,210.5671215,162.8140352,167.0198028,152.7488086,190.529034,149.450316,176.8819888,209.2743872,174.3646961,179.9079604,201.9020289,201.8398758,171.4880135,180.3067164,171.5745656,225.8156005,183.5415889,180.9389033,176.5682566,199.5109674,169.4309295,163.2176319,207.7824849,180.9716063,181.5878178,146.4913758,197.1964442,197.1994822,210.6591176,186.7708889,185.8487068,197.7598497,190.5692743,185.1027398,117.2003221,159.5978611,191.5916422,253.6460046,187.9907268,147.6702057,205.9574181,207.9293239,161.5132151,186.7934332,218.7402906,191.5139167,176.1806341,194.0903288,167.9858101,162.4585644,196.1739758,184.4854511,174.0674241,195.490192,171.2187408,158.452947,187.1619982,165.9757826,193.943295,187.8141295,151.6773498,187.9179621,187.5869608,192.8796996,192.8164712,189.5846711,151.7779067,152.6983539,197.6610201,175.716666
190.6822155,199.4381966,170.8032626,218.1272241,193.1943757,189.2434464,213.3665234,176.4951853,207.5931336,200.6599217,160.3876829,180.5996434,188.1607366,221.8074619,144.7492767,209.0500964,168.5717473,228.3955551,210.153475,158.2300414,218.6528744,207.193751,239.4549342,224.8648044,185.9612082,264.1137447,213.1241374,215.0655629,203.3210154,0,273.3419024,223.0331826,199.2370288,192.2703866,175.2333293,193.2362933,213.7971537,194.3271349,157.269702,211.212483,170.6487647,237.3155031,258.1913621,198.5452706,203.0137471,234.8388258,197.3015455,223.0885841,268.75993,210.1536957,212.0424833,210.2489345,187.7126546,195.7422236,213.7266167,193.8850392,233.8335548,204.56927,299.5289765,219.0370643,213.3008057,195.8615771,222.1847748,250.4120369,214.4266845,170.3713248,228.4881339,249.9192359,213.8329997,190.1999151,199.1624088,205.0871399,164.2431113,221.3183717,285.4557969,178.0769455,164.4461359,177.6413826,227.4100748,195.8879471,183.6850707,205.5158322,204.2669855,242.3122608,202.234439,200.4412113,205.1849665,217.8255704,192.1036262,234.1405084,227.8190043,238.1078842,216.3772938,237.2095119,219.2702326,212.5694982,194.5242839,217.9495343,218.1138124,238.8675775
217.78106,222.9595495,240.222078,216.7475872,166.1386778,243.7997058,217.6716634,245.0025694,206.2353488,243.4248772,202.964114,221.8923639,206.4221661,262.8086205,200.5316022,220.3778322,205.7480663,222.9503719,210.7971407,293.4275774,234.8217036,191.32567,245.7353692,229.3163002,253.1591414,251.3331167,217.6308345,193.1290134,210.5671215,273.3419024,0,191.5249362,153.3645919,192.4901103,250.6620282,215.382683,217.9555119,233.5168426,253.3356167,214.9273224,227.0873514,217.4836768,225.3028296,238.639528,195.7351377,229.793838,205.0071437,272.0650763,186.7438941,198.3065287,202.8261139,202.9993772,254.4752887,241.8964697,174.0447554,234.6373614,203.0183884,227.9417299,181.6940394,244.4118067,219.1382052,186.5425873,206.4152783,247.0968406,189.2256577,234.8591726,187.4049637,217.6997822,257.2259698,208.687669,235.8793691,224.8263464,209.0463833,226.9251404,240.1747242,224.3264105,230.6416391,228.4654319,234.9156561,217.5680869,245.8254824,228.8049715,203.787357,193.4130489,214.4070377,241.7414449,211.9394247,214.4762785,223.2480235,218.7320177,222.1568532,187.6753012,177.5068947,188.876645,191.0264106,268.2705749,201.7989375,206.9037669,214.2055151,214.0604712
136.766101,151.220952,174.9885534,200.9131553,135.3285432,168.6908701,174.6681989,185.125194,189.9993054,191.2441903,163.6919218,200.8664177,197.6496317,207.3315236,135.2924828,152.1825299,122.8412197,161.6206007,190.3027104,214.3563846,162.7353926,168.4186516,191.8403485,195.9979218,161.4113727,204.509552,172.9571794,160.1304677,162.8140352,223.0331826,191.5249362,0,150.4062946,167.5401903,202.4145255,134.0854547,148.4394363,165.0317011,163.6849822,163.0576873,178.5880881,221.1902062,197.6596371,161.1910397,186.3917575,165.2772935,157.3462258,201.6082745,172.8924771,156.6378118,169.4674917,196.8066741,215.8584416,159.5050084,142.0922402,182.9862537,198.7323989,172.9495844,204.5541781,139.2727039,198.2663521,185.053438,223.0523464,165.732301,130.3368101,160.0852981,194.6681075,213.1323292,177.2291388,171.8357849,175.8931459,174.3083032,138.1048487,172.4794048,187.8432169,161.6838437,172.631947,180.0010032,212.6536481,170.314168,179.8044143,185.6458946,164.5845304,122.0256389,167.3045356,178.581003,199.0388306,204.7527208,154.384591,188.3622188,175.0386869,179.8092905,203.3484913,185.8976645,191.8844748,176.4628179,120.2963656,179.3195469,187.437631,168.5658381
150.5013069,160.3407971,195.7286517,173.6335217,84.28254148,198.7622787,173.1654483,177.8562448,158.0255619,183.0904657,162.1072475,185.4681895,181.3224832,200.4296421,146.3714757,153.602788,146.0718224,156.7900501,179.5229214,213.9407985,169.2058211,168.8856927,156.4644895,166.079228,193.8961246,241.8204924,189.5872803,170.6811205,167.0198028,199.2370288,153.3645919,150.4062946,0,170.4349413,186.6378919,151.1142438,187.066582,181.423972,175.1798172,156.1645198,178.2373382,193.1317699,187.8647365,181.3940127,154.2968763,171.0252641,114.9870143,208.3029548,186.3674761,167.496359,172.0583891,171.1116255,227.5096654,194.7162205,155.7759804,186.0469346,186.9326834,178.1639529,225.526072,207.2653149,188.4816828,161.1580603,194.5716019,209.2487801,151.9495186,148.1086997,201.5032183,165.4783201,215.1725614,153.417431,219.1415185,193.8942879,162.8254404,208.1361921,215.308582,193.0187847,186.3445957,178.6058026,224.466956,155.9055293,158.8179147,160.9979113,172.6911034,179.513157,177.377711,177.135308,185.266885,193.9989929,195.7861352,196.5015719,197.6323007,147.8704356,170.5883925,171.6596597,137.6629623,193.0432185,153.2264023,185.7574732,154.6072684,198.959564
