0,1.133587492,1.105546676,1.098874921,1.166608759,1.281303471,0.836275763,1.52290429,1.140598506,1.139490535,1.200632758,1.101372125,1.113593216,1.099685861,0.948565472,1.104256643,0.924782373,1.361873747,1.031917892,0.934018524,1.116378385,1.129358109,1.237408696,1.027549154,1.253611814,1.334693021,0.962145459,1.132967521,1.098223542,1.194151595,1.015761222,1.101142966,1.072726678,1.20794414,0.869440224,1.406553525,1.074721407,0.955012155,1.468525109,1.166791316,1.05547457,1.52800274,1.132030998,1.297895451,0.754652104,0.768528295,0.906280654,1.034794581,0.970510944,1.131173422,0.976309943,1.032910591,1.072651974,1.019808807,1.110623795,1.058138786,1.191264132,0.999645022,0.984979373,0.952591703,1.342073091,0.909084517,1.183791476,1.080164454,1.152846957,1.203859149,0.922184359,0.876595071,1.089512786,1.179771761,1.145768977,1.285151979,0.69446734,1.182717897,1.287029162,0.923483435,0.892938235,1.400183603,1.12125346,1.455695738,0.778574977,1.001132688,1.048591981,1.108908128,1.056109621,1.394109956,1.150599022,1.155044449,1.106965978,1.203990374,0.972207416,1.237230275,0.99600257,1.16669537,1.098660486,1.240990086,0.871164335,1.298489973,1.24068317,1.256387746
1.133587492,0,1.124066646,1.347672313,1.088313845,1.468849173,1.236791963,1.403568028,1.153792214,1.095611135,1.05356021,1.227070302,1.248268715,0.995023157,1.339215701,1.230156819,1.036381067,1.156436,1.240083591,1.281925568,1.115314833,0.959003482,1.276726045,0.92278999,1.266024265,1.471093171,1.125559784,1.182232618,1.055322312,1.147109804,1.294034253,1.192305013,1.169542789,1.279618289,1.125808004,1.712752396,0.88405046,1.369122916,1.408998167,1.13603236,1.204142135,1.173946984,1.293390819,1.50444363,1.257945502,1.381687708,1.056172542,0.958008529,1.061986871,1.55688677,1.146001772,1.149667398,1.015557206,1.101437467,1.100377203,1.067368683,1.198875211,1.090472243,1.138039558,1.256727806,1.116637662,0.791082897,0.962040315,0.819044333,1.123748808,1.155776051,1.094491539,0.963686248,1.364651753,1.189539534,1.202940352,1.226437255,1.39487553,1.384957566,1.086464585,1.026475178,1.103894429,1.366182739,1.19655945,1.400414816,0.960640009,0.656391441,0.98427773,1.183472634,1.044102465,1.226938576,1.122710034,1.100236056,1.077046535,1.245878978,1.224884759,1.217499274,1.096088789,1.107160233,1.179881822,1.093118601,0.897926489,1.003005842,1.307519165,1.147158014
1.105546676,1.124066646,0,1.584191432,1.238458397,1.257403822,1.311475618,1.477457909,1.164467825,1.417882811,1.113803943,1.51112058,1.367009687,1.281134222,1.35893259,1.3999065,1.132776514,1.478563303,1.475150441,1.203826013,1.157869118,1.224702897,1.246090317,1.139581211,1.450280664,1.413152627,1.265741818,1.258693833,1.123276043,1.370879928,1.168917587,1.130552407,1.080945397,1.183832399,1.217951387,1.439671376,1.172199061,1.435870521,1.524387495,1.145894842,1.151080416,1.396023735,1.31677831,1.624309223,1.210679963,1.171564187,1.327489754,1.184881061,1.061681237,1.511208908,1.159713829,1.469987167,1.204858549,1.404791525,1.268847466,1.41387438,1.430545765,1.23740254,1.281451306,1.128673861,1.146313499,1.060893817,1.251231725,1.03013544,1.062076313,1.008249083,1.236805751,1.206918727,1.467695982,0.94226642,1.406410773,0.963720049,1.379181178,1.181671336,1.419419539,1.218895534,1.351417783,1.30355727,1.34486585,1.250032171,1.374395294,1.209173015,1.191640999,1.041453588,1.354554353,1.019476272,1.032711591,1.283947384,1.170902356,1.460610009,1.529796208,1.363441795,1.141442936,1.292868362,1.288597624,1.322254139,1.045731163,1.165235129,1.231756899,1.124090622
1.098874921,1.347672313,1.584191432,0,1.423753819,1.336845309,1.16374914,1.557071932,1.221127816,1.197831365,1.437496661,1.202305169,1.051281452,1.12210613,0.951741437,1.321793912,1.10611949,1.48820148,1.324178076,1.148411267,1.240227761,1.355794898,1.382938987,1.241284192,1.207113395,1.364737283,1.016271929,0.996276812,1.241465682,1.039991193,1.249785214,1.171920792,1.515687477,1.545223136,0.90368375,1.572052727,0.976588939,1.398297561,1.576142836,1.343876063,1.33679281,1.698843527,1.118056336,1.267264995,1.015643123,1.028189208,1.21688611,1.131868413,1.134198302,1.354488671,1.187021642,1.214899251,1.07329149,1.253593313,1.168729489,1.210696427,1.126783678,1.250399893,1.347765513,1.13162587,1.120119438,1.085630217,1.459367183,1.217236839,1.457091759,1.468774944,0.86976815,1.18630755,1.362652554,1.622397535,1.44160724,1.583385993,1.486882199,1.516031202,1.289084766,1.157014982,1.167966964,1.342455075,1.069670552,1.491583439,0.905809143,1.273571396,1.512299362,1.377883925,1.030928477,1.80342528,1.086312039,1.174797528,1.225014388,1.317138483,1.133928959,1.568559217,1.281569129,1.174111018,1.165242708,1.618201724,1.297631307,1.673144146,1.036630936,1.432648915
1.166608759,1.088313845,1.238458397,1.423753819,0,1.402835933,1.304685766,1.257927739,1.147317328,1.165642845,1.138740424,1.270972696,1.378208441,1.095395595,1.335652249,1.259739015,1.144414993,1.390501132,1.150698321,1.273795518,1.307976763,1.126005968,1.156727742,1.308535574,1.21202831,1.205920078,1.066271894,1.452494836,1.219146398,1.249552123,1.314748862,1.312468926,0.827114382,1.111205444,1.163938718,1.573462807,1.155430351,1.405524835,1.392018226,1.179870355,1.646080604,1.525188886,1.224568851,1.379096684,1.205733042,1.226241747,1.172064717,1.249786312,1.112169378,1.157592627,1.435688955,1.286058626,0.958676634,1.335762141,1.19458749,1.215403326,1.16016642,1.178858139,1.181689843,1.121203505,1.331407825,1.188861329,0.835270128,1.302875478,1.357915463,1.379497447,1.098101302,1.239465325,1.348664326,1.26210283,1.302305998,1.14546047,1.341978858,1.254133905,1.216002968,1.154460701,1.211351047,1.46559762,1.114308489,1.38686597,1.134796062,1.167197276,1.227456863,1.394832608,1.159438863,1.226125849,1.018534267,1.372250222,1.209020113,1.519991297,1.40705904,1.237105856,0.991831226,1.103597669,1.393225417,1.047653394,1.121501467,1.473388189,1.160218398,1.26677136
1.281303471,1.468849173,1.257403822,1.336845309,1.402835933,0,1.321737252,1.270446458,1.203571213,1.464499737,1.317004594,1.443910138,0.963713258,1.267368087,1.141696165,1.23918032,1.241379524,1.464121931,1.6656468,1.198509154,1.305346231,1.431996162,1.228419583,1.167653791,1.248796822,1.085810684,1.147421789,1.298767379,1.2727995,1.099012124,1.211571968,1.028874538,1.281790233,1.372658047,1.178523332,1.459613736,1.266498335,1.238035761,1.619662655,1.237304724,1.304507983,1.349162591,0.965312106,1.307981909,1.366496417,1.325774904,1.369473143,1.250478947,1.394721081,1.230215265,1.246065537,1.304163781,1.22200523,1.454473753,1.222759474,1.120292914,1.211002797,1.157767029,1.487441964,1.14057113,1.087442112,1.393448296,1.341199361,1.184424294,1.199008897,1.465912101,1.34853777,1.285640159,1.336331274,1.626016607,1.44596733,1.104106377,1.681405088,1.355229909,1.372003221,1.153719923,1.449580577,1.385485777,1.004106436,1.186820156,1.170840232,1.201624429,1.472047008,1.132001846,1.295472157,1.613562349,1.288216544,1.431260805,1.154276194,1.475398927,1.514934127,1.55017624,1.265899534,1.366569977,1.007660299,1.571113873,1.11013814,1.318442363,1.203651105,0.964101263
0.836275763,1.236791963,1.311475618,1.16374914,1.304685766,1.321737252,0,1.555088321,1.227687858,0.865013809,1.220354034,1.289358494,0.875687983,1.302043342,0.95652962,1.268388879,1.174131719,1.511961312,1.41141711,1.136967933,1.281047075,1.16455487,1.225824808,1.135811947,1.104590361,1.155005818,0.835030474,1.203769217,1.265887337,1.219188375,1.077999301,1.207450806,1.137762747,1.407141326,1.115511104,1.355188847,1.021720189,1.246464828,1.7792692,1.602956522,1.236184505,1.840034218,1.124491443,1.465665805,1.028631067,1.000082792,1.047526464,1.208103684,1.216946127,1.220527125,1.032347012,1.262191244,1.038519616,1.117271594,1.373012646,1.157403176,1.054520496,0.871865159,1.257879972,1.217064112,1.348068996,0.997184575,1.300764969,1.137195911,1.362742007,1.458422512,0.903377563,1.135633274,1.070478646,1.577269603,0.950325302,1.167772943,1.087286454,0.99138371,1.425247221,0.844841191,1.081230193,1.38719366,1.231668161,1.260027833,0.87281943,1.200960332,1.328653428,1.300458536,1.006891447,1.362364544,1.372357653,1.348737536,1.23465204,1.350721226,1.072189164,1.153652435,1.043833638,1.356563488,1.140204512,1.169282121,0.954727441,1.297291488,1.367220088,1.422055223
1.52290429,1.403568028,1.477457909,1.557071932,1.257927739,1.270446458,1.555088321,0,1.191941586,1.530655529,1.583599653,1.341476841,1.349192049,1.29465292,1.614651425,1.449756485,1.396342384,1.597340712,1.605356553,1.497686804,1.078929598,1.644873057,1.239823319,1.331756889,1.461143544,1.384217319,1.306151682,1.59781685,0.937756977,1.301920873,1.208177864,1.129430636,1.407182154,1.208906166,1.567695786,1.808486531,1.248578169,1.761718803,1.767293156,1.198956698,1.447896781,1.510500045,1.462227882,1.42224446,1.565724279,1.524687469,1.655712186,1.339947736,1.264857906,1.211595776,1.549489949,1.632725496,1.278081355,1.239897844,1.023432107,1.311037663,1.318455538,1.216807149,1.391459506,1.021720115,1.327991883,1.276675742,1.457894953,1.335354193,1.598247494,1.69301688,1.402143791,1.39617364,1.647636325,1.499754903,1.387763345,1.204875609,1.893422107,1.577974484,1.305523917,1.441854655,1.668536398,1.255270601,1.277595671,1.575777921,1.395319651,1.375494498,1.280799083,1.343693419,1.104528733,1.583398255,1.282131847,1.41048883,1.17625867,1.737708164,1.649157114,1.507176082,1.390405586,1.602515781,1.294071047,1.324110923,1.40087292,1.499676524,1.251958852,1.182748072
1.140598506,1.153792214,1.164467825,1.221127816,1.147317328,1.203571213,1.227687858,1.191941586,0,1.152523112,1.119191791,1.108077375,1.23018872,1.054719597,0.953390986,1.032897167,1.038232321,1.211442245,1.322766938,1.127132162,0.90412545,0.863205786,0.872488618,1.178297776,1.080251465,1.35965236,1.1015175,0.93406798,0.933799196,0.744028571,1.19017973,1.110225123,1.161909913,0.867811324,1.136616451,1.31431287,0.926609665,1.189729854,1.564537368,1.107076609,1.125431742,1.28972295,1.139797284,1.222354785,1.242192764,0.932610842,1.05022265,1.084748095,1.071192813,1.335024404,0.944801152,1.355669125,1.070607345,1.092843834,1.234960592,1.191771013,1.238323918,1.14205598,1.133996602,0.853997128,1.137685771,1.094882508,0.924011387,1.096907951,1.421673553,1.30733294,1.0188007,0.914948874,1.399144705,1.152890718,1.297627604,1.053677673,1.306952784,1.411312453,0.882155016,1.219665156,0.850779549,1.147235858,1.083701052,1.373659269,1.115726143,1.211706038,1.181300894,1.073295496,1.159233035,1.192785891,0.956726292,1.108622872,1.226553309,1.423364387,1.33557195,0.964347605,0.995902767,1.129930522,1.185470137,1.188245199,0.970688909,1.18359575,1.012690475,1.249036087
1.139490535,1.095611135,1.417882811,1.197831365,1.165642845,1.464499737,0.865013809,1.530655529,1.152523112,0,1.270688225,1.096732523,0.975434703,1.248320891,1.053095832,1.09437781,1.214717494,1.328376871,1.390885709,1.227051565,1.355941128,1.058105474,1.156141013,1.241162874,1.133611601,1.392482929,0.992406878,1.150924999,1.356889517,1.21358031,1.104544682,1.415401298,1.108457018,1.514830626,1.278393679,1.585714278,0.89193335,1.513341013,1.566646902,1.583085079,1.444455187,1.745678213,1.358045021,1.136504069,1.314212748,1.070671937,1.152961914,1.30037985,1.167030325,1.449377803,0.995375502,1.270351413,0.994871202,1.211024256,1.375388651,1.26279755,1.092714376,1.109036411,1.240770527,1.147813867,1.360602323,0.909940043,1.133259882,1.176444302,1.403541149,1.501157306,0.916993068,1.257452748,1.423018453,1.643225951,1.119704523,1.109218965,1.271275451,1.102789156,1.268661954,1.105822091,1.03776937,1.326472287,1.248433944,1.317635293,0.957962112,1.114563866,1.411017202,1.404726971,1.197417395,1.411815329,1.312352001,1.327026715,1.316330451,1.418805789,1.143804091,1.15410221,1.224023278,1.095115845,1.438997093,1.278065086,1.109313809,1.306522766,1.190597477,1.402125077
1.200632758,1.05356021,1.113803943,1.437496661,1.138740424,1.317004594,1.220354034,1.583599653,1.119191791,1.270688225,0,1.434438321,1.178559088,1.234240771,1.222549134,1.051644587,1.3676653,1.326087082,1.318269272,1.410314446,1.196221839,0.877492378,1.190092651,0.963323728,1.237884473,1.230199362,1.110074681,0.971287534,1.242192502,1.344702108,1.349183683,1.211944116,0.978532766,1.238070999,1.163570713,1.307732117,0.982521403,1.258098763,1.430837309,1.302663269,1.452184091,1.244205082,1.061036013,1.326036737,1.3604501,1.151819211,0.942738498,1.208316555,1.075690725,1.5512964,1.018006769,1.47166924,0.783467398,1.268587395,1.369452733,1.201492607,1.142732601,0.999707845,1.034279242,1.144437061,0.910132262,1.101816088,1.131913173,0.988890925,1.356745745,1.193696413,1.105163467,1.26531375,1.254846086,1.305228655,1.181662445,1.292896241,1.487962803,1.351593365,1.217464476,1.21460773,1.148693775,1.469978625,1.36258702,1.122556136,1.105776777,1.079538207,1.349481941,0.903107901,1.215665482,0.826566838,1.262909636,1.292507094,1.172494761,1.037230009,1.423944828,0.859420049,0.887958764,1.179290744,1.235246581,1.262859346,0.992886071,1.198606505,1.385047217,1.127411345
1.101372125,1.227070302,1.51112058,1.202305169,1.270972696,1.443910138,1.289358494,1.341476841,1.108077375,1.096732523,1.434438321,0,1.191835634,1.203404071,1.21171027,0.998082578,1.162409972,1.154826235,1.366561033,1.067004319,1.297138062,1.371668182,1.160252148,1.301284932,1.387958601,1.576304361,1.119680379,1.215616487,1.256349782,1.17083028,1.155934614,1.419869596,1.305180397,1.235359871,1.194303867,1.767794134,1.115396249,1.282195455,1.105275836,1.318856028,1.170364312,1.436000915,1.40979579,1.128571876,1.244261461,1.027790288,1.335200826,1.172651554,0.961471762,1.298059525,1.162543269,1.260430305,1.112834253,1.099534172,1.113312947,1.231692634,1.209863044,1.283100269,1.093533537,0.991544709,1.446588571,1.076651323,1.267211874,1.453494329,1.55463715,1.673458033,1.056430775,1.181490002,1.558142012,1.461996565,1.173534208,1.382425167,1.273511765,1.281045586,1.039759177,1.154553139,1.027403744,1.232142166,1.151009059,1.455503475,1.100275833,1.186902847,1.192962915,1.384870767,1.189931587,1.560284489,1.156929579,1.246035011,1.197583201,1.363643135,1.149038492,1.385946676,1.174488519,1.14145617,1.202749358,1.397984316,1.211135404,1.302417051,1.039364841,1.364267066
1.113593216,1.248268715,1.367009687,1.051281452,1.378208441,0.963713258,0.875687983,1.349192049,1.23018872,0.975434703,1.178559088,1.191835634,0,1.165290279,1.049800183,1.147651066,1.164023109,1.388404767,1.553201636,1.282734825,1.254468637,1.253787765,1.102777045,1.059010282,1.129744664,0.978012774,0.786278385,1.005483941,1.133301532,1.160269216,1.012563116,1.129577693,1.248859428,1.400136201,1.016279544,1.225451248,0.978382279,1.315356071,1.565730943,1.423077806,1.137264562,1.477827977,0.936701163,1.27308241,1.2992156,1.150992463,1.266814206,1.026391041,1.195799533,1.214311565,0.973580416,1.215024667,0.831888221,1.358865262,1.272182322,0.921096293,0.696429979,0.957645735,1.223279021,1.00571232,1.077461934,1.073496277,1.327229445,1.053382665,1.495880391,1.381039831,1.026214608,1.196252799,1.096850144,1.582779027,0.91175681,1.151600592,1.533811288,1.190948672,1.159220517,1.097001727,1.278852073,1.224332011,1.108861432,1.159585184,0.882944792,1.091112586,1.474247486,1.17489722,1.042484425,1.523458647,1.256063864,1.131432,1.019336228,1.274482878,1.250209478,1.371374454,1.183337024,1.228372011,1.086976184,1.305827094,1.150849635,1.323597695,1.11700147,1.094934669
1.099685861,0.995023157,1.281134222,1.12210613,1.095395595,1.267368087,1.302043342,1.29465292,1.054719597,1.248320891,1.234240771,1.203404071,1.165290279,0,1.256955027,1.300264932,0.813939803,1.006888804,1.270505997,1.309036124,0.994042611,1.254381957,1.363911216,1.320719893,1.331415139,1.138795522,1.132728803,1.069095109,1.069581582,1.052499089,1.272709923,0.880203522,1.333705479,1.160373993,0.96535923,1.449469431,0.828990006,1.28459514,1.441821564,1.072023229,1.277399867,1.462698929,1.189588002,1.448515033,1.11755228,1.246541415,1.325244127,0.738305184,0.910588654,1.466392893,1.176239142,1.290708091,0.893146907,1.226822757,1.042735595,1.044943091,1.101890563,1.185921833,1.079223375,1.099837307,1.29686253,1.035451261,1.226266212,0.930958648,1.41769106,1.107068314,1.025510114,1.047194447,1.076495803,1.330822024,1.379629445,1.431714729,1.468491714,1.462875577,1.02064584,1.15587201,1.189897696,1.320111131,0.68227239,1.603651475,1.047814304,1.05187683,1.431319634,1.07800065,1.112729621,1.520908539,1.015816694,1.094008143,1.126544484,1.590648873,1.443558927,1.293719616,1.242396478,1.349549612,1.030288692,1.345139232,1.275150413,1.467530426,1.209390917,1.361965697
0.948565472,1.339215701,1.35893259,0.951741437,1.335652249,1.141696165,0.95652962,1.614651425,0.953390986,1.053095832,1.222549134,1.21171027,1.049800183,1.256955027,0,1.099099991,0.877060679,1.617832838,1.32491637,1.088562931,1.272962167,0.947221965,1.130289726,1.141182702,1.055085873,1.319757927,1.018857431,1.110661354,1.219715382,0.881916932,1.173537336,1.162851043,1.260945205,1.430330665,1.151748128,1.39624825,0.957997722,1.196164051,1.68148806,1.366030689,1.13238768,1.590570324,0.991614584,1.301373469,1.213631701,0.815874312,1.059081976,1.254414745,1.148871215,1.290773971,1.024104487,1.331025766,1.120576396,1.246882429,1.393863959,1.114547575,1.247559547,1.147831327,1.269940072,1.087255833,1.155644508,1.088935622,1.241362442,1.220628706,1.334405029,1.482236676,1.027368747,0.926916632,1.366872415,1.444528959,1.329994955,1.219859237,1.085614974,1.240950912,1.246603365,1.067060671,0.937464729,1.314622119,1.162674053,1.369220818,0.89957456,1.165987219,1.300959114,1.213927362,1.270639329,1.42174451,1.266567069,1.252300325,1.169694962,1.2035239,1.201856593,1.250249163,0.911094803,1.030712698,1.204535403,1.610278887,0.982785637,1.365566022,1.041714117,1.345341923
1.104256643,1.230156819,1.3999065,1.321793912,1.259739015,1.23918032,1.268388879,1.449756485,1.032897167,1.09437781,1.051644587,0.998082578,1.147651066,1.300264932,1.099099991,0,1.290602257,1.292910267,1.129474984,1.116154259,1.254731598,1.075016856,1.143919734,1.197248159,1.218801275,1.427524207,1.206351741,1.029021639,1.167820547,1.246767185,1.008763101,1.275510488,1.064147259,1.292078618,1.180841405,1.630573953,1.053245399,1.089482392,1.170789454,1.282710267,1.368278061,1.194165617,1.137343976,0.955662265,1.294722558,0.986579283,1.061310385,1.341444345,1.106367666,1.308351213,1.006722276,1.081863073,0.957389235,1.031110975,1.224319514,1.024126734,1.234043399,1.194728859,1.077195506,0.906551116,1.140427448,1.143988011,1.056086862,1.295938204,1.327220738,1.555766486,1.095766605,1.289481045,1.383285474,1.36547489,1.207898954,1.173998393,1.337763005,1.359148474,0.998258361,1.116575723,1.144183077,1.468581503,1.301890206,1.432105882,1.09468995,1.201384869,1.194030968,1.089751635,1.288425878,1.271029352,1.247559672,1.336516104,1.132886592,1.151100039,1.303994222,1.096884579,1.139408921,1.078578905,1.320709981,1.395921049,1.064371092,1.242770938,1.246733156,1.139685001
0.924782373,1.036381067,1.132776514,1.10611949,1.144414993,1.241379524,1.174131719,1.396342384,1.038232321,1.214717494,1.3676653,1.162409972,1.164023109,0.813939803,0.877060679,1.290602257,0,1.460789574,1.255570925,1.20288464,1.126281491,1.07483914,1.267503406,1.238645765,1.328380516,1.246854698,1.095491206,1.257595079,0.927500157,0.891010763,1.167465795,0.998701111,1.287462038,1.263539201,1.041673795,1.498063984,0.950907348,1.260732733,1.559933033,1.00467783,0.924474037,1.419037958,1.073582411,1.600975848,1.095733358,1.11082862,1.345925293,0.896727533,0.92001164,1.279146054,1.220141726,1.220948091,1.076003588,1.314995002,1.178111302,1.005080426,1.234000116,1.249868541,1.23617733,1.072581664,1.277298774,0.969610308,1.208815002,1.057074038,1.280738019,1.297107862,1.103781177,0.712246025,1.310926631,1.031599643,1.343241502,1.202893682,1.151538067,1.321929111,1.055171091,1.056264865,1.16965118,1.201520946,0.981338473,1.6168286,1.05543302,1.041658253,1.102699695,1.239278944,1.243173973,1.465672326,1.041321504,1.015199882,1.018451483,1.480171952,1.347488011,1.434698253,1.038933037,1.192238138,1.133560854,1.452576129,1.156814141,1.429040247,1.003084147,1.338756415
1.361873747,1.156436,1.478563303,1.48820148,1.390501132,1.464121931,1.511961312,1.597340712,1.211442245,1.328376871,1.326087082,1.154826235,1.388404767,1.006888804,1.617832838,1.292910267,1.460789574,0,1.632146075,1.407528771,1.322731831,1.399159759,1.429544993,1.404803478,1.520169804,1.607750787,1.245967031,1.024691433,1.483823173,1.382076585,1.535559309,1.478402575,1.428356266,1.372297174,1.194938026,1.68375119,1.289517257,1.346793323,1.295697178,1.315137547,1.528963721,1.418386684,1.5033699,1.337582512,1.345748585,1.502428963,1.324472982,1.022850612,1.298467559,1.79602726,1.225951175,1.375161206,1.177186316,1.368715037,1.399325303,1.457986476,1.35002737,1.35582649,1.314245933,1.389908155,1.574904216,1.274920618,1.22506501,1.175322858,1.540800955,1.480815222,1.348895262,1.386396796,1.44999538,1.685017669,1.542265206,1.577233079,1.636792669,1.59868717,1.215820032,1.349146286,1.122801666,1.488937056,1.137977558,1.630478258,1.331069122,1.227870761,1.62240119,1.436440462,1.416076335,1.694301466,1.246333907,1.424361593,1.621211336,1.645184043,1.321998193,1.396368189,1.538196707,1.495242993,1.210826844,1.302790811,1.352274601,1.368502174,1.533215059,1.421758046
1.031917892,1.240083591,1.475150441,1.324178076,1.150698321,1.6656468,1.41141711,1.605356553,1.322766938,1.390885709,1.318269272,1.366561033,1.553201636,1.270505997,1.32491637,1.129474984,1.255570925,1.632146075,0,1.089662407,1.330897488,1.331478714,1.449420945,1.328575268,1.312260258,1.591944837,1.369157221,1.463171084,1.237750936,1.537661376,1.316358141,1.335371185,1.01956375,1.463258713,1.317031428,1.967413029,1.201683918,1.424810147,1.655679233,1.395056144,1.570212424,1.633683947,1.557938834,1.381742117,1.264175666,1.08345619,1.15394884,1.427110678,1.203731756,1.452557592,1.288584571,1.167002576,1.219443864,1.091678935,1.102716143,1.371304897,1.383345268,1.430174118,0.993965156,1.109284513,1.373496672,1.109239076,1.213998057,1.417383244,1.503341594,1.44871189,1.014695028,1.291572754,1.425209086,1.306885923,1.359242226,1.584556376,1.401170696,1.641142488,1.397785415,1.309360151,1.283397823,1.537026811,1.375483563,1.748622751,1.083643723,1.406611282,1.352038443,1.25900861,1.268266983,1.468794442,1.15444056,1.426537833,1.138701016,1.221795176,1.442470008,1.443910783,1.076061079,1.191888376,1.615999485,1.34831425,1.141200707,1.515845031,1.573171991,1.398381679
0.934018524,1.281925568,1.203826013,1.148411267,1.273795518,1.198509154,1.136967933,1.497686804,1.127132162,1.227051565,1.410314446,1.067004319,1.282734825,1.309036124,1.088562931,1.116154259,1.20288464,1.407528771,1.089662407,0,1.351961704,1.439447499,1.237897444,1.263027643,1.069239834,1.517324105,1.1318759,1.272420148,1.305016532,1.21559966,1.02233908,1.159895568,1.097936464,1.261922213,1.085375676,1.761791318,1.111251785,1.181829396,1.395403845,1.465012357,1.284881183,1.657476551,1.41509735,1.275763553,1.063174947,0.865843757,1.106584531,1.278907803,1.202158921,1.304442516,1.079892147,1.029072377,1.254442852,1.016441174,0.979612462,1.280303945,1.346479018,1.317475967,1.161237271,1.109398362,1.256327765,1.130510754,1.107506471,1.415535862,1.178797259,1.382936195,0.922380593,1.267752289,1.326167837,1.477454254,1.349233933,1.191063387,1.249462477,1.1568876,1.413963832,0.86897895,1.015746846,1.344111715,1.045354571,1.255050034,1.006075652,1.2974376,1.300801353,1.193185194,1.152827694,1.493258943,0.959766153,1.501770027,1.10753518,1.290916544,1.168545929,1.48941376,1.075392754,0.967033294,1.190432995,1.362782024,0.783565983,1.054082531,1.214653688,1.233561387
1.116378385,1.115314833,1.157869118,1.240227761,1.307976763,1.305346231,1.281047075,1.078929598,0.90412545,1.355941128,1.196221839,1.297138062,1.254468637,0.994042611,1.272962167,1.254731598,1.126281491,1.322731831,1.330897488,1.351961704,0,1.174940326,0.96130695,0.942518278,1.186591817,1.281627084,1.205027422,1.099734704,0.94933622,1.172262811,1.142875577,1.014444902,1.324802297,1.203089843,1.208280364,1.574997827,0.990819279,1.44216362,1.64429309,0.94696391,1.001717011,1.335389708,1.160696792,1.326544799,1.08658842,1.177578721,1.112192824,1.195869656,1.006116482,1.328639565,1.117521227,1.509477435,1.146474097,0.877703371,1.1499762,1.287115059,1.152015843,0.859262672,1.162200795,0.96430459,1.049888729,0.872419695,1.350507658,0.947253141,1.412028024,1.076404363,1.024959007,1.088809979,1.336847302,1.231482297,1.201196967,1.3682157,1.455120422,1.397809642,1.001062425,1.361244167,1.321429155,1.397392378,1.046764377,1.428102144,1.128502248,1.126500726,1.218728986,0.987037378,0.821317794,1.210606767,1.052852587,0.785555687,1.006354792,1.324366391,1.529152966,1.22131135,1.100430283,1.496926803,1.213334602,1.341727868,1.180038617,1.411278321,1.169545927,1.159103319
1.129358109,0.959003482,1.224702897,1.355794898,1.126005968,1.431996162,1.16455487,1.644873057,0.863205786,1.058105474,0.877492378,1.371668182,1.253787765,1.254381957,0.947221965,1.075016856,1.07483914,1.399159759,1.331478714,1.439447499,1.174940326,0,1.056213371,1.043062377,1.198698663,1.38247494,1.138733374,1.062473031,1.174811577,1.005222373,1.414472261,1.419011042,1.082537327,1.294493483,1.153826017,1.383915756,1.086016252,1.207899882,1.643227277,1.197256833,1.27345894,1.214277208,1.012367451,1.414729922,1.303133613,1.156886197,0.854449486,1.242076112,1.221965042,1.476682954,1.043585784,1.297650397,1.074064151,1.335846042,1.541854148,1.201795082,1.24310796,1.124863603,1.300609746,1.177904598,1.160554287,1.089313058,0.899398899,1.013000752,1.353279819,1.327839407,1.14590207,0.892012985,1.445125245,1.154692032,1.248620485,1.194027363,1.174920063,1.457281289,0.996631983,1.259843646,0.942875971,1.465545879,1.387779234,1.419747329,1.07788274,1.036089273,1.139328911,1.288242041,1.307729386,1.08884717,1.264713316,1.068039424,1.324222195,1.240529692,1.326922699,0.978611972,0.947942781,1.129061728,1.428896621,1.237328334,0.99014491,1.322092013,1.255326733,1.324323982
1.237408696,1.276726045,1.246090317,1.382938987,1.156727742,1.228419583,1.225824808,1.239823319,0.872488618,1.156141013,1.190092651,1.160252148,1.102777045,1.363911216,1.130289726,1.143919734,1.267503406,1.429544993,1.449420945,1.237897444,0.96130695,1.056213371,0,0.993049187,0.787313304,1.343095192,1.011672505,1.198535338,1.186941491,1.238694563,1.192186896,1.41646066,1.108331052,1.212471191,1.295993051,1.465675338,1.203727228,1.44286131,1.547280075,1.242708348,1.142220617,1.341519677,1.128349345,1.256411094,1.334111451,1.119677769,1.030729057,1.389625269,1.30699299,1.143569385,1.198901531,1.49683583,1.15359524,1.22067021,1.442609925,1.306939604,0.930947291,0.922136338,1.172538902,1.005524432,1.134502165,1.101076026,1.0314392,1.343269709,1.614999852,1.319370004,1.097249537,1.182744174,1.45143376,1.366148357,0.958658237,1.105496747,1.41106096,1.07866103,0.999426139,1.414609648,1.175280787,1.350303237,1.161757557,1.129386393,1.111021055,1.255925934,1.356728515,1.283904674,1.024412921,1.113198455,0.975704747,0.975396798,1.043043643,1.164993971,1.494220992,1.28473801,0.918194296,1.143313833,1.415521331,1.208839611,1.063311397,1.258536791,1.016911694,0.97196266
1.027549154,0.92278999,1.139581211,1.241284192,1.308535574,1.167653791,1.135811947,1.331756889,1.178297776,1.241162874,0.963323728,1.301284932,1.059010282,1.320719893,1.141182702,1.197248159,1.238645765,1.404803478,1.328575268,1.263027643,0.942518278,1.043062377,0.993049187,0,1.096440202,1.430134037,0.977754046,1.13965794,1.085675077,1.27112789,1.239139149,1.212964888,1.137935668,1.446663841,1.230148829,1.626891774,1.073501092,1.395852962,1.597292948,1.050730529,1.047132261,1.128307807,1.121100744,1.210792388,1.240986212,1.234429896,0.873511619,1.196399188,1.181671142,1.340393168,1.07976323,1.355021534,1.110083365,1.046846987,1.17229163,1.202275121,1.060566661,0.705054057,1.121837219,1.087867738,0.872871999,0.759347208,1.251477016,0.833845362,1.143835566,1.257695018,1.122005714,0.968754668,1.460047056,1.359857135,1.065174115,1.281402868,1.427762132,1.294907462,1.285763957,1.206565041,1.177058537,1.291124204,1.289765973,1.139696303,0.81781767,0.755663239,1.073361529,1.0597323,0.905213058,1.231691334,1.205316678,0.998154999,0.976260547,0.713743241,1.163912711,1.276994894,0.926748508,1.173442776,1.124839513,1.290481097,0.808680551,1.070317207,1.280519308,0.727023833
1.253611814,1.266024265,1.450280664,1.207113395,1.21202831,1.248796822,1.104590361,1.461143544,1.080251465,1.133611601,1.237884473,1.387958601,1.129744664,1.331415139,1.055085873,1.218801275,1.328380516,1.520169804,1.312260258,1.069239834,1.186591817,1.198698663,0.787313304,1.096440202,0,1.374152885,1.000078686,1.218639348,1.338620776,1.282828965,1.255493217,1.277612207,1.239486362,1.404761333,1.264592898,1.544862576,1.073094508,1.433531439,1.65028123,1.516247224,1.430847759,1.649768265,1.15914055,1.375099278,1.309628044,1.19511943,0.881535864,1.417995078,1.476404267,1.260227644,1.310139299,1.40848244,1.145105535,1.137434296,1.412623984,1.181552428,0.956140029,0.94169319,1.169344457,1.282613536,1.113751701,1.161200434,1.008616404,1.374466915,1.5398292,1.305753808,1.013104742,1.297289556,1.227372635,1.658289916,1.139357807,1.257935414,1.489789721,1.074995414,1.285373267,1.230049991,1.139251719,1.530328756,1.02605963,1.190931023,0.890493716,1.28033674,1.560347794,1.280708324,0.942902689,1.308460385,1.039314893,1.297462185,1.048501493,1.122868202,1.435839607,1.324317961,1.012882364,1.029047357,1.326259004,1.321047501,0.952960674,1.232763645,1.256156814,1.071064606
1.334693021,1.471093171,1.413152627,1.364737283,1.205920078,1.085810684,1.155005818,1.384217319,1.35965236,1.392482929,1.230199362,1.576304361,0.978012774,1.138795522,1.319757927,1.427524207,1.246854698,1.607750787,1.591944837,1.517324105,1.281627084,1.38247494,1.343095192,1.430134037,1.374152885,0,1.074667285,1.425964236,1.30972867,1.257326119,1.20771177,1.115224598,1.170272839,1.42047436,1.136899186,1.418078144,1.237139461,1.439460105,1.803314832,1.471585251,1.495191954,1.711398422,0.91613101,1.627743773,1.336263976,1.393667457,1.456502556,1.270930295,1.248339835,1.314443717,1.287148652,1.412874303,0.986073922,1.504604464,1.447922968,1.205385563,1.091129051,1.224822896,1.572209939,1.285670743,1.206063064,1.400169244,1.401649605,1.256751281,1.616389463,1.409849137,1.23045975,1.496063719,0.926378897,1.621117957,1.277067345,1.290224814,1.684582963,1.41001191,1.208410542,1.175541774,1.623759924,1.635247643,1.108853604,1.357437705,1.323011355,1.395867234,1.618668511,1.351941121,1.217074064,1.469819797,1.391316351,1.395256649,1.222610811,1.706105752,1.674612705,1.514768655,1.138994272,1.647171149,1.34535766,1.385559055,1.37868905,1.69766121,1.31378969,1.479457417
0.962145459,1.125559784,1.265741818,1.016271929,1.066271894,1.147421789,0.835030474,1.306151682,1.1015175,0.992406878,1.110074681,1.119680379,0.786278385,1.132728803,1.018857431,1.206351741,1.095491206,1.245967031,1.369157221,1.1318759,1.205027422,1.138733374,1.011672505,0.977754046,1.000078686,1.074667285,0,1.013167405,1.008261023,1.143954491,0.974172895,1.115420771,1.049271075,1.351568809,1.025880688,1.307323289,0.996655961,1.38068856,1.500999803,1.227549854,1.219345562,1.52251644,0.976971667,1.31914158,1.170720908,1.133425201,1.079926139,0.836750048,1.044333577,1.270605749,1.082730921,1.244265896,0.706092283,1.202490958,1.313797807,1.052195056,0.942072627,0.949723788,1.162629785,1.103206341,1.111713184,0.884947535,1.033810746,1.012245271,1.420252683,1.424728642,1.093709383,1.120790501,1.053990333,1.456386007,1.122549075,1.071611651,1.335074059,1.116290409,1.136318217,0.906112787,1.017224595,1.161801577,1.132770548,1.310175264,0.924890335,1.054891706,1.318293655,1.358600784,1.043164408,1.415836739,1.039050106,1.26344958,1.203926203,1.207041555,0.808466188,1.342773563,0.923249436,1.113306333,1.028536067,1.058425714,0.974127745,1.257257363,1.094613728,1.075835219
1.132967521,1.182232618,1.258693833,0.996276812,1.452494836,1.298767379,1.203769217,1.59781685,0.93406798,1.150924999,0.971287534,1.215616487,1.005483941,1.069095109,1.110661354,1.029021639,1.257595079,1.024691433,1.463171084,1.272420148,1.099734704,1.062473031,1.198535338,1.13965794,1.218639348,1.425964236,1.013167405,0,1.135260253,1.156145849,1.204674857,1.15523459,1.404429079,1.278691372,0.921958195,1.137498813,0.883740445,1.229861716,1.318960171,1.239794245,1.238578351,1.340861737,1.070066309,1.206868339,1.177224114,1.019689864,1.067955961,0.93227049,1.054370022,1.594578911,0.866539599,1.349773307,0.832686511,1.253010804,1.359777592,1.165020839,1.128446358,1.133855495,1.093577411,1.037360508,1.045046376,1.039440163,1.240531399,0.948972339,1.446370663,1.21693636,1.027843565,1.189065239,1.265432274,1.392045759,1.353690756,1.371444189,1.46527558,1.433418936,1.07339973,1.242609019,0.956801159,1.284323666,1.214516219,1.396946518,1.088664289,1.197801417,1.499879016,1.058642199,1.222141588,1.402172266,1.047594649,1.12331934,1.321711806,1.234148655,1.183415266,1.126357176,1.295858681,1.148675844,1.082635357,1.406826589,1.201216211,1.342914719,1.164809293,1.231198016
1.098223542,1.055322312,1.123276043,1.241465682,1.219146398,1.2727995,1.265887337,0.937756977,0.933799196,1.356889517,1.242192502,1.256349782,1.133301532,1.069581582,1.219715382,1.167820547,0.927500157,1.483823173,1.237750936,1.305016532,0.94933622,1.174811577,1.186941491,1.085675077,1.338620776,1.30972867,1.008261023,1.135260253,0,1.080294951,0.962221061,0.855635821,1.247861471,1.085597471,1.190980321,1.432436123,0.946392939,1.430578553,1.610426767,0.890263387,1.010486512,1.20336502,1.125879129,1.496003148,1.293151924,1.202196778,1.361783176,0.846378018,0.925485833,1.259399705,1.192747901,1.304876583,0.923097848,1.145453388,1.054574173,0.952445388,1.222628362,1.160801396,1.107598396,0.814974765,1.047289937,0.91956595,1.186632403,0.929448748,1.390532668,1.396602487,1.209855699,0.934637815,1.346073705,0.870778259,1.254864693,1.037877648,1.506595426,1.51884626,1.000838087,1.163232856,1.311211717,1.021858706,1.315547225,1.639698108,1.170837457,1.15903358,0.958235374,1.107586153,1.123433475,1.342179302,1.006968346,1.097424913,1.015763158,1.387068623,1.271803573,1.297257477,1.111120695,1.273978228,1.113916644,1.144553132,1.141399222,1.312332629,1.125499372,1.070087852
1.194151595,1.147109804,1.370879928,1.039991193,1.249552123,1.099012124,1.219188375,1.301920873,0.744028571,1.21358031,1.344702108,1.17083028,1.160269216,1.052499089,0.881916932,1.246767185,0.891010763,1.382076585,1.537661376,1.21559966,1.172262811,1.005222373,1.238694563,1.27112789,1.282828965,1.257326119,1.143954491,1.156145849,1.080294951,0,1.28826727,1.088938215,1.393757471,1.096485921,0.997180979,1.438124544,0.986122581,1.128590725,1.624954748,1.185958279,1.155495163,1.368439446,0.99370458,1.410041899,1.227754471,1.160321052,1.210514182,1.050062787,1.161538133,1.312464771,1.113075447,1.189777608,1.187233627,1.275309378,1.208264866,1.02927911,1.327936602,1.27000584,1.481093457,1.122180693,1.171375648,1.252201458,1.102731103,1.117028954,1.273720997,1.456120184,1.126945052,0.879817315,1.399489739,1.366013037,1.464677519,1.157794167,1.343236452,1.525357243,0.984383092,1.02135731,1.016894461,1.327731301,1.015093484,1.404597267,1.067210782,1.057809562,1.117766054,1.291239756,1.18133455,1.552286001,1.210486375,1.207634711,1.275090819,1.601602458,1.284634397,1.283662257,1.147304239,1.211068731,1.048131975,1.426250776,1.047394608,1.344016208,0.923818409,1.436341047
1.015761222,1.294034253,1.168917587,1.249785214,1.314748862,1.211571968,1.077999301,1.208177864,1.19017973,1.104544682,1.349183683,1.155934614,1.012563116,1.272709923,1.173537336,1.008763101,1.167465795,1.535559309,1.316358141,1.02233908,1.142875577,1.414472261,1.192186896,1.239139149,1.255493217,1.20771177,0.974172895,1.204674857,0.962221061,1.28826727,0,0.919361677,1.165177288,1.364384045,1.230706461,1.59633912,0.945363963,1.495262885,1.42339264,1.345984079,1.175408137,1.60950375,1.231211511,1.296763615,1.269939072,1.031742667,1.341261356,1.192793008,0.895025111,1.324828219,1.013892642,1.268814848,0.961149808,0.995543826,1.164785663,1.065734991,1.320275212,1.208438185,1.233429691,0.958960717,1.100993089,0.941153334,1.260552607,1.219582832,1.316153754,1.377502812,1.142928619,1.417404246,1.151076273,1.37819562,1.281935481,0.894978632,1.355634191,1.120721224,1.158185965,0.946769157,1.366018606,1.401041164,1.257755783,1.430585288,1.205777803,1.215055062,1.213463154,1.159626605,1.172737033,1.347707488,1.191155779,1.402475572,1.046253433,1.433884056,1.229744018,1.431075879,1.162583451,1.253247498,1.275529816,1.403445709,1.102180504,1.257335994,1.032251144,1.197350911
1.101142966,1.192305013,1.130552407,1.171920792,1.312468926,1.028874538,1.207450806,1.129430636,1.110225123,1.415401298,1.211944116,1.419869596,1.129577693,0.880203522,1.162851043,1.275510488,0.998701111,1.478402575,1.335371185,1.159895568,1.014444902,1.419011042,1.41646066,1.212964888,1.277612207,1.115224598,1.115420771,1.15523459,0.855635821,1.088938215,0.919361677,0,1.363285956,1.186634826,1.145712381,1.424173793,0.735288701,1.372976022,1.5918668,1.191790732,1.223443864,1.544539081,1.124444063,1.500189684,1.236585223,1.183471367,1.362772563,0.927964416,0.919490525,1.404808735,1.16345944,1.406438321,0.943790139,1.055279433,0.940124197,0.916001658,1.320553271,1.131928742,1.154251615,1.065238425,0.988880662,1.048425884,1.362486582,0.939269881,1.198975614,1.187696827,1.148691901,1.206863248,1.032104684,1.339385421,1.462388691,1.167749612,1.550495399,1.370602579,1.281119921,0.947062918,1.362768345,1.327412805,0.986631794,1.475147687,1.108755261,1.119140475,1.289382691,0.800111486,1.086493008,1.389791118,1.164965603,1.38610958,0.975592343,1.498145371,1.412272934,1.29595469,1.17348473,1.354073716,0.843969689,1.486942043,1.094830123,1.271838259,1.196448686,1.198365157
1.072726678,1.169542789,1.080945397,1.515687477,0.827114382,1.281790233,1.137762747,1.407182154,1.161909913,1.108457018,0.978532766,1.305180397,1.248859428,1.333705479,1.260945205,1.064147259,1.287462038,1.428356266,1.01956375,1.097936464,1.324802297,1.082537327,1.108331052,1.137935668,1.239486362,1.170272839,1.049271075,1.404429079,1.247861471,1.393757471,1.165177288,1.363285956,0,1.30162409,1.272952741,1.687942712,1.224298049,1.364981598,1.595192139,1.350656725,1.488053054,1.477080222,1.325205831,1.240551642,1.303810291,1.083077812,1.099576409,1.348265014,1.155917352,1.321968436,1.057473013,1.174790198,1.025213397,1.252212053,1.238996795,1.388299286,1.194167118,1.201440967,1.179006132,1.027682631,1.22373191,1.087121368,0.933769486,1.228672298,1.315244076,1.417034772,1.06273653,1.297225766,1.350169447,1.307288225,1.105215541,1.027146542,1.368768238,1.265833629,1.299366908,1.118010997,1.22890642,1.338706262,1.330426748,1.226500335,1.156534136,1.251785906,1.257586487,1.251423674,1.273834039,1.097872317,1.155326429,1.430256221,1.191895037,1.280103783,1.347595981,1.250289425,0.801319475,1.183993632,1.505484206,0.963279318,0.890017861,1.224168241,1.393070221,1.160547875
