0,2.003683326,1.630434524,1.790790341,1.7717495,1.818684155,1.620443989,2.005338139,1.710200266,1.825344148,1.832824363,1.554970981,1.773075417,1.857039003,1.68785599,2.258621376,1.503729657,1.752647927,1.441328872,1.907057458,1.442290896,1.609730754,1.64008075,2.094085904,1.875730889,1.566312225,2.054970185,1.783154992,1.46325855,1.88747984,1.659915879,1.763929792,1.650387055,1.788857074,1.462424859,1.4416109,1.790536373,1.810873201,1.771146788,1.565683206,1.80829623,1.628436442,1.722983149,1.638046733,1.63342722,1.746322179,1.769134477,1.437406586,1.659546803,1.758286114,1.824720131,1.49890456,1.890644408,1.800276927,1.813113487,1.962834681,1.848913961,1.409253832,1.890452935,1.597717927,1.816956966,1.533862866,1.771152064,1.628764856,1.961375852,1.505514793,1.638417962,1.867455149,1.618257087,1.968200909,1.71770241,1.70735668,1.88117808,1.426137308,1.518230675,1.513170757,1.32175656,1.979857394,1.342630785,2.01733528,2.123138596,1.651889665,1.740991041,1.188585661,1.771701842,1.809243586,1.513690812,1.939824441,1.948765605,1.551736005,1.960077514,1.669733277,2.147297481,1.934310605,1.672994363,1.671955982,1.461144401,1.717464009,1.702339685,1.602239923
2.003683326,0,1.872998715,1.630730164,1.345999351,1.381318515,1.439073828,1.601475353,1.070441208,1.239441918,1.797864074,1.423090517,1.360562319,1.246546337,1.477786643,1.898245985,1.516923011,1.806658687,1.874688186,1.551824045,1.182386368,1.340178439,1.688200201,1.835603059,1.481634041,1.780548962,1.468247849,1.128936411,1.340619848,1.69825065,1.539520118,1.507969157,1.31563723,1.729996177,1.377759328,1.672446846,1.708068497,1.441666436,1.528150464,1.500957195,1.517834598,1.493640386,1.684472096,1.717000488,1.814188492,1.156002597,1.64170738,1.447476488,1.490161639,1.667224221,1.564492119,1.074074037,1.566036758,1.367737218,1.896292001,1.310169455,1.355814909,1.81260188,1.557665284,1.276857835,1.698113031,1.360190283,1.506433215,1.234182175,1.701146018,1.769688147,1.508469189,1.433972973,1.168693214,1.445492637,1.481311846,1.503936993,1.732773178,1.596438318,1.512433857,1.619847118,1.583470169,1.304304493,1.693772553,1.574579983,1.788085815,1.794482601,1.578538263,1.533598411,1.971903046,1.419997214,1.520739741,1.861585209,1.674607981,1.752275351,1.582462143,1.87740371,1.718152297,1.817941,1.734716737,1.522654498,1.456008264,1.629747065,1.944036384,1.599693073
1.630434524,1.872998715,0,1.648586814,1.604120156,1.631761128,1.158708824,1.554466892,1.491632521,1.428283611,1.354040165,1.880406481,1.816141752,1.397442426,1.714624933,1.723468824,1.338085434,1.552856865,1.420090353,1.85848663,1.384911772,1.847184429,1.742422195,1.828589192,1.192369044,1.406079783,1.520198773,1.408957357,1.603513713,1.603153866,1.337172894,1.576631767,1.63025061,1.826210928,1.481097082,1.524367883,1.157053448,1.679312098,1.795447502,1.646912337,1.57393572,1.378539123,1.328279304,1.658625963,1.537027945,1.88907845,1.639337334,1.014966148,1.498323585,1.517389183,1.685733337,1.403750537,1.51047178,1.750823967,1.56550857,1.641596249,1.416999389,1.605217836,1.900369554,1.249441976,1.399877737,0.989408693,1.411395594,1.631719423,1.952852504,1.573800417,1.415349436,1.76840744,1.438799439,1.530038625,1.52880049,1.669228601,1.754351509,1.358221464,1.63242053,1.472894505,1.160562168,1.560352512,1.729879421,1.840207712,1.558346853,1.509822447,1.595788833,1.492218195,1.556185006,1.3614425,1.551324217,1.613486206,1.465313682,1.579360454,1.490187734,1.59607251,1.714956628,1.711331355,1.514165515,1.554312943,1.259170943,1.85901256,1.78243272,1.718089362
1.790790341,1.630730164,1.648586814,0,1.751418787,1.393930017,1.407688163,1.669372014,1.635659346,1.700872751,2.067195027,1.924293606,1.816227918,1.562131344,1.76345013,1.896738304,1.789358324,1.926157713,1.907394059,1.989240765,1.737095171,1.279497413,1.717907041,2.13593668,1.83028592,1.625748203,1.912851709,1.424097852,1.657090858,1.920690259,1.534730857,1.997276305,1.473407726,2.150670064,1.367383568,1.872748304,1.889551356,1.736600253,2.124852397,2.005533673,1.484262825,1.306715851,1.873278109,2.014373688,1.765465143,1.639237125,1.624058531,1.565888518,1.911217008,1.777282147,1.952803459,1.618908399,1.922278754,1.544808527,2.026550306,1.987359978,1.541484305,1.964905353,2.009725247,1.400041182,1.655643591,1.443456814,1.649213643,1.635229798,1.633236352,1.66041897,1.826995276,1.322475107,1.854832452,1.623586475,1.87850248,1.895890547,1.95165065,1.365563973,1.829137034,1.916972339,1.772842976,1.42858312,2.039349393,1.743234818,1.61185666,1.683176257,1.710389055,1.35506802,1.887111019,1.813978966,1.714104912,1.955248948,2.160152737,1.663538863,1.689614694,1.84750842,1.960041161,1.7153577,1.739260819,1.862551298,1.844997014,2.176790105,2.104184076,1.912505485
1.7717495,1.345999351,1.604120156,1.751418787,0,1.569352613,1.134221052,1.366109921,1.311527617,1.241689152,1.595704818,1.405606181,1.634511982,1.184219491,1.476012265,1.683684559,1.186120225,1.703846422,1.655388134,1.806631839,1.373960519,1.597499629,1.591055958,1.56064409,1.436657048,1.279500851,1.367051152,1.192037,1.315182403,1.344586933,1.106470987,1.245441889,1.543356255,1.662882182,1.459817528,1.474293354,1.688489312,1.310014881,1.442328725,1.306021937,1.500196221,1.549335307,1.809261525,1.144119578,1.347011082,1.57022463,1.380963973,1.155513466,1.249616885,1.471756222,1.458177735,1.215397846,1.694467627,1.67772956,1.357755257,1.488299168,1.042721683,1.520717179,1.588396648,1.503260167,1.165151419,1.386572827,1.12155951,1.167216259,1.460254059,1.6934747,1.37514544,1.429309038,1.053870426,1.339911945,1.715413726,1.143119702,1.27238856,1.288179565,1.166149622,1.224413862,1.270146318,1.385170119,1.324012919,1.37761576,1.641418285,1.545271303,1.122556767,1.413444673,1.510643134,1.352971385,1.24193283,1.856277465,1.42589575,1.497304773,1.870356872,1.428411371,1.815203285,1.774666152,1.700038661,1.175223948,1.319219187,1.293277699,1.61414288,1.205698688
1.818684155,1.381318515,1.631761128,1.393930017,1.569352613,0,1.018580263,1.442902579,1.228424297,1.566162159,1.586876549,1.426226361,1.444188609,1.153759297,1.346880113,1.561919649,1.4228302,1.646987542,2.013936629,1.58792009,1.407463283,1.422093346,1.145223482,1.933485657,1.448246803,1.693571182,1.863676077,1.098611422,1.361888505,1.329733627,1.190466379,1.431580058,0.881661683,1.635581172,1.211055121,1.375681816,1.638015445,1.693422012,1.481841438,1.48082469,1.571703821,1.49076843,1.45847895,1.561032561,1.685567207,1.388224105,1.601580523,1.224534113,1.503667073,1.610441147,1.394145483,1.101211975,1.283357625,1.067783098,1.789547097,1.581529081,1.307749903,1.707938842,1.674389612,1.432311785,1.6168724,1.199072456,1.388553755,1.289995512,1.422665865,1.508126231,1.468423292,1.245516613,1.486958121,1.209749961,1.421029512,1.472439199,1.928982052,1.527080645,1.497359285,1.863094056,1.478061521,1.483756583,1.791656537,1.52252419,1.403740659,1.603541758,1.445064705,1.149505664,1.606289666,1.503208181,1.28665387,1.695763703,1.822052921,1.378185813,1.544023844,1.417681303,1.734104764,1.524591236,1.214311144,1.481640115,1.456214089,1.606303986,2.065476127,1.742746322
1.620443989,1.439073828,1.158708824,1.407688163,1.134221052,1.018580263,0,1.188024638,1.263732197,1.177096995,1.408810374,1.40300271,1.591267894,0.907756937,1.136339973,1.218335282,1.160998828,1.385855704,1.658941289,1.467003269,1.174911278,1.401260012,1.338547871,1.696958449,1.266242381,1.225018786,1.457066524,0.994467342,1.221247035,1.383218339,0.714717118,1.402502957,1.209532494,1.566629091,1.190559379,1.390834897,1.516162762,1.492527673,1.595653844,1.258390046,1.461241858,1.19686565,1.298278794,1.235186015,1.461213781,1.624735824,1.241492741,0.985011286,1.231499717,1.298820456,1.326031885,1.058764002,1.268738375,1.28418618,1.44074076,1.347098171,1.068663726,1.490746295,1.682099372,1.307957771,1.256474339,0.972712102,0.987353551,1.343403259,1.300596986,1.314096495,1.273398861,1.324479094,1.130833048,1.064885014,1.460213738,1.287834653,1.488920627,1.247206316,1.157718894,1.505659383,1.167721731,1.222879193,1.523141165,1.341523,1.328614694,1.200314109,1.303530947,1.093710029,1.347708939,1.271241602,0.917941027,1.652080298,1.436375802,1.373319608,1.521416845,1.372210073,1.578774329,1.748960248,1.144348027,1.160522151,1.155161616,1.596395539,1.734022938,1.445161277
2.005338139,1.601475353,1.554466892,1.669372014,1.366109921,1.442902579,1.188024638,0,1.438791902,1.424173007,1.509668317,1.646713736,1.626564204,1.429785751,1.247758869,1.023358402,1.536262661,1.293578515,1.977194637,1.752114984,1.427505748,1.868879955,1.436193865,1.726213673,1.305422863,1.171246014,1.532929114,1.336466289,1.315029248,1.512781161,1.136129611,1.423751795,1.534915268,1.874427581,1.495759479,1.620634341,1.581070012,1.57226577,1.686918668,1.674514597,1.719149452,1.343834428,1.688967391,1.859582171,1.508527179,1.636212347,1.113459005,1.23815202,1.613653121,1.50752282,1.189762498,1.541549101,1.571351697,1.375507683,1.095846983,1.890043571,1.238745794,1.708613343,1.582564927,1.752449812,1.312217079,1.358143436,0.93232135,1.77008632,1.859834008,1.378679868,1.388491281,1.408104101,1.333685,1.644435574,1.656694656,1.446120508,1.826731337,1.56162869,1.370197889,1.79660384,1.698796938,1.014548533,1.748890301,1.286594239,1.33974817,1.917450718,1.328985911,1.431303473,1.884597267,1.357981158,1.599735318,1.90267076,1.563405518,1.641676453,1.721193131,1.569382789,1.961389063,1.523197153,1.627919382,1.372409313,1.553086461,1.328111533,1.672879548,1.305628333
1.710200266,1.070441208,1.491632521,1.635659346,1.311527617,1.228424297,1.263732197,1.438791902,0,1.118720715,1.591931944,1.48817382,1.374047582,1.194541071,1.462225556,1.744621172,1.183341683,1.309698074,1.864594855,1.724171802,1.042672251,1.511810283,1.36743878,1.640789501,1.080709415,1.309227892,1.366320628,0.945062465,1.316352623,1.502834334,1.216986251,1.085334644,1.279464995,1.600289178,1.039451543,1.18397664,1.371963015,1.485756121,1.4750281,1.210085554,1.481178924,1.284279725,1.538127265,1.512436774,1.733578303,1.25122562,1.635841769,1.074237668,1.280754571,1.488513685,1.597786037,0.984488794,1.357939552,1.459669205,1.828078612,1.443130339,1.027092336,1.606455836,1.66591057,1.300407803,1.514520426,1.121497346,1.175940944,1.242102467,1.522417051,1.391305261,1.317694975,1.517954678,1.094612983,1.373564276,1.094213124,1.43135232,1.669609269,1.431599512,1.515046707,1.462667095,1.056231934,1.395646027,1.351853809,1.786735433,1.494627325,1.61779577,1.49454618,1.361979756,1.71815915,1.076625918,1.229632329,1.763921928,1.559762041,1.281403694,1.347407554,1.438543897,1.373940116,1.521468238,1.497333211,1.444523188,1.008648979,1.520363747,1.77310392,1.326285773
1.825344148,1.239441918,1.428283611,1.700872751,1.241689152,1.566162159,1.177096995,1.424173007,1.118720715,0,1.52728796,1.61543394,1.605400266,1.240070941,1.556006672,1.623745751,1.046474395,1.44014509,2.000524058,1.833836311,1.134392397,1.654971504,1.767401667,1.53037017,1.098164398,1.454780808,1.339616019,1.262447389,1.208253757,1.58191953,1.331328284,1.339619642,1.526695445,1.751724021,1.19385735,1.396262045,1.550143229,1.670759222,1.85878105,1.565491356,1.337963359,1.13209561,1.529281413,1.407654309,1.688399096,1.534934895,1.687117559,1.270333057,1.230552104,1.540119915,1.337027864,1.254091132,1.628964648,1.672511559,1.580966909,1.457388271,1.25314135,1.662380203,1.664660125,1.459644487,1.390476021,1.07213383,0.941283553,1.464634673,1.688086949,1.658428352,1.49104828,1.545029754,1.141898924,1.245817819,1.345597218,1.27083892,1.619384354,1.500469104,1.142059121,1.634060625,1.327699188,1.292547001,1.615829053,1.749893761,1.699396438,1.321140952,1.477480138,1.39429259,1.583636831,1.19574576,1.12210877,1.754009454,1.299847711,1.467273938,1.650633441,1.599721559,1.799395682,1.966358075,1.695919787,1.325787478,1.298222883,1.508022402,1.600229752,1.343588207
1.832824363,1.797864074,1.354040165,2.067195027,1.595704818,1.586876549,1.408810374,1.509668317,1.591931944,1.52728796,0,1.66446527,1.822722427,1.442793527,1.665588188,1.780692865,1.450743738,1.558608612,1.761204098,1.979980017,1.44747781,1.960358535,1.598607448,1.515831689,1.475900464,1.841383006,1.627373994,1.604465714,1.581319742,1.333201387,1.463781452,1.525144881,1.675845083,1.871312216,1.621944601,1.544245946,1.186243433,1.668296153,1.624957463,1.434518304,1.521061577,1.554603373,1.327782258,1.311446019,1.69134174,1.820809294,1.634213684,1.179915242,1.684686163,1.626627963,1.505515316,1.436014785,1.367659292,1.538800121,1.442693305,1.58247563,1.553861558,1.727426175,1.787035679,1.65263142,1.785255207,1.062644211,1.343776442,1.582763296,2.244851317,1.782693735,1.315667079,1.908563132,1.398204418,1.515313814,1.565825213,1.534504735,1.93698799,1.671802751,1.335060337,1.713411104,1.414911644,1.753765095,1.73277569,1.437555409,1.84954147,2.03598627,1.38270439,1.805222009,1.707036363,1.699169595,1.74059259,1.369291336,1.563473664,1.702652369,2.050631039,1.754421491,1.88994409,1.941029648,1.206511999,1.566385889,1.593654444,1.61238187,1.645951868,1.727177288
1.554970981,1.423090517,1.880406481,1.924293606,1.405606181,1.426226361,1.40300271,1.646713736,1.48817382,1.61543394,1.66446527,0,1.369406849,1.295169874,1.234753698,1.865871348,1.419740339,1.442122217,1.693914131,1.441218661,1.246046821,1.478333243,1.405728396,1.881981674,1.657930372,1.559822191,1.82561327,1.168652638,1.329196277,1.414889986,1.428600837,1.243921809,1.639943325,1.399898721,1.435025164,1.635553099,1.796421218,1.390268771,1.090864669,1.288957567,1.570527586,1.742546966,1.583316521,1.401781898,1.260834255,1.185941978,1.538583084,1.405744071,1.258451197,1.336183221,1.221958409,0.945612483,1.374122813,1.273603155,1.41508672,1.410661327,1.588384416,1.259184697,1.394340678,1.531610199,1.474178316,1.550777571,1.512532555,1.257729126,1.7595905,1.580547141,1.659595616,1.307841275,1.23748081,1.455466362,1.403127455,1.307301637,1.817764284,1.294590629,1.272394038,1.361708251,1.473996925,1.557564586,1.340052492,1.45557597,2.078258648,1.613306644,1.57056798,1.303339497,1.277509027,1.636607472,1.323528971,1.745916573,1.702918566,1.493980625,1.594806797,1.434393529,2.160659018,1.866651893,1.312931607,1.128662488,1.591190684,1.369996891,1.512099476,1.316797174
1.773075417,1.360562319,1.816141752,1.816227918,1.634511982,1.444188609,1.591267894,1.626564204,1.374047582,1.605400266,1.822722427,1.369406849,0,1.441686259,1.799600157,1.881223623,1.415181355,1.763989551,1.956358764,1.665702425,1.357725141,1.658024388,1.442932912,1.77758206,1.6922101,1.626790591,1.899984622,1.419829853,1.620719671,1.57148458,1.342094945,1.392671851,1.298830964,1.518731488,1.544826401,1.264385032,1.489552933,1.404931471,1.420383956,1.627344795,1.891824403,1.661216892,1.484060321,1.831761279,1.684460937,1.393490991,1.936856258,1.475163345,1.475370759,1.925101408,1.190146729,1.091381416,1.164147254,1.673250078,1.793523373,1.688410445,1.563033215,1.478109175,1.406055177,1.504969404,1.40244224,1.42250828,1.737766639,1.353478779,1.779637932,1.360577958,1.60250739,1.22095423,1.131012271,1.632200581,1.523850315,1.711668284,1.850823815,1.651540226,1.333993269,1.601087523,1.505796255,1.652682793,1.496423834,1.493490097,1.563524612,1.656933788,1.414944334,1.318061398,1.867274985,1.31639622,1.400932641,1.855222531,1.49792652,1.77988526,1.28978056,1.494311989,1.931745424,1.702827948,1.534585811,1.706445795,1.461506695,1.589641629,2.163239538,1.424787661
1.857039003,1.246546337,1.397442426,1.562131344,1.184219491,1.153759297,0.907756937,1.429785751,1.194541071,1.240070941,1.442793527,1.295169874,1.441686259,0,1.30654457,1.332692881,1.023507076,1.383211043,1.554955891,1.22010885,1.159384037,1.347589399,1.185770289,1.323959642,1.300929326,1.386145615,1.531780474,0.647450585,1.10710477,1.036416022,0.968242397,1.249332483,1.238684511,1.326490644,1.242386019,1.424737612,1.405935758,1.350009758,1.467063126,1.27787678,1.398192226,1.195193153,1.286533986,1.240054273,1.382463083,1.147034977,1.389277636,0.86261139,1.016224843,1.382563026,1.390946342,0.972321214,1.176734143,1.254695301,1.531141925,1.007724856,1.022035704,1.574858831,1.358533118,1.250543151,1.19033651,0.971733868,1.03027466,1.37086432,1.325596896,1.459936773,1.511638141,1.293009684,1.065521492,0.821086108,1.232385181,1.147761104,1.445265858,1.119586709,1.202190861,1.276701751,1.083733332,1.568350081,1.267129713,1.291603625,1.454068465,1.178726317,1.160170308,1.368014413,1.288048011,1.218932275,1.226622174,1.268462742,1.41406433,1.235899366,1.368079258,1.148605014,1.309266968,1.742726538,1.212894083,1.186820463,1.337099402,1.622370988,1.66993463,1.48149547
1.68785599,1.477786643,1.714624933,1.76345013,1.476012265,1.346880113,1.136339973,1.247758869,1.462225556,1.556006672,1.665588188,1.234753698,1.799600157,1.30654457,0,1.400454147,1.579700339,1.227676617,1.608191712,1.340309017,1.374115246,1.677819375,1.487010425,1.817362854,1.446775469,1.319736451,1.422579705,1.174924026,1.003456538,1.393457335,1.349089386,1.420201409,1.468717422,1.790115592,1.422038784,1.505263321,1.881330146,1.551018676,1.535848588,1.363989669,1.772791211,1.246387112,1.624155653,1.535703382,1.503630032,1.450475368,0.953271654,1.265899663,1.262559087,1.563280125,1.398865105,1.403961328,1.630074267,1.281348582,1.372126437,1.541442831,1.316550182,1.720373466,1.581835725,1.786327447,1.737987481,1.488765203,1.150727021,1.711115675,1.724408368,1.242133579,1.595778527,1.663333737,1.309144192,1.475466875,1.375089475,1.5431225,1.632702784,1.595120741,1.508750931,1.67891726,1.633009651,1.28214801,1.560439469,1.587989093,1.830698978,1.635967979,1.676526256,1.480443016,1.6272833,1.623871902,1.518754383,1.792904992,1.808456882,1.627253466,1.844850092,1.565772847,2.075002839,1.479707823,1.523309513,1.406932704,1.395722668,1.385110505,1.455865002,1.443333278
2.258621376,1.898245985,1.723468824,1.896738304,1.683684559,1.561919649,1.218335282,1.023358402,1.744621172,1.623745751,1.780692865,1.865871348,1.881223623,1.332692881,1.400454147,0,1.768053059,1.565851953,2.128923582,1.738730414,1.52960611,1.936561736,1.768513619,1.859674973,1.661330895,1.540863179,1.89032011,1.429664051,1.562867986,1.678810732,1.318814056,1.630260045,1.674689692,1.870370546,1.595442214,1.845335357,1.837890232,1.776729224,2.105151151,1.854844617,2.165898663,1.448746616,1.578091162,1.937043854,1.575941471,1.784283978,1.445186983,1.415104668,1.729470853,1.869437709,1.38511171,1.835322279,1.606620665,1.579660433,1.486824145,1.871580992,1.443325468,2.109769083,1.598781904,1.956252869,1.505732779,1.465551712,1.019697709,2.104301381,1.802277333,1.48734414,1.821424358,1.74531876,1.536137324,1.676974294,1.791906307,1.738816979,1.850909296,1.708168272,1.533978445,1.97308185,1.839121883,1.590421478,1.873166827,1.57137706,1.522130365,1.677382879,1.613988801,1.698024814,1.750261181,1.657840296,1.701941158,1.936460158,1.862118771,1.804839743,1.967849388,1.465382056,1.863969007,1.865762876,1.604183791,1.665699808,1.709332145,1.866023151,2.042129216,1.800285758
1.503729657,1.516923011,1.338085434,1.789358324,1.186120225,1.4228302,1.160998828,1.536262661,1.183341683,1.046474395,1.450743738,1.419740339,1.415181355,1.023507076,1.579700339,1.768053059,0,1.403718259,1.672953475,1.694483809,1.287668261,1.705600501,1.199169029,1.286904691,1.032309345,1.205633106,1.578305698,1.189775271,0.98257254,1.124529627,1.136062685,1.326662642,1.404197995,1.495002006,1.351081281,1.067488224,1.378938811,1.783654842,1.541023258,1.321604147,1.405363439,1.367764906,1.545915856,1.213215359,1.590495654,1.419833696,1.715564794,0.906017785,0.861144876,1.424814056,1.363618371,0.932616736,1.55469002,1.66264001,1.503743779,1.572672635,1.228883498,1.442347819,1.622134629,1.30152594,1.222434146,1.101898799,1.088660001,1.391228699,1.67894528,1.564466769,1.264819693,1.416746706,1.124057823,1.250048432,1.373438307,0.978675859,1.555250653,1.247086221,1.08392056,1.274737077,0.955680082,1.717672161,1.215581328,1.689127959,1.678979078,1.247473237,1.146815151,1.095606056,1.48147498,1.01307993,1.06847818,1.521682337,1.340330009,1.058905958,1.459292487,1.265063946,1.718705344,1.800302044,1.491151116,1.218855884,1.184759101,1.267088643,1.505720481,1.353395537
1.752647927,1.806658687,1.552856865,1.926157713,1.703846422,1.646987542,1.385855704,1.293578515,1.309698074,1.44014509,1.558608612,1.442122217,1.763989551,1.383211043,1.227676617,1.565851953,1.403718259,0,1.959302529,1.713280493,1.309257949,1.886849051,1.316464387,1.578831775,1.352117561,1.087349477,1.501879318,1.203171715,1.334891711,1.431695859,1.402235821,1.164071189,1.837214374,1.776097893,1.337280043,1.510087319,1.403052208,1.642100583,1.77476207,1.531355373,1.612198466,1.217129288,1.555208737,1.602961496,1.714877225,1.60054755,1.372105116,1.235047528,1.286728186,1.461628782,1.535762973,1.390574665,1.491183195,1.53646953,1.482771314,1.607191636,1.471663147,1.460385348,1.73468874,1.799148171,1.575358802,1.455336723,1.081295878,1.821416532,1.86806899,1.212339513,1.739097354,1.660660899,1.430751355,1.56160362,1.316371227,1.493357843,2.005894351,1.498204789,1.582234919,1.656291412,1.41432071,1.486085926,1.396613255,1.782237149,1.757190793,1.658987049,1.826985176,1.625967693,1.656951282,1.299563704,1.548164689,1.59223413,1.587293745,1.394251598,1.477939854,1.495778048,1.903059984,1.80431235,1.478640703,1.48040458,1.515322184,1.608324573,1.29313207,1.231753729
1.441328872,1.874688186,1.420090353,1.907394059,1.655388134,2.013936629,1.658941289,1.977194637,1.864594855,2.000524058,1.761204098,1.693914131,1.956358764,1.554955891,1.608191712,2.128923582,1.672953475,1.959302529,0,1.566506025,1.616704332,1.835669035,1.848118058,1.989456095,1.768260343,1.639931956,1.842985909,1.562811903,1.508479262,1.745068682,1.702819553,1.90361415,1.786057657,1.787862429,1.82054842,1.803039115,1.783199206,1.577100848,1.616591328,1.601242869,1.930683704,1.679470281,1.731149101,1.804097829,1.402045938,1.687113357,1.494646341,1.319343878,1.594001101,1.704029225,1.95750041,1.614501766,1.864687033,1.833609499,1.695449623,1.685069918,1.619335869,1.790987585,1.711073591,1.457042121,1.770287859,1.466539449,1.817274747,1.777654469,2.185938799,1.769306663,1.666827983,2.051959418,1.448760085,1.852247549,1.732540614,1.831685105,1.571489714,1.339975779,1.76425303,1.232209055,1.394723284,1.982986456,1.475610226,1.822175222,2.114181381,1.828081515,1.618441776,1.732338518,1.777076311,1.945568097,1.984041887,1.778699611,1.942501497,1.887430516,1.925087665,1.761169467,1.95371357,1.746228474,1.819380126,1.657989872,1.58016185,1.858681094,1.778849818,1.838207322
1.907057458,1.551824045,1.85848663,1.989240765,1.806631839,1.58792009,1.467003269,1.752114984,1.724171802,1.833836311,1.979980017,1.441218661,1.665702425,1.22010885,1.340309017,1.738730414,1.694483809,1.713280493,1.566506025,0,1.377847053,1.65425558,1.455456381,2.115028823,1.770563595,1.801812159,2.084919545,1.270250854,1.251227801,1.712909081,1.466514707,1.620825972,1.295834471,1.292626974,1.702493418,1.839798659,1.965283745,1.549053683,1.390028975,1.591566174,1.884248459,1.613995462,1.518388569,1.967857986,1.5833977,1.31713774,1.379574762,1.44362364,1.432272336,1.614677975,1.551742706,1.468733405,1.37723795,1.357056533,1.644710217,1.21909203,1.664786466,1.519546531,1.197910592,1.690833274,1.597961494,1.445705646,1.687004101,1.89194102,1.652292548,1.686557225,1.874696345,1.638734538,1.357926896,1.530723817,1.370672766,1.494247697,1.790334529,1.598937901,1.473171905,1.764113641,1.505445034,1.863144438,1.424059861,1.551503957,1.734668609,1.685599344,1.592343862,1.597659719,1.809263121,1.720505877,1.637123573,1.696229234,1.529689026,1.866192166,1.581804784,1.554298073,1.755927723,1.960519547,1.773632595,1.247550993,1.671842475,1.697867915,2.011531215,1.53716239
1.442290896,1.182386368,1.384911772,1.737095171,1.373960519,1.407463283,1.174911278,1.427505748,1.042672251,1.134392397,1.44747781,1.246046821,1.357725141,1.159384037,1.374115246,1.52960611,1.287668261,1.309257949,1.616704332,1.377847053,0,1.219159174,1.422100791,1.696289512,1.357091118,1.496409935,1.625674197,1.035237929,1.234368819,1.605238931,1.29316622,1.072562058,1.368360691,1.07155528,0.989743036,1.458865879,1.302071211,1.238392923,1.48138813,1.416311917,1.489199243,1.23749381,1.060052041,1.426585205,1.429973735,1.185411201,1.439562856,1.107167048,1.397014928,1.48521146,1.245323536,1.083627164,1.264770888,1.221517923,1.570108522,1.151227466,1.392920402,1.243403088,1.370936462,1.211077092,1.349316501,0.99058473,1.192896727,1.231590746,1.513650622,1.318298449,1.480281821,1.549827585,1.02096692,1.389097102,1.153448262,1.186697977,1.839749264,1.204045351,1.20717571,1.321951651,1.131444843,1.426253655,1.240107743,1.5927305,1.721659782,1.379349038,1.493002663,1.190109716,1.533327815,1.20551451,1.23270068,1.708263719,1.358593394,1.335875699,1.40272674,1.317451747,1.346616981,1.934139415,1.321868529,1.175198218,1.272634529,1.489603938,1.657871542,1.302368045
1.609730754,1.340178439,1.847184429,1.279497413,1.597499629,1.422093346,1.401260012,1.868879955,1.511810283,1.654971504,1.960358535,1.478333243,1.658024388,1.347589399,1.677819375,1.936561736,1.705600501,1.886849051,1.835669035,1.65425558,1.219159174,0,1.612483101,1.913559243,2.04310235,1.870752448,1.929474536,1.359327712,1.55794795,1.807857489,1.478110003,1.700436516,1.432643211,1.690333394,1.233669131,1.866110537,1.829074884,1.386706327,1.743933913,1.70851682,1.328992948,1.511468949,1.713326211,1.682393351,1.589851104,1.205553595,1.748424231,1.423407266,1.859159922,1.72049012,1.887724142,1.341080212,1.706712253,1.185544719,1.991182371,1.480422078,1.695479758,1.625655013,1.85514761,1.437456798,1.63171739,1.511120403,1.685261543,1.38744079,1.251292614,1.613722613,1.926151174,1.377433422,1.726715584,1.469778598,1.595681147,1.587485609,1.880678323,1.344277748,1.594135482,1.455592092,1.620067085,1.663706541,1.619073119,1.595931081,1.92231903,1.572316687,1.623627451,1.294148989,1.763591242,1.638912324,1.417634353,1.821385119,1.909586926,1.364991004,1.767820921,1.673904823,1.67627048,2.094952078,1.531099198,1.606954023,1.701218087,2.070736179,1.840338586,1.77316483
1.64008075,1.688200201,1.742422195,1.717907041,1.591055958,1.145223482,1.338547871,1.436193865,1.36743878,1.767401667,1.598607448,1.405728396,1.442932912,1.185770289,1.487010425,1.768513619,1.199169029,1.316464387,1.848118058,1.455456381,1.422100791,1.612483101,0,1.599294313,1.547985671,1.407404367,2.006057452,1.164071081,1.195994718,1.188153854,1.156400147,1.391727393,1.264677605,1.365372992,1.412376005,1.360942703,1.502389184,1.662068141,1.379756769,1.526048996,1.542588463,1.492079949,1.613613641,1.586379982,1.719992483,1.34903867,1.470720741,1.136589042,1.428078329,1.534884973,1.495169635,1.185600834,1.409280851,1.243322575,1.664536346,1.661971995,1.411570222,1.32973125,1.625534146,1.606883698,1.481140483,1.348066492,1.412243807,1.50413476,1.566818104,1.384680155,1.570272589,1.357749907,1.458878773,1.391032844,1.445607633,1.18801893,2.054440929,1.360688778,1.42095866,1.636978846,1.307847539,1.791427817,1.322024364,1.440642832,1.517705273,1.747962907,1.268862445,1.205224912,1.815722964,1.382153332,1.480499922,1.608667863,1.661670906,1.162566627,1.420336391,1.263127703,1.605625082,1.748105824,1.383537886,1.347182597,1.647580514,1.409316352,1.785378194,1.411794411
2.094085904,1.835603059,1.828589192,2.13593668,1.56064409,1.933485657,1.696958449,1.726213673,1.640789501,1.53037017,1.515831689,1.881981674,1.77758206,1.323959642,1.817362854,1.859674973,1.286904691,1.578831775,1.989456095,2.115028823,1.696289512,1.913559243,1.599294313,0,1.806396333,1.666828248,1.612167873,1.602662123,1.499839079,1.064894944,1.510824743,1.605600054,1.898198069,2.004791587,1.65794561,1.402431583,1.490673901,1.679292442,1.958733682,1.837518504,1.704032092,1.416799357,1.958864139,1.437768523,1.847143461,1.686105096,1.972904687,1.277907068,1.588365331,2.05279583,1.810915942,1.645702971,1.870168795,1.881493613,1.833174295,1.739269724,1.408111663,1.999131494,2.007140925,2.066347587,1.797031558,1.594541783,1.367993462,1.81398491,2.00428529,1.580121206,1.993427729,1.969799383,1.574459219,1.378900947,1.595725817,1.691350378,1.819142087,1.781443203,1.591574248,1.415468017,1.672974994,1.954524497,1.577102334,1.65670667,1.965715296,1.775541994,1.406480218,1.90550642,2.006122276,1.496660985,1.810460941,1.605640246,1.711873322,1.417894827,2.029427288,1.619176058,1.859408563,2.017595981,1.810423936,1.919143947,1.734697062,1.776274027,1.49161236,1.734134066
1.875730889,1.481634041,1.192369044,1.83028592,1.436657048,1.448246803,1.266242381,1.305422863,1.080709415,1.098164398,1.475900464,1.657930372,1.6922101,1.300929326,1.446775469,1.661330895,1.032309345,1.352117561,1.768260343,1.770563595,1.357091118,2.04310235,1.547985671,1.806396333,0,1.239205831,1.356415196,1.168884675,1.200454243,1.48173742,1.396576868,1.365914817,1.546882966,1.724913736,1.537040498,1.384916449,1.506056703,1.927740019,1.658864666,1.462193261,1.59257639,1.359860375,1.467002776,1.631253315,1.765790428,1.589698478,1.506195802,1.138252846,1.068213429,1.481107635,1.399451819,1.229226389,1.63514364,1.741947542,1.485321143,1.750630047,1.283248188,1.720407791,1.685189118,1.300667814,1.406655367,1.113853555,1.077163616,1.636824207,1.985066098,1.686183556,1.099589806,1.630992078,1.204650274,1.545032615,1.369818361,1.292532231,1.776017076,1.523341727,1.519736141,1.735147296,1.266374298,1.473728947,1.678560495,1.965261839,1.708840801,1.643115028,1.561314784,1.445165212,1.605129944,1.180451744,1.462776687,1.789464478,1.516407192,1.540464799,1.471185719,1.54873701,1.864380166,1.574248655,1.619633708,1.353030508,1.260318051,1.336707496,1.733450726,1.489730651
1.566312225,1.780548962,1.406079783,1.625748203,1.279500851,1.693571182,1.225018786,1.171246014,1.309227892,1.454780808,1.841383006,1.559822191,1.626790591,1.386145615,1.319736451,1.540863179,1.205633106,1.087349477,1.639931956,1.801812159,1.496409935,1.870752448,1.407404367,1.666828248,1.239205831,0,1.389160143,1.212319211,1.291704423,1.522146247,1.102350796,1.40154983,1.730683546,1.836604731,1.485330405,1.370543325,1.6241037,1.636754133,1.760725073,1.457670389,1.757701547,1.266094754,1.771694424,1.651422685,1.542432785,1.68508765,1.273004546,1.155769834,1.138888062,1.479040232,1.57432823,1.365609427,1.722191497,1.820851917,1.39811959,1.904653763,1.199322621,1.531151645,1.754958184,1.593391382,1.18878398,1.477119199,1.091567901,1.737795589,1.702831697,1.146839047,1.440953113,1.462056833,1.253432003,1.68247985,1.623584864,1.513014075,1.521688419,1.291296561,1.506230708,1.407577635,1.295343496,1.39855121,1.288468166,1.756275066,1.565850503,1.479537348,1.535086865,1.321733791,1.627778965,1.190855178,1.373287465,1.903383076,1.636382504,1.449231962,1.472622077,1.386625203,1.943736513,1.504814544,1.656828244,1.466790644,1.266803444,1.520200112,1.511930444,1.130978342
2.054970185,1.468247849,1.520198773,1.912851709,1.367051152,1.863676077,1.457066524,1.532929114,1.366320628,1.339616019,1.627373994,1.82561327,1.899984622,1.531780474,1.422579705,1.89032011,1.578305698,1.501879318,1.842985909,2.084919545,1.625674197,1.929474536,2.006057452,1.612167873,1.356415196,1.389160143,0,1.520859012,1.603258919,1.589838756,1.533246557,1.530385459,1.88537745,2.308615751,1.807253852,1.578423468,1.634712102,1.661354226,1.885618343,1.420000957,1.633756165,1.364034673,1.806259375,1.521555231,1.95946693,1.871456796,1.546534931,1.344418507,1.373118334,1.889950491,1.893179227,1.464180439,1.858021571,1.996729458,1.659978677,1.716003552,1.489102902,1.946339559,2.070618992,1.738994896,1.745502779,1.628126405,1.368905975,1.787005363,1.984744361,1.595496964,1.475285258,1.802463793,1.439468803,1.72268317,1.700321977,1.818407739,1.448911697,1.919486922,1.7755649,1.621526736,1.655640958,1.39314356,1.750773751,1.921051946,1.924550174,1.861083276,1.855179934,1.964848194,1.904798756,1.282429229,1.647689407,1.794567291,1.603183226,1.911380903,1.983438697,2.007834569,2.15205193,1.706368349,1.769955373,1.89103214,1.256200565,1.833486364,1.534311133,1.57416807
1.783154992,1.128936411,1.408957357,1.424097852,1.192037,1.098611422,0.994467342,1.336466289,0.945062465,1.262447389,1.604465714,1.168652638,1.419829853,0.647450585,1.174924026,1.429664051,1.189775271,1.203171715,1.562811903,1.270250854,1.035237929,1.359327712,1.164071081,1.602662123,1.168884675,1.212319211,1.520859012,0,1.153344268,1.237983594,1.101744778,1.07670849,1.314959002,1.251302391,1.018926392,1.456184275,1.437237932,1.228899897,1.397732491,1.374245963,1.408746931,1.175052337,1.355879509,1.393066224,1.347973447,1.07818905,1.24157605,1.019626873,1.067929262,1.268738543,1.36111131,0.947579252,1.240090313,1.179156119,1.595151831,1.090337444,0.900724303,1.466620589,1.359244538,1.16181786,1.222734834,1.045968447,1.065954202,1.169317452,1.321576997,1.35853166,1.548779608,1.280858449,1.027794827,0.959998474,1.149846581,1.21910537,1.666995979,0.96005486,1.42058107,1.323483263,1.1104107,1.290806103,1.327039636,1.45719615,1.470861858,1.26029196,1.403696471,1.281337781,1.300859646,1.26819152,1.309484544,1.571212698,1.564404151,1.231097517,1.09343488,1.143619607,1.341383577,1.56984203,1.324928677,1.13314579,1.366881403,1.531491588,1.693138138,1.3444221
1.46325855,1.340619848,1.603513713,1.657090858,1.315182403,1.361888505,1.221247035,1.315029248,1.316352623,1.208253757,1.581319742,1.329196277,1.620719671,1.10710477,1.003456538,1.562867986,0.98257254,1.334891711,1.508479262,1.251227801,1.234368819,1.55794795,1.195994718,1.499839079,1.200454243,1.291704423,1.603258919,1.153344268,0,1.204760191,1.312814592,1.394001715,1.192718405,1.551444327,1.256432219,1.282756197,1.676802277,1.68213788,1.479744227,1.383848757,1.460095695,1.139790981,1.638902087,1.498389717,1.424499627,1.076386416,1.227425402,0.964210837,1.031432698,1.383535251,1.306277022,1.234887277,1.692945664,1.267405615,1.289685993,1.512676963,1.226825233,1.560596509,1.313156292,1.508544948,1.46689875,1.193987464,0.957070035,1.618201595,1.675302874,1.480707617,1.41306328,1.475416186,1.206449834,1.349348863,1.25142604,0.988876759,1.525093538,1.302632986,1.124080847,1.46812861,1.30535218,1.519982928,1.252341231,1.550505898,1.702902161,1.46196662,1.209671231,1.13245924,1.664191181,1.339389337,1.372077174,1.515103926,1.537492656,1.203814533,1.688723138,1.362350102,1.831685268,1.559681012,1.678897097,1.101725463,1.319071627,1.034645854,1.285905287,1.299553961
1.88747984,1.69825065,1.603153866,1.920690259,1.344586933,1.329733627,1.383218339,1.512781161,1.502834334,1.58191953,1.333201387,1.414889986,1.57148458,1.036416022,1.393457335,1.678810732,1.124529627,1.431695859,1.745068682,1.712909081,1.605238931,1.807857489,1.188153854,1.064894944,1.48173742,1.522146247,1.589838756,1.237983594,1.204760191,0,1.305777295,1.173275034,1.452726374,1.715363241,1.507764111,1.156417367,1.412074273,1.529609675,1.373629042,1.498503177,1.548159377,1.470544361,1.689602401,1.211098744,1.428802879,1.400012545,1.624012728,0.944921438,1.15156799,1.71829392,1.409345301,1.270893328,1.513187413,1.505070624,1.406442472,1.498424262,1.228525863,1.654561698,1.576999951,1.793515976,1.50829619,1.409760089,1.242408675,1.496723799,1.735740793,1.510328793,1.702263897,1.533671795,1.416397615,1.106539787,1.378134653,1.344937887,1.664469981,1.534074097,1.419337728,1.393100271,1.432374816,1.749896177,1.436340781,1.438966139,1.672627256,1.583131202,1.215468168,1.585273919,1.513905464,1.388955307,1.575423313,1.267779639,1.552877277,1.237359296,1.773437936,1.199318356,1.938785188,1.477937443,1.505101223,1.520778236,1.504517146,1.314966204,1.451694993,1.540966648
1.659915879,1.539520118,1.337172894,1.534730857,1.106470987,1.190466379,0.714717118,1.136129611,1.216986251,1.331328284,1.463781452,1.428600837,1.342094945,0.968242397,1.349089386,1.318814056,1.136062685,1.402235821,1.702819553,1.466514707,1.29316622,1.478110003,1.156400147,1.510824743,1.396576868,1.102350796,1.533246557,1.101744778,1.312814592,1.305777295,0,1.316675976,1.16984236,1.48186073,1.366385919,1.214279154,1.548360349,1.323914649,1.386028942,1.208321506,1.483073183,1.244166094,1.420733448,1.345064731,1.421845856,1.552185672,1.329719949,0.981102202,1.279056788,1.426191205,1.330757058,1.122502889,1.143311522,1.427965698,1.377218561,1.486387776,1.023419702,1.339663044,1.623756366,1.533904194,1.041895363,1.07387987,1.106962323,1.425412025,1.215485977,1.135124926,1.321721256,1.234475099,1.056618487,1.118813325,1.337860848,1.331602743,1.355875589,1.362389358,1.049477148,1.424961953,1.115222137,1.388213718,1.291853798,1.17561226,1.167906033,1.387048721,0.955941196,1.150978224,1.44869471,1.190263703,0.875669421,1.697958523,1.24700452,1.369019723,1.501183998,1.161536956,1.548557274,1.657018147,1.215450371,1.196190465,1.173265043,1.518199845,1.763638528,1.140670501
1.763929792,1.507969157,1.576631767,1.997276305,1.245441889,1.431580058,1.402502957,1.423751795,1.085334644,1.339619642,1.525144881,1.243921809,1.392671851,1.249332483,1.420201409,1.630260045,1.326662642,1.164071189,1.90361415,1.620825972,1.072562058,1.700436516,1.391727393,1.605600054,1.365914817,1.40154983,1.530385459,1.07670849,1.394001715,1.173275034,1.316675976,0,1.483629473,1.347448027,1.24731234,1.231717254,1.352079587,1.179544475,1.255909842,1.376592688,1.592895188,1.4659718,1.422681405,1.316928481,1.352712281,1.325466649,1.52685269,1.11299629,1.156320643,1.620294249,1.224143563,1.19419771,1.255436995,1.536401568,1.378431707,1.26687039,1.306054626,1.190630202,1.290427994,1.676239108,1.244030319,1.359351184,1.187784316,1.311751064,1.458638543,1.37874213,1.677368413,1.470610086,1.147594934,1.34896455,1.169141582,1.244412208,1.747770274,1.472111012,1.348048071,1.424983625,1.195498836,1.524000835,1.155382511,1.645811322,1.578080239,1.500458238,1.507689482,1.525484518,1.366314365,1.151173373,1.312018347,1.596895794,1.214735981,1.374490075,1.534726438,1.032797294,1.747021546,1.617801765,1.542137855,1.280473426,1.288638201,1.247315072,1.595650555,1.009574796
1.650387055,1.31563723,1.63025061,1.473407726,1.543356255,0.881661683,1.209532494,1.534915268,1.279464995,1.526695445,1.675845083,1.639943325,1.298830964,1.238684511,1.468717422,1.674689692,1.404197995,1.837214374,1.786057657,1.295834471,1.368360691,1.432643211,1.264677605,1.898198069,1.546882966,1.730683546,1.88537745,1.314959002,1.192718405,1.452726374,1.16984236,1.483629473,0,1.571638424,1.312289131,1.180521939,1.651045367,1.563160163,1.405519324,1.424691667,1.672812539,1.380896783,1.465444666,1.715262705,1.640534192,1.311996657,1.579300888,1.154037778,1.472602652,1.740308751,1.429574864,1.257135726,1.280372284,1.28282036,1.730475895,1.493427801,1.301425879,1.631825798,1.371733877,1.480521976,1.564440617,1.068641095,1.474827113,1.468385378,1.39011494,1.491117354,1.419202972,1.361614406,1.303661553,1.355704778,1.3418938,1.488153573,1.590388719,1.62064242,1.271325554,1.800467401,1.308971899,1.643210188,1.525834037,1.454087628,1.152952617,1.609440323,1.161673452,1.188748994,1.836128731,1.456960626,1.297494324,1.606606445,1.527536816,1.577512678,1.653528067,1.416158723,1.597971251,1.449523884,1.571720265,1.472405955,1.244941658,1.498367736,2.116395024,1.556401106
