0,3.644254399,2.925076417,3.459452007,3.001007339,3.408388336,3.266843625,3.188994375,3.755456931,3.551705337,3.853293455,2.619444206,3.205601164,2.828066031,2.927606353,3.424913333,3.367284585,3.259363705,3.39001755,2.866599737,3.79321651,2.631980025,3.520987276,3.249247272,2.397550224,3.006636224,2.486311774,3.799820295,2.935597157,3.39698791,2.549790558,2.80299623,3.228380245,2.594182307,3.498041246,3.427830287,3.807564479,3.146329374,3.449118877,2.459990173,2.931559167,2.712659571,3.024113968,3.214970851,2.925248814,3.031121629,3.861094133,3.859242578,3.310579047,2.616038053,4.029874286,3.563329528,3.402125873,3.344956879,3.184877589,2.954672,2.774522022,3.293952453,2.973080748,2.650412574,3.29770358,2.279202795,4.138842777,3.067340838,2.575435285,4.207943162,2.24359167,3.547162003,3.42804333,2.820427947,2.735412889,3.388774558,2.924471703,2.498288361,2.687289894,3.290660769,3.061166381,3.393397067,3.308131245,3.083985632,3.444667165,3.112071215,2.528685477,2.480833364,3.276037182,2.985107526,2.764704972,3.29744163,4.241155101,2.920302746,3.431147494,3.976356951,2.953101912,3.549729426,4.138407144,3.388621709,3.107590292,3.364223413,3.244111628,3.290265587
3.644254399,0,4.098870628,3.036754282,3.665225076,2.693318287,3.003280446,2.922795247,3.857952947,3.152718428,3.338863652,2.545297752,3.124968966,3.460345007,4.00731274,3.489622299,4.123541013,3.619313403,4.389878796,3.381055211,3.767936728,2.485460962,3.514828209,2.992384295,3.376917813,2.864981218,3.552181442,2.826300581,2.69363049,3.829446293,3.670138854,2.754753922,2.55277727,2.917161232,3.992312702,2.701135941,3.3656296,3.325321513,3.701661134,3.702889714,2.875537274,3.400411509,3.188895841,2.994781476,3.02216753,4.498039326,3.759817097,3.724114173,3.566684309,3.1250774,3.416792392,3.170246526,3.116033733,3.37607969,3.227706318,3.162572405,3.544052351,3.154018392,3.440276222,3.766056552,2.653783171,3.105422313,4.257218564,2.691335607,3.489934772,3.353683875,3.058999387,2.868650945,4.400972475,2.863702896,3.250462341,3.464745983,3.4909278,2.594192376,2.466645725,3.950731583,3.788379758,3.436694801,3.070583444,3.982519891,4.065519376,3.080955947,3.972077057,2.786325783,3.941738163,2.757381461,3.330922915,3.427775605,3.500593694,3.544441305,3.601101427,2.862675839,3.5191781,3.615433035,3.733072447,3.448361619,3.281956673,3.609497359,2.687561637,3.353380469
2.925076417,4.098870628,0,3.194196625,2.709070247,4.15758746,3.765814017,3.503779113,4.171973583,3.622464264,3.615080116,3.275852512,3.269930413,3.145773156,3.185355113,3.828907049,3.589276994,3.499611013,2.647911679,3.291117385,4.473678487,3.814592229,3.233082929,3.241748244,2.584066909,3.800330314,3.154537469,3.67201455,3.265798915,3.812820393,2.885793955,3.263360948,3.387407035,2.61018282,3.323289771,3.317540071,3.797303722,3.429113438,3.397100892,3.432364309,3.409846741,3.316562836,3.480100931,2.991455736,3.686523667,3.394514639,3.791719362,3.514707926,3.528876027,3.637700781,3.808196246,3.396410354,3.427873149,3.933909764,3.815551229,3.698025685,3.048765985,3.757115413,3.557510215,3.062668314,3.927760464,3.251708841,4.776736181,3.436861853,3.275008963,3.969289453,2.29660422,3.040321282,4.017730517,3.305536241,2.973106346,3.420474371,2.813854867,3.24696678,2.866013779,3.757203313,3.523483887,3.274293391,3.792981106,3.314583031,3.442461969,3.203806867,2.839615442,3.006382962,3.544109701,3.048596051,3.30509502,3.410350853,3.984259445,3.375539912,3.574201206,3.605245076,3.561327585,3.081455933,4.396384644,3.858395182,3.071945141,2.424259692,3.511912506,3.560513819
3.459452007,3.036754282,3.194196625,0,3.211231033,3.232577745,3.205130002,2.279419956,3.748111068,2.302239144,3.071390693,3.083036365,2.95634962,3.251807528,3.65673187,3.439217436,3.410063901,3.30059293,3.786538445,2.863588408,3.834466283,3.020056283,3.314317139,2.278786157,2.972955622,3.586752305,3.253851885,3.04843152,2.893229331,3.688987195,3.057795639,2.78616396,3.232770771,2.434676439,2.900717259,3.187343827,3.609092548,3.486835161,3.100941047,3.382616305,2.919302763,3.18836608,3.274808729,2.883020288,3.196546378,3.810943905,2.543982447,3.255447077,2.647185046,4.022083739,3.594316771,2.764444246,3.365054994,3.389327392,2.699918158,3.728798449,3.214656868,3.008248415,2.581856207,3.57838889,3.010000932,2.668724443,4.061652471,2.643521977,2.890791067,3.096111844,2.848051815,2.784002291,3.685464909,3.129450263,2.963934531,2.53350104,3.304379672,3.366522919,3.098924171,2.960587048,3.275559629,3.260368468,2.792067448,3.66192772,3.644362381,2.654758301,3.230333051,2.308955461,3.000479962,3.138816591,3.297582285,2.412491177,3.543456048,3.223841817,3.884730909,3.13436034,3.206363243,3.17433906,3.809522572,2.366874905,3.157806341,2.614868784,2.735846529,3.565889737
3.001007339,3.665225076,2.709070247,3.211231033,0,3.096800841,2.950517106,2.915797867,3.13741098,3.174335659,3.713600612,2.605809847,2.895085957,2.523658524,2.84540116,2.088057439,2.929890147,2.255371075,2.831709305,3.157617364,3.194859983,2.679273648,3.240552817,3.344338413,2.792244782,3.020827293,2.698047924,2.833205724,2.817293902,3.009075511,2.969513268,3.478460205,3.156999046,2.3742761,3.062118218,3.099668227,3.117239749,2.555266196,3.015043537,3.192579184,2.818764632,2.734458336,2.816495901,2.915438122,2.398902534,3.073231309,3.251343923,3.055689461,3.641813804,2.870895582,3.715897852,2.811819182,3.097871878,3.63919332,3.780268905,3.411079397,3.632549738,2.955630781,3.163934624,3.045695808,3.520351975,3.406872148,4.507500559,2.945768588,3.040483793,3.317552679,2.425279855,2.699692804,3.410124587,2.924299794,2.579559474,2.86142679,2.722400675,3.054785405,2.952868158,3.059604926,2.82032033,3.250038194,3.182871411,2.992655586,3.688607893,3.174833697,3.417474808,2.586195638,3.059862223,2.538162697,3.080159205,3.064470898,2.782426286,2.727477798,2.866424287,3.549154745,2.90964343,2.976189555,3.505135963,3.705588193,2.862771182,2.529064765,2.833321973,3.024181518
3.408388336,2.693318287,4.15758746,3.232577745,3.096800841,0,2.386106963,3.224664894,3.04358377,2.599081797,2.985488984,2.593685101,2.924102802,2.816547178,2.568549656,2.472297834,3.344037898,3.160158499,3.721330379,2.574292903,2.809989805,2.191467351,3.716400558,3.07246251,3.048863266,2.792429918,2.948667854,2.023053339,3.387752964,2.724061073,3.024651496,2.6175668,2.604490634,2.524485256,3.02948726,3.660703661,2.547452703,3.098057143,3.499527527,3.245194344,3.091375954,2.735462606,2.642175233,2.424723561,2.043488978,3.368494381,3.236437619,2.606873522,3.602101563,3.031452346,3.444887386,3.11670134,3.057639825,3.332119299,3.473281645,3.124716798,3.355314949,3.241535584,2.599747725,2.870614386,2.384422382,3.670822405,4.610620239,2.68267975,3.112321899,2.952351465,3.277297031,2.52498406,3.228559657,2.858909211,3.475942974,3.244986397,2.654002191,3.053585069,2.831515188,2.81329953,3.098900383,3.095353099,2.643063858,3.09149188,3.328118808,3.267982134,3.628182851,2.361758966,2.933995165,2.589991746,2.773256583,3.467754531,3.343265077,3.223685825,2.999330947,3.041810367,3.11300264,3.412820231,2.639433538,2.788958713,2.722231924,3.535583293,3.014243214,2.722079597
3.266843625,3.003280446,3.765814017,3.205130002,2.950517106,2.386106963,0,3.081659369,3.613950719,3.025612851,3.455109624,2.755804774,3.277226384,2.577139917,2.910160708,2.508520695,3.773990465,3.62547646,3.346172588,2.918639578,2.536874167,2.162497169,3.720160684,2.983409816,3.044581494,2.830872331,2.390761468,3.016743267,3.061199865,2.151628325,3.077330345,2.713409919,2.677772437,2.43116006,3.562680018,3.885326613,3.333449857,3.073226546,3.396964709,3.488410598,2.922564253,2.651829224,3.032163897,2.991976575,2.366102987,3.262804935,2.864320842,3.025963606,3.570825105,2.928557722,3.879849726,3.057063231,3.634123339,3.950284155,3.626031029,3.554013903,3.289980519,3.527648755,3.274516461,3.120937672,3.126902005,3.749621072,4.253245736,2.62106683,2.864670875,2.718909153,2.857058318,2.430666218,3.629532965,2.886127908,3.064552274,3.589113654,2.976537866,3.088867129,2.853199713,3.497994245,2.312251309,3.102700068,2.670936073,2.583708259,3.399456272,2.985343921,2.915992841,2.564093052,3.254972784,2.592273937,3.016059422,3.594656789,3.238032765,2.990191152,2.839015402,3.216158091,3.069483753,2.744481843,2.893595107,2.627144175,3.343429308,3.289073918,3.090359504,3.523547331
3.188994375,2.922795247,3.503779113,2.279419956,2.915797867,3.224664894,3.081659369,0,3.640528585,2.589992698,3.925654878,2.599837027,2.896010761,2.550737811,3.707652785,3.335574328,3.190508794,2.476196915,3.364204215,3.203752974,3.892104797,2.820942524,3.63493035,2.838170885,2.924851344,2.884281969,2.852912658,2.887501876,2.506159241,3.542791461,3.039401918,3.097153036,3.220856692,2.449147592,3.523244485,2.929643393,3.596386782,2.497492895,2.635655812,2.926461125,2.961894499,2.980815469,2.739181569,2.798030024,2.894077251,3.75511412,2.702080391,3.342047505,2.269598321,3.452739787,3.342130156,2.900662212,2.825546968,3.199945724,3.211272836,3.58528459,3.487584442,2.040586497,2.751904985,3.616604354,3.05944901,2.686818566,3.961925655,3.403781086,3.224680889,3.037068135,2.911198005,3.244591598,3.478006567,2.569252839,2.776115114,2.817696612,2.933562745,2.46029821,2.687414946,3.095112251,3.060649947,3.01653209,2.234277906,3.260394797,3.369397394,2.136094405,2.993256376,2.518540767,2.98613006,2.834460599,2.77228916,2.617249977,3.184322929,2.476963533,3.273431314,3.480904722,3.066056659,2.438743539,3.430233273,2.641897224,2.833910735,2.594230262,2.553381689,3.01620998
3.755456931,3.857952947,4.171973583,3.748111068,3.13741098,3.04358377,3.613950719,3.640528585,0,3.6127703,4.240245104,3.986182918,3.46377851,3.292462863,3.067660168,2.880246487,3.992577275,2.5484781,3.831047178,3.861521201,4.012166108,3.438553462,3.844726708,3.162267658,3.632028027,3.114162743,3.255245268,3.468353004,3.731019123,3.269634054,3.610554134,3.517628299,3.029164897,2.774208071,2.999095142,3.597390241,3.421718104,3.239911571,3.879377991,3.78643656,3.662680997,2.782155273,4.069977071,3.210080989,2.275198222,3.51871354,3.934482487,3.427136402,4.088539699,3.124534487,3.57162163,3.153010542,3.024326686,4.679857574,3.546081489,3.625449805,4.097820519,3.524466356,2.620565102,2.850518391,3.457607346,3.740469514,4.641988384,3.145664881,3.618387595,3.339865549,3.035864044,3.299613938,4.285423223,3.443266789,3.206505366,3.310580891,3.15979091,3.469492921,3.707593468,3.57247194,3.843285713,3.62262035,3.325777933,3.830777038,3.581922422,3.912185642,3.687252992,3.329598398,3.371191362,2.797288933,3.237913948,3.860132367,3.972097524,3.184642683,3.667930919,3.516625562,3.589596977,4.065986784,3.010497597,3.738166651,3.103265035,3.627963077,3.129891111,3.463442259
3.551705337,3.152718428,3.622464264,2.302239144,3.174335659,2.599081797,3.025612851,2.589992698,3.6127703,0,2.981036406,2.912544382,3.031846398,2.844971465,3.190870794,3.033114677,3.393760031,3.138443857,3.280387287,2.987764216,2.997072911,3.242041246,3.766951562,2.593964794,2.978822992,2.664484277,2.926173651,2.528638117,3.519716606,2.817059925,3.212862715,2.712825423,2.873780502,2.648913889,2.678643795,3.011462441,2.956489314,3.098179567,3.478812579,3.0000006,2.730276643,2.529664801,2.864337384,2.815616188,3.066731586,3.239159532,2.772235089,2.811578692,3.126704848,3.504071379,2.906068923,2.268540393,3.022887606,2.727029879,3.390385439,3.554094938,3.378967245,2.552190072,2.124034656,3.693586033,1.938430976,2.968615286,3.617779656,3.034909149,3.21828251,3.111011009,3.142442181,2.620844286,3.364897549,3.149156408,3.146059832,2.715178893,2.458634474,2.980285998,2.830630834,2.543602421,3.198630489,2.77925921,2.410996988,3.615984477,3.228411807,2.276459458,3.394996596,2.525426671,2.291726681,3.098767867,2.525740539,3.150030818,3.394729953,3.129210439,3.626458825,2.733041297,3.04047922,3.100701321,2.807958917,2.336228395,2.961094499,2.422420371,2.811948038,2.915857328
3.853293455,3.338863652,3.615080116,3.071390693,3.713600612,2.985488984,3.455109624,3.925654878,4.240245104,2.981036406,0,3.120513101,3.827317882,4.075919295,3.962006134,3.294553041,4.073823828,4.077761175,3.517875051,2.743632361,3.336556456,3.334338743,3.066438743,3.43804056,3.237126935,3.557004182,3.441453935,3.042374536,3.589793385,3.844461221,4.240730925,3.064279503,3.108173563,2.988346709,2.635216198,3.80303516,2.470512369,3.516721691,4.244522872,3.774035772,3.224840202,3.189136529,3.92711622,2.742776988,3.542053219,3.885436457,3.854135457,2.610970296,4.041622037,3.564453339,4.024950418,3.122898718,3.644683922,3.286542548,3.827452905,3.062958356,2.77947561,3.820780761,3.697186035,3.536439705,3.133163953,3.839908449,4.77582012,2.574345739,2.94592934,3.511604863,3.28218107,3.069524653,3.523847404,3.507343749,3.936643016,2.835485247,3.142633416,3.810850993,2.902776348,3.447066503,3.463606614,3.349490317,3.78321498,4.007517494,4.018034294,3.465635841,4.150159755,2.857858396,3.194481732,3.339886864,3.118373225,3.667606773,3.669881948,4.416131746,3.918089813,3.401114784,3.527599917,3.408136224,3.703176717,3.307362541,3.146290512,3.640895231,3.59227756,3.272555066
2.619444206,2.545297752,3.275852512,3.083036365,2.605809847,2.593685101,2.755804774,2.599837027,3.986182918,2.912544382,3.120513101,0,2.796453705,3.095017469,3.138548449,2.982483251,3.185223385,3.205306725,3.362929798,2.289966168,3.463281411,2.006015913,3.022427103,3.18214036,2.419812281,2.386948565,2.480319646,2.295741214,2.631817955,3.3863646,2.988767965,2.834657081,2.947550423,2.381676854,3.326682064,2.848875015,3.346435023,2.629848695,3.465786606,2.516764324,2.657460959,2.454107001,2.280331974,2.801059067,2.475723914,3.22000923,3.528633598,2.981139373,2.962461706,2.555722829,3.60463684,3.018674417,3.225143813,2.251856138,3.484579055,2.801035066,3.073970548,2.938651835,3.269117661,3.373628776,2.84949639,2.68767698,3.926479098,2.964988784,2.766648723,3.4991458,2.346682155,2.941171409,2.883429925,2.103898192,2.764144317,2.878753703,2.883053534,2.498908876,2.014577305,3.427163279,2.917232531,3.324441219,3.204930903,2.995751611,3.498425743,2.178719691,3.369860006,2.388681468,3.355679357,2.948740122,2.793387553,3.239855259,3.050106589,3.251881363,2.856836069,3.273807094,2.764657136,2.978847259,3.587607579,3.210225735,2.852326732,3.285625725,2.338993509,2.757462048
3.205601164,3.124968966,3.269930413,2.95634962,2.895085957,2.924102802,3.277226384,2.896010761,3.46377851,3.031846398,3.827317882,2.796453705,0,2.848893722,2.893122479,3.49236579,3.335378659,2.61331258,3.58029751,2.651577248,4.044620734,2.992054897,3.724651211,2.195703535,2.635622743,2.854435108,3.144166017,2.905785706,2.855336532,3.421570719,3.074333145,3.247978854,2.950943819,2.055890463,3.461296128,3.022002855,3.097848325,3.301107309,3.250786516,2.894122066,3.134866782,3.285937572,2.869260121,2.144725087,2.501975761,3.414323359,2.894106854,3.003058447,2.592203772,3.165952919,2.994782658,3.479640942,3.169736651,3.652801908,3.344785603,4.160717287,3.161142199,3.255077953,3.052455971,3.491977111,3.142729839,2.791556808,3.790984164,3.173217822,3.430879191,2.687120626,2.965348015,2.790408202,3.624775823,2.294791147,2.038821987,2.529270725,2.546382185,2.51437488,2.865872709,3.266315309,3.007325759,2.447285647,3.186386589,2.694503795,2.660659217,3.32539877,3.522621768,3.169119954,2.973197423,3.043735889,3.456176816,2.716237677,3.171965414,2.74112459,2.902696457,2.658906199,2.916893584,3.382942791,3.111778357,2.888793427,2.130964047,2.642014216,2.815689036,2.882925282
2.828066031,3.460345007,3.145773156,3.251807528,2.523658524,2.816547178,2.577139917,2.550737811,3.292462863,2.844971465,4.075919295,3.095017469,2.848893722,0,2.399784376,2.895994532,3.430088732,2.909773649,3.122616441,3.254643438,3.316845454,3.140942606,4.059846756,3.140107567,2.865263265,2.728921134,2.372049893,2.934706551,3.053636692,2.608158769,2.492955849,3.198610405,2.688317915,2.286083707,3.106814774,2.964840015,3.115664698,2.990868819,2.801734959,2.897081313,3.150427318,2.849330135,2.433010345,2.585897849,2.583987014,2.762614283,2.763713361,3.447531072,3.056108013,3.180956596,3.507136769,2.699061177,2.756966032,3.899770344,3.738986818,3.477378189,3.1913028,2.680927394,2.58393041,2.769989132,3.118454053,3.170986607,4.704770026,3.224211637,2.906605509,2.895244733,2.847201529,2.560493091,3.397842312,3.188259056,2.842299636,3.55451081,2.506309776,2.193526715,2.865652532,3.2435444,2.67404605,2.580865166,2.454707034,2.288817504,3.159520806,3.120179696,2.843916531,2.15964,3.021661363,2.409069187,2.294561403,3.15200443,3.611928286,2.324358922,3.210645898,3.447447343,2.833133552,2.793490236,2.911261663,3.167555596,2.969046135,2.395609531,2.715922072,2.481904357
2.927606353,4.00731274,3.185355113,3.65673187,2.84540116,2.568549656,2.910160708,3.707652785,3.067660168,3.190870794,3.962006134,3.138548449,2.893122479,2.399784376,0,2.843497764,3.105781969,3.39098611,3.064614434,2.978968587,3.644212039,3.160914002,3.833548961,2.903160199,2.695916759,2.892246596,2.357683296,2.738090857,3.825233376,2.559979198,2.411476524,3.034156298,2.930571993,2.426773861,2.854032921,3.713572624,3.426003239,3.222721513,3.131658619,2.578940806,3.684354895,2.48423277,2.518177846,2.673597741,2.364867139,2.310383283,3.473874512,2.843421978,3.449986485,3.355752437,3.563958261,3.316124789,3.365996082,4.037693264,3.758666839,3.442591422,3.253483045,3.567138625,2.42720476,2.600738593,3.305071707,3.510646247,4.448493832,3.301489944,3.408726017,3.416538719,2.747572228,2.450334568,3.448759965,3.242425642,3.256446346,3.714246143,2.491263472,3.119477863,3.188972317,3.129589859,3.1528689,3.012987887,3.228537144,2.792537335,2.763203789,3.285201394,2.968534752,2.877850215,3.053740178,2.827166662,3.027790983,3.507339998,4.040791473,2.698492251,2.997647037,3.131441969,2.920735074,3.534824266,2.941299073,3.149716976,2.843691397,3.300286891,2.939305833,2.917182719
3.424913333,3.489622299,3.828907049,3.439217436,2.088057439,2.472297834,2.508520695,3.335574328,2.880246487,3.033114677,3.294553041,2.982483251,3.49236579,2.895994532,2.843497764,0,3.50548074,2.926125583,2.940701243,3.240851692,2.407090321,2.253212594,3.565129688,3.209173903,3.07606561,2.71990771,2.720121922,2.759090062,3.339577347,2.483241873,3.838352934,3.570735131,2.768604232,2.691817459,2.833552248,3.497852093,2.517504261,2.726995887,3.170050847,3.313904639,3.018663959,2.476433912,2.898154571,3.071464552,2.159059906,3.226305538,3.302052616,2.671726006,3.858014682,3.20614732,3.52825978,2.857104943,3.203892175,3.869714881,3.526804141,2.92880341,3.572264454,2.976777782,3.189489977,3.127197173,3.358862958,3.885423621,4.547764852,2.667552318,3.12857555,3.297523961,2.893845385,2.4361328,3.743342522,3.205771781,3.539458112,2.985736495,2.901686919,3.326388049,3.253156753,2.819005375,3.012179112,3.083844805,3.093371312,3.528539016,3.876305883,3.25397583,3.726013229,2.789110431,2.979733679,2.639045894,2.949152826,3.388721274,3.126086391,3.121207118,3.061987394,3.476885263,3.091554181,3.221352054,2.797701054,3.361001394,3.171283939,3.484713472,2.861109906,3.10306974
3.367284585,4.123541013,3.589276994,3.410063901,2.929890147,3.344037898,3.773990465,3.190508794,3.992577275,3.393760031,4.073823828,3.185223385,3.335378659,3.430088732,3.105781969,3.50548074,0,3.265009144,3.496345744,3.558780855,4.151826348,3.500909874,3.287291932,3.555167919,3.092313241,3.874835965,3.618204629,3.035103671,3.918882921,3.880407041,3.061030425,3.37248016,3.953162987,3.277190973,3.492862583,4.220314787,3.82443335,3.004293786,3.204618205,2.904795064,3.898920441,3.503652908,3.235578208,2.678168262,3.012688489,4.231081632,3.894728415,3.167241536,3.880852423,3.723061043,4.379025218,3.782443099,3.732359598,3.413790728,4.367785022,4.032198888,4.154570765,3.551848464,2.937223183,3.727334895,3.360555016,3.726673025,4.42868438,3.448516869,4.150402181,3.490274022,3.619716193,3.957659874,3.418581902,3.714753259,3.273752536,3.530478264,2.742762592,3.809091926,3.249456116,2.668191355,3.070591329,3.550455715,3.585897997,3.676278149,3.005308387,3.275848943,3.4672935,3.126192153,2.576872381,3.522101685,3.455828573,3.160767544,3.414072286,2.661109774,3.6869788,4.04820215,3.068664235,3.547291638,4.036360304,2.92785719,2.498736041,3.456071066,3.548769871,3.669236754
3.259363705,3.619313403,3.499611013,3.30059293,2.255371075,3.160158499,3.62547646,2.476196915,2.5484781,3.138443857,4.077761175,3.205306725,2.61331258,2.909773649,3.39098611,2.926125583,3.265009144,0,3.043296947,3.663598198,4.028591669,3.078261123,3.883548839,2.932026089,3.264188932,2.904321334,3.134816644,3.19097391,2.81489615,3.277717392,3.229624051,3.329981342,3.408014236,2.350901513,3.434338164,3.356173698,3.008121928,2.457933495,3.029598391,3.129081625,2.84494637,2.953480989,3.294617051,2.730602272,2.515232567,3.493084195,3.5818344,3.140353319,3.293160765,3.008640724,2.915278576,3.287241289,2.422606269,3.944742699,3.285231656,3.558921029,3.812483899,2.559976009,2.90933709,3.42805007,3.25820278,3.305753088,4.139206728,3.313403028,3.769782796,3.26168606,2.877753223,3.29174035,3.636881283,2.813034408,2.764439831,2.481328007,2.635277567,2.719693559,2.970370366,2.887347682,3.394035934,3.042141236,3.021497588,3.350380646,3.322113266,3.323755413,3.398897523,3.150788398,2.72034536,2.649479538,3.153928311,2.87677352,3.07043974,2.752355574,2.631403994,3.407000978,3.385108868,3.187973106,3.085541233,3.53961425,2.431783955,2.667367347,3.269784834,2.705757948
3.39001755,4.389878796,2.647911679,3.786538445,2.831709305,3.721330379,3.346172588,3.364204215,3.831047178,3.280387287,3.517875051,3.362929798,3.58029751,3.122616441,3.064614434,2.940701243,3.496345744,3.043296947,0,3.489662885,4.034651586,3.655343208,3.636019461,3.154205003,2.716531502,3.2125627,2.901322279,3.459841207,3.686692866,2.678774789,3.776830784,3.528823415,3.456442546,2.621300454,3.061958327,3.931452622,2.90295157,2.802316744,3.413595375,3.099739128,3.559954441,2.745728819,3.297894356,2.748436737,3.102854919,3.033697509,3.865452024,2.468106743,3.491167031,3.60439741,2.952624457,3.521571845,2.860906196,3.969821149,3.898591519,3.307150706,3.424113281,3.314908299,3.703492324,3.491844289,3.709106682,4.110158841,4.463014193,3.466146932,3.815943505,3.457439522,2.84306066,3.201233706,3.411767269,3.268568718,3.570223625,3.090936925,2.119828162,3.197908374,2.650672936,2.966672182,3.024930855,2.752477674,3.727209495,3.102645812,2.878696368,2.914570694,2.7396196,3.473848986,2.51273983,3.059801181,2.734030636,3.552210279,3.661039892,3.325953715,2.663777277,3.595918424,3.561736346,2.315013341,3.003347664,3.302373399,2.867843843,2.795777094,3.669325341,2.998533963
2.866599737,3.381055211,3.291117385,2.863588408,3.157617364,2.574292903,2.918639578,3.203752974,3.861521201,2.987764216,2.743632361,2.289966168,2.651577248,3.254643438,2.978968587,3.240851692,3.558780855,3.663598198,3.489662885,0,3.311293322,2.453249306,2.794525352,3.071607427,1.884203483,3.214652816,2.657918338,2.806240885,3.000367354,3.4490453,3.20774853,3.056119331,3.081839768,2.421442818,2.978472963,3.480096277,3.318909777,3.23149197,3.756168612,3.203240606,3.627762766,2.830281715,2.869342775,2.620758346,2.729558674,2.98644311,2.692080687,2.641613392,2.886917825,3.11444949,3.860899043,3.511935632,3.604614973,2.826553164,3.547693159,3.650484001,2.617318409,3.502572828,3.15635043,2.706989322,3.291303603,3.100819651,4.276679101,3.089272336,2.107021475,3.38547464,2.841646733,2.982195592,2.84950845,1.947368483,2.820819687,2.915463064,2.737008373,3.202608322,2.812543283,2.984710615,2.871333616,3.32458882,2.982592266,2.967426901,3.414292792,3.13683134,3.483132107,2.740625731,3.114361352,3.003367341,3.081448609,3.165427574,3.966582184,3.24944937,3.320935265,3.342534081,2.754509867,3.035348186,3.544553225,2.639229692,2.805022195,3.154069707,2.905185255,3.291827069
3.79321651,3.767936728,4.473678487,3.834466283,3.194859983,2.809989805,2.536874167,3.892104797,4.012166108,2.997072911,3.336556456,3.463281411,4.044620734,3.316845454,3.644212039,2.407090321,4.151826348,4.028591669,4.034651586,3.311293322,0,2.961901229,4.197828163,4.122750026,3.830703486,3.122956019,3.055146946,3.580145346,3.860075722,3.32269582,4.121348997,3.743819628,2.961880302,3.616217007,3.678956314,4.110390221,3.259994119,3.324002931,4.185241198,4.172413833,3.279787637,3.322094083,3.462177623,3.7772709,3.325210991,3.840170435,3.326863514,3.633105821,4.723525747,3.201792212,4.668794388,2.963810238,4.292905644,3.750020671,4.597750938,3.92060172,3.906420019,3.376169564,3.445774901,3.597485329,3.326174327,4.028388433,4.723473847,3.417185974,3.121488435,3.792736375,3.861463921,3.003186933,4.138817723,3.585143231,3.82763953,3.84134841,3.497393795,3.764944529,3.915092887,3.408042929,3.433543848,3.714232226,2.782736486,4.005664523,4.55705583,3.669155018,4.201255448,3.103014872,3.645052286,3.060968349,3.498739087,4.240513211,3.770782451,3.447893984,4.038325015,3.702691821,3.602332456,3.604718141,3.587802112,3.503729531,3.893059556,3.892797582,3.663130376,3.998283497
2.631980025,2.485460962,3.814592229,3.020056283,2.679273648,2.191467351,2.162497169,2.820942524,3.438553462,3.242041246,3.334338743,2.006015913,2.992054897,3.140942606,3.160914002,2.253212594,3.500909874,3.078261123,3.655343208,2.453249306,2.961901229,0,3.252519329,2.904766781,2.55129308,2.807035941,2.679278422,2.811014975,2.523610461,2.9660685,3.151127119,2.713506658,2.866731959,2.403681292,3.683563751,3.471902976,3.328210523,2.755986578,3.032055919,3.103107921,2.820499074,2.62265912,2.638102035,3.070643819,2.232091305,3.519585419,3.184391524,3.067006143,3.249109559,2.7778993,3.666596842,3.494128968,3.437080997,3.388698901,2.747296944,2.995403667,3.10671586,3.16971644,3.201381015,2.989763212,3.227231959,3.198895797,4.038772083,2.592458839,2.712333152,3.587354214,2.562901886,2.813576436,3.648739687,2.134312767,3.046833385,3.080621532,3.15314167,2.906038773,2.714566976,3.09198473,2.913780202,3.432437725,2.727837178,3.35309395,3.800578061,3.026429265,3.398176956,2.528982077,3.376184464,2.56206092,3.19789243,3.080828422,3.356870139,3.014127166,2.732480699,3.422590224,2.876873437,3.188085778,3.534723326,2.997803658,3.048624122,3.612516806,2.849210927,3.366426541
3.520987276,3.514828209,3.233082929,3.314317139,3.240552817,3.716400558,3.720160684,3.63493035,3.844726708,3.766951562,3.066438743,3.022427103,3.724651211,4.059846756,3.833548961,3.565129688,3.287291932,3.883548839,3.636019461,2.794525352,4.197828163,3.252519329,0,3.444604632,2.344779375,3.83702925,3.272172815,3.09504538,2.990849752,4.02391978,3.86021152,3.257872007,3.796502273,3.110838011,3.294221478,3.556120785,3.932077989,2.906492809,3.882268564,3.642519704,4.197641153,2.996469806,4.013248528,2.897667566,3.267605955,4.037800415,3.746115385,2.890324217,3.750559541,3.169818817,4.290928081,3.762494902,3.574391657,3.364258691,4.087263665,3.608676827,3.377696915,3.939289579,3.665425242,3.114664129,3.699375006,3.716381702,4.231171713,2.876044216,3.176480419,3.649904869,2.590764333,3.672469919,3.782174754,3.105566519,2.970991938,3.5438907,3.058948203,3.91762742,2.693389082,3.544986404,3.334915123,3.956924609,3.794546854,4.17797482,3.96616878,3.575448624,4.053409967,3.393001201,3.294533153,3.160958571,3.563754842,3.079449819,4.195913356,3.459199174,3.78242731,3.812858824,2.806960157,3.44426183,4.146326239,3.468898967,3.020204747,3.294645697,3.08176811,3.906507905
3.249247272,2.992384295,3.241748244,2.278786157,3.344338413,3.07246251,2.983409816,2.838170885,3.162267658,2.593964794,3.43804056,3.18214036,2.195703535,3.140107567,2.903160199,3.209173903,3.555167919,2.932026089,3.154205003,3.071607427,4.122750026,2.904766781,3.444604632,0,2.504179434,2.824216881,2.90707676,2.987453571,3.004593377,2.731220198,3.187043411,2.478663436,2.871682314,1.811542744,3.070427675,3.144652758,3.218480469,3.203332972,2.805969818,2.637302611,3.036100001,2.578377999,3.21757469,2.382092757,2.664380972,3.268067112,2.966524715,2.618199713,2.311412051,3.551502536,2.317614359,3.263743049,2.957735763,3.96526368,2.11103138,3.582012609,2.818849882,3.24975981,2.634653418,3.499202466,2.957802659,2.872094448,3.06301972,2.522881959,3.469968524,2.794040585,2.38845377,2.495894562,3.936656374,2.76433052,2.651259084,2.509375728,2.602730929,2.81355937,2.643709786,3.020698313,3.012895972,2.399454328,3.069122477,3.370302269,2.543353082,2.846755656,2.993540222,3.074442508,2.529566273,2.966507071,3.194579564,2.415368749,3.564870607,2.942690755,2.922483966,2.34581726,2.823621172,3.223992881,2.789689512,2.204382181,2.505585914,2.66955242,2.704447979,3.089872375
2.397550224,3.376917813,2.584066909,2.972955622,2.792244782,3.048863266,3.044581494,2.924851344,3.632028027,2.978822992,3.237126935,2.419812281,2.635622743,2.865263265,2.695916759,3.07606561,3.092313241,3.264188932,2.716531502,1.884203483,3.830703486,2.55129308,2.344779375,2.504179434,0,3.059626482,2.548720057,2.736071161,2.926873097,2.887792003,2.956819547,2.734887685,3.064643639,2.060173258,3.021108472,2.988750612,3.35303478,2.751341276,2.93075579,2.474467215,3.633218156,2.298099754,2.850021163,2.383901994,2.760882929,2.840631088,2.888756766,2.4516903,2.526458859,2.976639103,3.201670351,3.574195152,3.143491252,3.151990629,3.043695482,3.421626722,2.348872399,3.412348531,2.959554755,2.610244191,3.370657782,3.020163118,3.730377608,2.957582978,2.560181199,3.48637734,2.158309014,3.079486276,3.270800333,2.141332361,2.463091037,2.96527531,2.013295401,2.840416819,2.228500364,2.864348591,2.49273785,2.854934954,3.002562956,3.104101318,2.753166946,2.943787901,3.075892247,2.780919312,2.570208556,2.858307653,2.576003181,2.767454093,3.861897916,2.787501405,2.997179078,3.403324158,2.056699048,2.771293333,3.469228916,2.667747321,2.294599276,2.551319301,2.772055793,3.045727725
3.006636224,2.864981218,3.800330314,3.586752305,3.020827293,2.792429918,2.830872331,2.884281969,3.114162743,2.664484277,3.557004182,2.386948565,2.854435108,2.728921134,2.892246596,2.71990771,3.874835965,2.904321334,3.2125627,3.214652816,3.122956019,2.807035941,3.83702925,2.824216881,3.059626482,0,2.00383883,2.821956845,3.170268679,2.899732099,3.530252027,3.056800846,2.119468117,2.32763602,3.117912383,2.46232716,2.933768603,2.31670307,3.49570332,2.363876554,2.663964173,2.004638831,2.677405638,2.878601554,2.400281926,2.752473688,3.665458337,3.06871051,3.282213697,2.216363216,3.005953935,2.339743493,2.985247774,3.384353533,3.484669625,2.788043717,3.184389065,2.342556416,2.778430955,3.558024066,2.738922508,2.632406774,3.263339023,3.169345937,3.225548227,3.173218306,2.518940468,2.652695801,3.541908032,2.483225206,2.782722303,2.855135128,2.767595077,1.812083522,2.566375939,3.610451614,3.150928686,2.782393935,2.883697591,3.288616517,3.228297378,2.377350209,3.394033841,2.914216255,3.245470997,2.629104597,2.510834841,3.611478114,3.265560986,2.931041748,2.897528427,2.487438959,2.768668887,3.063460762,2.50760444,3.2433335,2.859545839,3.310781299,2.057700776,2.333643934
2.486311774,3.552181442,3.154537469,3.253851885,2.698047924,2.948667854,2.390761468,2.852912658,3.255245268,2.926173651,3.441453935,2.480319646,3.144166017,2.372049893,2.357683296,2.720121922,3.618204629,3.134816644,2.901322279,2.657918338,3.055146946,2.679278422,3.272172815,2.90707676,2.548720057,2.00383883,0,2.80404068,2.680408244,2.669632294,2.785108856,2.785801587,2.87410407,2.098640477,2.87065025,3.204639617,3.480502455,2.134164151,2.970097422,2.279043834,3.089356716,1.549947529,2.752399607,2.829551932,2.560361456,1.818355907,2.956416884,2.758538511,2.858558322,2.46693545,3.740593972,2.688630195,3.252052181,3.541676888,3.578228339,2.952394014,2.469736607,2.788703142,2.619839686,2.64125101,3.232187242,2.796472976,3.626889903,3.138575948,2.442762609,3.263287984,1.880703108,2.474951501,3.060841335,2.573682185,2.752535575,3.303337725,2.694686506,2.590673048,2.663299328,3.421196924,2.678030799,2.99337552,2.611916123,2.839790471,3.360028264,2.600501159,2.952469707,2.598507198,3.056298213,2.459555563,2.697731709,3.05291522,3.81035926,2.62872727,2.730817915,3.11711267,2.312158385,2.704034648,2.818001287,3.014278519,2.990367916,2.954774441,2.348674525,2.649460965
3.799820295,2.826300581,3.67201455,3.04843152,2.833205724,2.023053339,3.016743267,2.887501876,3.468353004,2.528638117,3.042374536,2.295741214,2.905785706,2.934706551,2.738090857,2.759090062,3.035103671,3.19097391,3.459841207,2.806240885,3.580145346,2.811014975,3.09504538,2.987453571,2.736071161,2.821956845,2.80404068,0,3.192134963,3.201593479,3.209800011,2.990755501,3.035203573,2.527030044,2.815250252,3.074904001,2.910693595,2.667542569,2.939252288,2.792245723,3.397282777,2.482020323,2.677459491,2.186738417,2.623139419,3.350955198,3.01061076,2.035741951,3.006197041,3.359122258,3.381875094,2.940169238,3.038172221,3.058402554,3.820482111,3.323954275,3.120030174,3.184633994,2.771961323,3.19006538,2.781402751,3.583422998,4.400921279,3.142257154,3.319085351,2.940096678,2.929705873,2.443372437,3.374254698,3.028630242,3.402022114,3.229793018,2.480242401,3.259523319,2.650272792,3.270422881,3.201077578,2.858738625,2.945091681,3.445057725,3.301942745,2.872928004,4.071048693,2.630041255,2.927125325,2.99827423,2.885547194,3.008703011,3.059297131,3.271605238,3.145303784,3.122606036,2.635335667,3.261213885,2.826830416,3.088148478,2.421097062,3.140041359,2.439195577,2.440322682
2.935597157,2.69363049,3.265798915,2.893229331,2.817293902,3.387752964,3.061199865,2.506159241,3.731019123,3.519716606,3.589793385,2.631817955,2.855336532,3.053636692,3.825233376,3.339577347,3.918882921,2.81489615,3.686692866,3.000367354,3.860075722,2.523610461,2.990849752,3.004593377,2.926873097,3.170268679,2.680408244,3.192134963,0,3.690889018,3.331954172,3.19936339,3.558368044,2.609592981,3.813897398,3.187677127,3.596509281,2.785889681,3.19789005,3.459973585,2.961409869,3.137014295,3.248509367,2.869034963,2.935182286,3.741112031,2.963843917,3.465958613,2.703755541,2.970334535,3.672552469,3.513966646,2.765879806,3.435151554,3.450248489,3.382131029,2.99759433,2.867541942,3.608285687,3.053874845,3.279380379,2.926166108,4.270676605,2.902231358,2.906944533,3.327464745,2.243184091,2.836189148,3.799313139,2.574828051,2.685058818,3.302260816,3.205642808,2.735043585,2.464974731,3.533260974,3.407483504,3.25377104,3.02903617,3.334469732,4.214545162,3.297567557,3.620284919,2.978852438,3.488606763,2.554165132,3.615683234,2.089455922,3.876448671,2.946116483,2.961556638,3.50145434,3.265324687,3.176498677,3.62135548,3.533085583,3.207579567,2.778940661,2.886065155,3.220179988
3.39698791,3.829446293,3.812820393,3.688987195,3.009075511,2.724061073,2.151628325,3.542791461,3.269634054,2.817059925,3.844461221,3.3863646,3.421570719,2.608158769,2.559979198,2.483241873,3.880407041,3.277717392,2.678774789,3.4490453,3.32269582,2.9660685,4.02391978,2.731220198,2.887792003,2.899732099,2.669632294,3.201593479,3.690889018,0,3.292809448,2.902816316,3.254765279,2.42006054,3.269277845,3.951565002,3.15122411,3.283458666,3.525892344,3.165389069,3.360445983,2.24238374,3.217204541,3.088908305,2.467260086,2.561864799,3.410743836,2.792799291,3.588410317,3.310778312,2.905211791,3.435487961,3.078509243,4.280770048,3.370733586,3.50222177,3.55910447,3.632213147,3.171989235,3.406148226,3.166105261,4.159783886,4.002899204,2.809650622,3.535322692,3.131871529,2.870671647,2.796413056,3.463469107,3.380167867,3.341439134,3.551080559,2.528147189,3.181877203,2.810002581,3.027185754,2.511121019,3.042783963,3.254124578,2.889708905,3.063000325,3.396318637,3.032087682,3.137612203,2.511515709,2.950351199,2.749174754,3.581376912,3.819243918,3.266966538,2.581785508,3.331640878,3.041459755,3.102676247,2.198837601,2.952267466,3.371262567,2.918162471,3.431680796,3.084221498
2.549790558,3.670138854,2.885793955,3.057795639,2.969513268,3.024651496,3.077330345,3.039401918,3.610554134,3.212862715,4.240730925,2.988767965,3.074333145,2.492955849,2.411476524,3.838352934,3.061030425,3.229624051,3.776830784,3.20774853,4.121348997,3.151127119,3.86021152,3.187043411,2.956819547,3.530252027,2.785108856,3.209800011,3.331954172,3.292809448,0,2.203243458,3.439911398,2.497100776,3.678172639,3.755640219,4.260367491,3.332604931,3.10377807,3.033888344,3.304627216,2.998850059,2.916287806,3.101393589,3.070544982,3.105304471,3.530385674,3.761648015,3.429840777,3.304834315,4.056405245,3.436779859,3.514677659,3.866360339,3.50433619,3.765874302,3.467381221,3.590472034,2.296587202,2.807621067,3.243175672,3.009526363,4.449618167,3.406521488,3.289129629,3.820276854,2.678331648,3.141095713,3.533049969,3.183167707,2.869759157,3.918019065,3.031514233,3.06185858,3.001500942,3.468276748,3.295631397,3.727592185,2.841911371,2.94447649,3.228724167,3.187421972,2.516156416,2.353340741,3.446311071,2.796110416,3.222535699,3.385365323,4.081822476,2.737190951,3.284909193,3.546757165,3.188065116,3.467406879,4.062421325,3.302074807,3.146466888,2.872411778,3.363859505,3.420435448
2.80299623,2.754753922,3.263360948,2.78616396,3.478460205,2.6175668,2.713409919,3.097153036,3.517628299,2.712825423,3.064279503,2.834657081,3.247978854,3.198610405,3.034156298,3.570735131,3.37248016,3.329981342,3.528823415,3.056119331,3.743819628,2.713506658,3.257872007,2.478663436,2.734887685,3.056800846,2.785801587,2.990755501,3.19936339,2.902816316,2.203243458,0,2.90035606,2.198928037,3.483668931,3.598929252,3.60259175,2.873422008,3.1899034,2.923044978,2.941495089,2.473316034,3.318912777,2.702810186,3.058099758,3.37008698,3.714064261,3.056684401,3.50733555,2.836242992,3.430081319,3.245540137,3.267675756,3.661191068,2.714750183,3.082290352,2.894109268,3.503128743,2.381469993,3.091547267,2.663928022,3.100613786,3.520808285,2.537416056,3.258253892,3.49726048,2.459439114,3.006221503,3.618199439,2.881328873,2.988668098,3.395076826,2.761095395,2.907820144,2.212656619,3.261748406,3.027756263,3.426175138,2.703364466,3.530893681,3.014130632,2.925435085,2.732069882,2.423084319,2.956515427,2.480004978,2.849368228,3.285468713,3.78638175,3.189834457,2.944738806,2.783910891,2.869998191,3.080611908,3.57986491,2.687769331,2.761129075,2.994627456,3.316798505,3.207485857
3.228380245,2.55277727,3.387407035,3.232770771,3.156999046,2.604490634,2.677772437,3.220856692,3.029164897,2.873780502,3.108173563,2.947550423,2.950943819,2.688317915,2.930571993,2.768604232,3.953162987,3.408014236,3.456442546,3.081839768,2.961880302,2.866731959,3.796502273,2.871682314,3.064643639,2.119468117,2.87410407,3.035203573,3.558368044,3.254765279,3.439911398,2.90035606,0,2.323288524,2.987693307,2.479003778,2.598008028,3.047338056,3.522804188,3.309776579,2.744740792,2.83262548,3.014955011,2.685397849,2.65011492,3.504774957,3.569056265,3.290565941,3.817048284,2.720849246,3.371663407,2.143513987,3.306160738,3.846885649,3.326218624,3.038134548,3.076202912,3.005070194,2.746228739,3.064226423,2.965950272,2.911777593,4.330115056,2.817531617,2.906080006,3.062163118,2.875046105,2.356264322,4.181010084,2.728804313,2.98039364,2.937200321,2.83158412,2.25733769,2.943304017,3.730436235,3.270308832,2.700902832,2.736628652,3.339247384,3.147957411,2.824561927,3.193363074,2.393585945,3.588793351,2.320095311,2.401030337,4.008910366,3.11897402,3.112221701,3.583835496,2.460997853,3.198026145,3.086435541,3.234459926,3.172508371,2.73724692,3.389470774,2.506701179,3.006589183
