0,4.133201891,4.267329361,4.627360083,3.592875139,3.865439916,4.180295268,4.086365458,4.038627606,3.085337265,4.587230455,4.103490044,5.401856523,3.103092584,4.086951124,3.397602067,4.186613299,4.678950486,3.646810626,5.119395134,3.945463932,3.386328777,3.536878906,3.745218774,3.330829415,3.78057726,4.188793992,4.513005006,4.238560076,3.995321413,3.730594392,3.882970687,2.870962241,3.486100344,4.221740061,4.002536753,4.811687166,3.610232123,3.267193597,3.92688228,5.407157385,5.123044891,4.092144506,3.805125536,4.131447656,4.836098179,4.324840224,3.738334009,3.458777634,3.98253403,4.380005677,3.660427507,4.180102383,5.084315626,3.226402959,4.408973004,3.524379433,3.477572318,3.05113291,4.469056875,3.646582763,3.998255902,3.232341421,3.866203922,4.19444593,4.528453637,4.052774011,5.149616384,3.685477857,5.040213773,3.938117668,3.047235067,4.686769327,3.652260461,5.196150243,4.675860116,3.704991714,4.076669964,3.972461878,4.684234888,4.633349203,4.902222458,3.607470408,3.404754,3.789369115,3.743227566,3.896307469,4.05032542,4.07859933,3.745685116,4.392316278,4.392069491,3.814398093,4.511551402,3.887772658,3.160532278,4.196314536,4.671194625,4.13954794,4.916899169
4.133201891,0,4.10552347,4.244076738,5.31102447,4.024028929,4.356149113,4.238234897,6.389354926,4.91179033,5.27317489,4.320820723,4.966587388,4.552663499,4.637742686,4.987082512,4.759584415,4.829893084,5.489796205,5.978823233,4.719080906,4.856793359,4.604606295,4.940076033,3.710098438,4.725178144,5.28876479,5.253745807,5.0946787,5.256441082,3.868849252,4.814368935,4.636090563,4.255987625,4.993559517,4.5685893,5.329577212,5.147380632,2.524555242,4.824342581,4.664305848,4.830854997,3.975298603,5.340809188,5.22252325,4.934326375,5.904176005,4.394082845,4.791649298,4.269313375,4.198798329,4.24619979,4.158289478,4.617552492,4.291752832,5.451600658,5.019645691,3.828628763,4.575961063,4.518588266,3.503322169,5.45734595,4.145757282,5.625643609,4.758014153,5.137488199,4.617471241,5.376196369,4.67562382,5.545616933,5.410982487,4.105666706,4.713183092,5.039477426,5.999762152,4.467423551,4.985223869,4.450576501,5.063938314,5.28981135,4.411263428,4.491367839,4.50184481,5.020072625,4.090461215,5.173323997,4.151841815,5.144395105,5.282495427,5.064442632,4.886548197,5.427424416,4.296036911,5.499871206,4.332622474,4.842291662,4.660066375,4.302009658,3.610415276,6.641759125
4.267329361,4.10552347,0,5.576728174,5.905715542,4.380082292,4.81028217,4.932289921,6.021741895,4.752689883,6.187015555,4.947935574,6.097749477,4.577639713,4.841679576,4.912582628,5.829069099,5.793672538,4.866644715,6.415889206,5.352897542,4.295250866,5.472024062,5.090871346,4.810609985,5.871372882,5.724581568,4.77491519,6.358893169,6.055583151,4.547642154,4.7433471,4.473321342,4.684890159,5.77585328,5.732378082,5.275441145,5.451614146,4.161386111,5.56965155,5.435953373,5.620768455,4.261925481,5.026733516,5.347843065,5.336773538,4.928338144,5.254746324,4.941448427,5.402439233,5.135358368,4.382931827,4.96256886,5.984591001,4.735773716,6.034097401,5.778215774,4.871390228,4.962130421,4.848907786,3.75300008,5.998897379,4.824846787,5.380772271,5.602551964,4.867129389,5.846594743,5.585206603,5.790669191,5.988581652,5.609502369,4.542410542,6.008419025,5.058778117,7.353651781,4.72566984,5.604285417,4.728017544,5.487655636,5.765048362,5.712103013,5.678651084,4.590881756,5.981154601,5.517265461,5.239443295,5.0534368,5.259114732,5.693228069,4.826793105,5.904844284,5.840943821,4.672353391,5.179801401,5.260871239,4.52090321,5.327810435,4.929350115,4.716662308,6.265709383
4.627360083,4.244076738,5.576728174,0,5.473806048,4.455544663,3.904442514,5.278422481,4.862470702,4.375123309,4.766412197,3.933759588,4.548504137,3.942500609,4.287397644,5.137323531,4.29506119,5.096916429,5.375543242,4.885537725,4.343435229,4.545807974,3.896083049,4.403983657,4.425708314,5.134253946,4.104193566,4.183459181,5.37449832,3.99512306,3.237200536,4.403533194,5.121867714,4.601805785,5.144398289,4.523451339,5.003783801,4.192843761,3.840075972,5.095473349,4.602282013,4.12955667,5.035946729,5.165866099,5.248147086,4.734443746,5.625161129,5.014530275,4.92501063,4.962836051,4.286844458,4.522629073,4.232427372,3.44976213,4.734312395,5.273463524,4.08817483,3.878159301,4.856634716,4.849696616,4.235286676,3.544496074,4.525806485,5.104275874,4.775852751,4.28781492,3.530658339,6.40238232,4.005907611,5.648822859,4.284080311,4.92798894,3.870680564,4.999669207,4.032130807,4.955370839,4.671310144,4.699805954,4.980307906,4.75557535,4.565893279,3.366754346,4.980765903,4.480893944,3.98645998,5.258168609,4.144493348,4.681660983,5.335954392,4.981556803,4.064773645,4.927853009,3.192604571,5.597025817,3.806757992,4.965083217,5.266675858,5.324148931,4.486647944,6.451781391
3.592875139,5.31102447,5.905715542,5.473806048,0,4.126364509,5.219841665,4.762884111,3.592536222,3.924560244,4.664614434,3.641238753,5.367840937,4.437468848,4.892668051,4.337745054,4.019051981,3.866388595,4.355467686,5.695365788,4.360162763,4.621118887,4.997634672,3.452311718,3.218822909,4.417394584,4.067148867,4.804622216,4.077079275,4.397798895,4.116030313,4.0295575,4.703698962,4.601803759,3.685300014,3.829165182,5.322236521,4.622110478,4.339579534,3.704344802,5.854911363,4.475423806,3.647296034,4.589140024,4.207282033,5.156922912,4.966433758,4.768443206,4.483128085,5.680442753,4.778680407,3.607230037,3.881436356,4.801123316,3.570990749,4.815755765,4.486926106,4.097673038,4.969940095,4.448017049,4.859699445,4.739522716,3.912943336,4.139256844,4.347896843,4.28179806,4.008588739,6.134012074,4.090053129,5.39465028,4.591963939,3.561498288,4.940480914,5.246185294,5.850264103,5.45735308,2.900807525,4.043908358,4.725663216,4.466849758,4.265169518,5.427771599,4.233132713,3.603835564,3.849001952,4.884639671,4.232453668,3.970437248,4.237449741,4.438742871,6.301969764,3.646570989,4.576159448,5.265926919,3.651264475,4.467405232,4.973992441,4.215263803,4.348401316,4.915907561
3.865439916,4.024028929,4.380082292,4.455544663,4.126364509,0,4.401240754,3.724765933,5.020982129,3.984629821,3.997851461,3.09307901,5.637882273,4.525517317,4.378705802,4.700136739,4.522996348,5.002876868,4.188695493,5.322393474,4.503884209,3.741215909,4.257172346,4.031638972,3.462496324,5.201449152,4.167964246,4.412183476,4.841346255,3.926921863,3.561200102,3.515911851,3.962954234,4.743663428,3.755141024,4.25202203,5.040994859,4.457043007,3.303726656,4.266906982,5.784554775,4.6400878,3.859629602,4.726764977,4.376163236,4.904908547,5.07827291,5.221601175,3.533694209,5.826879534,4.631686497,4.375528908,3.992040786,4.063492288,4.254942977,4.794920665,4.995769827,3.279595729,4.776510993,4.576028871,4.432772553,4.783620694,4.548919632,5.011678802,5.004924047,4.56343537,3.195570112,5.459302929,4.399054285,6.129770908,4.971788361,3.976432765,4.708949619,3.864597969,5.063458497,5.183301856,4.230017447,4.310647616,4.840459091,4.006065606,4.009528979,4.282140851,4.106690132,4.534025633,4.180593607,4.580692729,3.899533887,4.132619169,5.383219718,4.863122923,5.828684852,4.793473232,3.53334888,4.921965298,4.244317775,3.507224765,4.947422878,4.471132709,4.298006123,5.36721956
4.180295268,4.356149113,4.81028217,3.904442514,5.219841665,4.401240754,0,4.439814053,5.541097993,4.111735967,5.668913541,3.987827757,6.262746082,3.971144299,4.631080446,5.314234878,4.284068279,5.406033626,4.542998497,5.135382589,4.048319971,3.65733077,3.284937673,4.733925047,4.26046624,5.583665321,4.327564448,4.855297675,4.728135536,4.305934585,2.622479744,4.524266885,4.606275774,4.005108279,5.219667856,4.410949059,5.368648389,4.043195012,3.632147278,4.862509302,4.074928842,5.500909492,4.676425618,4.027825819,5.175544495,5.418503482,4.829303637,5.150296266,5.047420003,5.564768102,5.047710118,4.043685885,4.265056576,4.254900687,4.512299671,5.364866795,4.535246847,4.01878796,5.590992187,5.574223575,4.033195607,4.802419432,4.077227307,4.894921527,4.770678664,4.260184672,4.315425704,6.007313412,3.700400401,5.017460078,4.875263117,4.317719841,4.80326156,4.421307252,5.432299399,4.546369405,4.838953874,5.174338441,4.836334588,5.842941128,5.001905587,4.51863181,5.275021076,4.824777619,3.120756607,4.900830849,4.361931088,4.77813231,5.557629404,4.090879324,4.894860845,3.878944211,3.932819161,4.337349565,4.028654195,3.961196481,4.866237028,5.45219729,4.509052186,5.829430526
4.086365458,4.238234897,4.932289921,5.278422481,4.762884111,3.724765933,4.439814053,0,5.859032334,4.860929804,4.858467144,3.670312115,6.287735315,5.037863626,4.279707548,4.01475995,4.90516739,5.101575287,5.024352379,4.452721638,5.47365337,3.720864042,4.357123695,5.001894075,4.159940801,5.25377981,5.160845634,5.60573223,4.83495225,4.81033666,3.83226188,4.500552959,4.138525424,5.20032976,4.521894841,5.165385796,5.338597905,4.619276819,3.505698226,4.579915403,5.160795993,5.424309443,3.587036533,4.504468613,4.088760373,4.442117657,5.533854544,4.179799916,4.774401552,5.117292887,4.704996272,4.807642805,4.17339365,4.590681749,3.649426251,5.138204038,5.04276843,4.065335792,4.588268136,5.197896026,4.444925242,4.667524257,4.31478593,4.442677462,5.117842413,4.301716861,4.377751579,5.141671025,4.839399765,4.689889908,5.69127678,3.709917092,4.468765746,4.894169923,5.785351938,4.483103406,4.003300488,4.261205573,4.931159481,5.03308,4.856629505,5.164807942,3.326155278,4.992857184,3.880402758,3.805985496,4.670654542,4.167400187,5.569166624,4.761358526,6.004629272,4.687855744,4.064300269,4.656387632,5.082745258,4.003150729,4.512979479,3.560312633,3.77319325,5.623905805
4.038627606,6.389354926,6.021741895,4.862470702,3.592536222,5.020982129,5.541097993,5.859032334,0,4.00530384,5.514652677,4.392080002,5.055786192,3.855417712,4.595410111,3.824263787,4.535342528,4.758861576,4.180833609,5.324308014,4.888183095,4.604853023,5.515269034,4.038624292,4.606610811,4.995958183,3.295879009,4.185228505,5.129266502,4.606746823,4.437196211,4.332152569,4.396585209,4.666634438,4.020478214,4.542026985,5.403819701,4.318770056,5.451000509,4.705562559,5.669896499,4.200692996,4.540349141,4.60705243,4.678104809,4.410939417,4.921793677,5.170895313,5.141607814,5.877476964,4.805304446,3.916994286,4.424080651,5.737223596,4.495761745,4.702055799,4.254797265,4.84114518,4.774217492,4.997838948,5.179527161,4.210497546,4.223138187,4.223110702,4.562658446,3.776707902,4.579697765,6.274420294,4.307501794,5.046772357,3.54877095,5.050878746,4.617535299,4.973677879,5.561560033,5.579335303,3.742297538,4.361880431,4.799373166,5.395308484,4.721404475,5.386423865,4.896599797,4.398808874,4.906317877,4.623676823,4.660715165,4.606945094,3.835912946,4.711077371,5.665352084,4.565578483,4.057342151,5.407635631,3.884014971,5.098068132,5.185524046,5.581241564,5.23134761,4.519588097
3.085337265,4.91179033,4.752689883,4.375123309,3.924560244,3.984629821,4.111735967,4.860929804,4.00530384,0,5.103166561,3.848711449,4.977536161,3.791736582,3.46018897,4.071552272,5.007107797,5.163248145,4.128489495,6.116511303,3.694519336,3.927682803,3.912802111,3.873912471,3.367539154,4.444089697,4.044205701,3.930601749,4.375019598,4.128602467,3.960693527,3.91526832,3.76650313,3.488257883,4.328944225,4.305834325,5.013001785,3.488138443,4.169945255,4.783345889,4.815984293,4.577302425,4.373714964,4.446789426,4.529930018,4.658803054,5.027806528,4.9003361,4.167358219,4.406304299,4.369894224,3.167193259,4.166361744,4.766678591,4.29007665,5.402713842,3.588678402,3.502262324,4.918705403,4.819542151,3.98581309,4.199358632,3.226308696,4.297017201,4.342942815,4.329957455,4.233121338,6.436159192,3.61463763,5.579730551,4.007722499,3.629621784,4.281302075,4.580388469,4.987012557,4.179355172,3.982517211,4.423101161,3.468800468,3.701841086,5.009972362,5.16615852,4.991981439,3.207279908,3.727283403,4.400953213,3.661027101,3.50742153,3.865722069,3.490710014,4.370622878,3.650355654,4.215300866,3.750284624,3.399762131,3.649802735,4.663895672,5.131393805,5.138553928,5.373035923
4.587230455,5.27317489,6.187015555,4.766412197,4.664614434,3.997851461,5.668913541,4.858467144,5.514652677,5.103166561,0,4.281085509,5.597286453,5.632584579,4.762205261,5.6081392,4.989554969,5.782991289,5.530899905,5.202828,4.216399295,4.568654205,4.429778098,4.480478977,4.497822887,4.519264227,4.608951796,5.164793689,4.797276845,5.090442928,4.064313915,4.783202076,4.663119166,5.260699691,5.378997708,4.104650772,5.896620883,4.993827744,4.245251357,4.118233446,6.593495971,4.649781651,4.668661685,5.490819,4.602027024,5.562947128,4.908694033,4.950600948,4.045050853,5.850026978,5.126435166,5.770696277,4.415913588,4.254315418,4.312396597,4.787965723,5.372269772,3.610105255,4.570706964,4.528583622,5.155007754,4.103556272,5.190386263,5.099835519,5.356608703,5.567866385,2.923805462,5.665497915,5.040073621,6.496907907,5.302962989,4.544514507,5.748982027,4.638720253,5.539902483,5.745376859,4.709523099,4.744578007,5.955479746,4.735018135,4.454254193,5.519337721,3.637830077,4.589673149,4.761879797,5.293888545,5.413234755,5.048373591,5.821934253,5.407684596,5.402498201,5.90118619,4.657280068,5.631162648,4.835480761,5.368730751,4.992788472,4.060779455,5.238281979,5.635645681
4.103490044,4.320820723,4.947935574,3.933759588,3.641238753,3.09307901,3.987827757,3.670312115,4.392080002,3.848711449,4.281085509,0,5.346057325,3.948938407,3.941098699,4.520706136,3.975673612,4.461955335,4.504293409,5.348853371,4.420748896,3.720461456,4.102982476,3.174733483,3.842889095,5.278754249,4.193937688,4.695433371,4.518570006,4.466068671,2.699437901,4.230784091,4.594790286,4.526186413,4.486707854,4.227463751,5.064824463,4.205368991,3.405661777,4.18845665,5.267471319,4.16995462,3.38356519,5.109987407,4.352408369,4.478219528,5.232339884,4.847060919,4.429782092,5.091102058,4.852363386,3.477348678,3.681204711,4.23575648,4.11171328,5.264061117,4.828555016,2.979912772,4.699501727,4.544823333,4.67879677,4.626580129,4.263039312,4.729349619,4.643663174,3.298993151,3.060415556,6.379578063,4.745615447,5.014836577,4.834543798,3.950106364,4.381955141,5.022860646,4.435332278,4.081593251,3.390073619,3.866531859,4.546123811,4.61776327,4.543812478,4.626496877,3.770466492,4.65328459,3.750660035,4.686290318,4.20386019,4.094570524,4.49153874,5.129557518,5.631170396,3.541342129,3.663810151,4.78499933,4.078951631,4.186656566,5.150647204,3.644938983,3.699281076,5.667519077
5.401856523,4.966587388,6.097749477,4.548504137,5.367840937,5.637882273,6.262746082,6.287735315,5.055786192,4.977536161,5.597286453,5.346057325,0,5.340555972,4.921673138,4.206183353,4.889849683,5.159806404,5.905552236,5.686188651,4.245586684,5.767771863,5.620027748,4.737005165,4.380219092,4.672886163,4.588146019,3.952249044,6.01928417,5.232343472,5.144377735,5.042807513,5.083153462,5.400779775,4.586008775,5.718040023,5.636353908,4.892748099,5.085433104,4.806814315,4.943589433,3.407562058,4.751376359,5.565606688,4.558085475,4.513897408,6.379893674,5.442995344,6.004233464,5.041880282,3.090202757,4.583804282,3.904365789,5.363652892,5.112401152,4.887272963,5.100785916,4.477818956,5.165923727,4.330173798,4.361061256,4.664564287,5.239112304,5.720948773,4.339281037,4.84683353,5.494227322,6.764834537,4.869312132,5.500427086,5.000680382,5.103905888,4.777798066,5.931668379,6.149855671,5.750718839,4.775460836,4.184892588,4.564619871,5.346133949,4.702042479,5.184951634,4.875121901,4.443092129,5.600908792,4.895051938,3.836650493,5.374202506,4.37700717,5.562628287,5.080318625,5.900047902,5.268056799,5.60090505,4.405328167,6.594446339,5.119290381,5.30732382,4.90415005,6.62575995
3.103092584,4.552663499,4.577639713,3.942500609,4.437468848,4.525517317,3.971144299,5.037863626,3.855417712,3.791736582,5.632584579,3.948938407,5.340555972,0,3.983249945,3.852349268,4.464986582,5.005891114,3.749834633,5.319203616,4.205580221,3.315951864,4.61878931,3.895560048,4.137605083,4.2525229,4.110543242,3.95053534,4.582140761,3.888956684,3.330918926,4.491190166,4.190924343,3.454235902,5.008455797,4.69793397,4.201118036,4.445473466,4.056357235,4.446822544,4.903898928,4.493097587,4.448336455,4.436615244,4.664640158,4.335816332,5.489785521,4.876207355,4.099990596,4.542406832,4.456802824,3.184998295,4.012780397,5.451803417,4.022189514,4.931499364,3.739885647,3.716553802,3.72927004,4.520179419,3.771161673,4.362291777,3.915177232,4.210332209,3.931186405,3.435369559,4.17530644,5.983860691,3.504669309,4.830099472,4.384175767,3.713717512,4.22781844,4.54549391,5.120673434,4.443633779,4.648102579,3.879490692,3.741648712,5.559772608,5.008628155,4.110761283,4.514583484,3.951248489,4.455479227,4.594431707,4.366266542,4.639202574,4.007371396,4.327364591,5.103486916,4.047195623,3.693995686,4.805123151,3.792664837,3.686752967,4.656419989,5.138794295,4.171074363,5.507116555
4.086951124,4.637742686,4.841679576,4.287397644,4.892668051,4.378705802,4.631080446,4.279707548,4.595410111,3.46018897,4.762205261,3.941098699,4.921673138,3.983249945,0,3.640802289,4.972024497,4.676765978,4.664673084,5.578683233,4.508920694,3.831539515,4.713197616,5.004811278,3.358959544,4.063590301,4.532734618,4.38344099,3.862766167,4.829234962,3.554583212,4.449454357,3.473671376,3.561314885,4.794122259,4.375043964,4.627810404,3.892538522,4.03926431,4.942374134,3.618321282,3.792152781,3.406995379,4.596861821,3.801471639,3.748769653,4.686374351,4.247369505,3.843258774,4.140177824,4.533444492,4.146680102,3.599926514,5.250676651,3.907577526,4.464263282,4.286085089,3.940970265,4.036236632,4.948652845,3.51210188,3.837042583,3.167431771,4.360388985,3.864826588,3.466419107,4.398963568,5.227593518,3.963369833,4.704907926,4.145923281,3.646728313,3.626998637,5.486653193,5.841590315,4.071828867,3.87321549,4.205730802,4.175454948,4.223140043,4.24535,4.875366896,4.537347265,4.165252961,4.459672331,4.464771949,4.924344677,3.870087325,4.768915604,4.312142583,3.964142786,4.505988541,4.278019425,3.91893821,3.391787379,4.575656901,4.340471781,4.16274668,4.745315138,4.852704503
3.397602067,4.987082512,4.912582628,5.137323531,4.337745054,4.700136739,5.314234878,4.01475995,3.824263787,4.071552272,5.6081392,4.520706136,4.206183353,3.852349268,3.640802289,0,4.379415519,4.590175489,3.913559736,4.510054156,4.773268034,3.625724334,4.728449866,4.524265743,3.794982719,4.040472138,4.400340811,3.999970287,5.031460485,4.253194331,4.543102021,3.975838937,3.178042568,4.816069185,3.52278203,5.41500386,4.379300923,3.7090568,4.217296559,3.935404146,4.529098065,4.297835557,3.664197169,3.647799778,2.963354698,3.423036546,5.175126819,4.457781765,4.964595779,4.060929919,3.559208848,3.727673464,3.522948349,5.750859491,3.696880538,3.923651852,4.33231539,4.172806161,3.256220419,4.616836894,3.545897863,3.877502451,4.002422333,3.781075505,3.711642321,3.504752723,5.19171179,5.320410449,4.169616715,3.805501055,4.676656842,3.65614688,4.084965672,4.916078877,5.818344219,5.055248778,3.411719952,3.674364605,3.599865796,5.14183464,4.466622492,4.832164594,3.495007869,3.973601568,4.87583668,3.001610276,3.956463186,4.291781834,3.987989445,4.441866076,5.137087729,4.833036751,4.289411159,4.341009856,4.517086769,4.463896109,3.918954606,4.743392263,4.068484479,4.875348142
4.186613299,4.759584415,5.829069099,4.29506119,4.019051981,4.522996348,4.284068279,4.90516739,4.535342528,5.007107797,4.989554969,3.975673612,4.889849683,4.464986582,4.972024497,4.379415519,0,4.261220763,4.403240021,4.286489576,3.879568017,4.287107932,3.838664917,3.554874339,3.558079513,4.937053406,3.871506393,5.306072905,4.48565097,3.838864775,3.602513667,4.1262383,4.472903383,5.439820999,3.678839547,4.433469565,5.256350075,3.47023004,3.757445778,4.214068923,4.934748786,4.168919252,4.201012555,3.989201098,4.228721468,5.013708262,4.898877985,4.516285545,5.192649026,5.575752103,4.265542251,4.509339952,3.513950281,4.262529981,3.661312279,4.115241687,5.323162848,3.888816714,4.364073107,4.300846803,4.150783132,3.654036937,4.523919365,4.547006894,4.477891059,4.10720669,4.251318983,5.909982079,4.329515605,4.015165718,4.847166464,4.383257451,4.810610814,5.478795836,4.928339704,5.774903693,3.155583566,4.721616397,4.780819128,5.469904529,3.869747064,4.401720734,4.188317935,3.96699584,4.406196101,4.709453305,3.428721566,5.552132453,5.248544232,5.028336549,5.525707073,4.74858219,4.138381566,4.966286829,4.254856177,5.036346068,5.087492886,4.707508116,4.539456177,5.426043422
4.678950486,4.829893084,5.793672538,5.096916429,3.866388595,5.002876868,5.406033626,5.101575287,4.758861576,5.163248145,5.782991289,4.461955335,5.159806404,5.005891114,4.676765978,4.590175489,4.261220763,0,4.940456506,5.951933555,5.143175759,5.844742641,5.645689164,4.912981327,3.473190396,5.747212545,5.479897495,5.516012866,4.920606009,5.334265358,4.443876216,5.074761941,5.15700758,5.011266924,4.481791515,3.921998638,5.537846762,4.771092567,4.559870738,4.836387572,4.779428071,4.907587376,3.642528004,5.119821347,4.536717755,5.025472246,4.804022125,4.944297836,4.636925602,5.713611874,4.843159205,3.965500935,3.648407298,5.327946386,4.303198319,4.925228777,5.257784282,5.534952889,4.983972204,5.569576311,4.237376163,5.044148477,4.47860878,4.839407449,5.515415772,3.854000875,5.507999,6.415957929,4.98742376,5.452494562,3.758687013,3.777646067,4.87340435,6.468642916,6.867016651,6.069544311,3.329208841,4.947803631,5.074820279,5.289652379,3.368904589,4.780911307,4.871305285,5.006122069,4.445275207,4.643335474,4.61453992,4.078287748,5.078707271,5.188535617,6.133856909,5.297235984,4.840401262,6.433076731,4.027331876,5.158595244,5.428894172,4.495507718,3.327585033,5.529055099
3.646810626,5.489796205,4.866644715,5.375543242,4.355467686,4.188695493,4.542998497,5.024352379,4.180833609,4.128489495,5.530899905,4.504293409,5.905552236,3.749834633,4.664673084,3.913559736,4.403240021,4.940456506,0,5.519524006,4.205053373,3.473497787,4.227077478,4.799227097,4.127346606,4.908299896,4.608870077,4.286542687,5.448939686,4.553091039,4.396425174,4.012077992,3.886361263,4.754398245,3.942161461,4.413338116,5.141308341,4.295898828,4.196488171,3.710257354,5.169191947,5.152513681,4.854596438,4.213133699,4.291601152,4.362258598,4.443813887,5.832618605,4.67534372,5.235813462,4.656260839,3.543774188,3.695506776,5.601920654,4.285223876,4.35285713,5.274442506,4.31996556,4.537490727,5.097720135,3.604741384,4.842846659,4.879873908,4.468471889,5.306682916,4.165472592,5.050698974,5.654772165,4.208813359,5.073710109,5.000897637,3.760523419,5.994002947,4.60066702,6.101815513,5.571474854,4.696130219,5.430280379,4.73033826,5.835387691,4.050820416,4.953731891,4.562484507,4.386709733,4.883123457,4.027322756,4.308082592,4.913924459,5.042063135,3.806539104,6.019552241,4.963482823,4.192185781,5.319464274,5.098514371,3.186180317,3.751739793,5.601246694,4.72175945,3.810221729
5.119395134,5.978823233,6.415889206,4.885537725,5.695365788,5.322393474,5.135382589,4.452721638,5.324308014,6.116511303,5.202828,5.348853371,5.686188651,5.319203616,5.578683233,4.510054156,4.286489576,5.951933555,5.519524006,0,5.4516942,4.27353553,4.880196072,5.268341942,5.380016916,5.313186251,4.068788045,5.344578265,5.942155869,4.102831772,4.158008951,5.015504535,4.584040134,6.078334946,4.587166673,6.160131028,5.771437515,5.18376503,5.131489008,5.163948071,5.609349462,5.341652081,5.1638243,4.355831183,4.618756742,5.264752006,5.827652377,4.464076052,5.787923448,6.360104391,4.466818991,6.188237038,4.484383261,4.800272614,3.76534345,4.06381258,4.760262246,4.630678649,5.187141656,5.387265143,5.19643208,3.723497427,5.810499435,5.188928025,5.328490282,4.622033586,4.983078084,5.412556316,4.676733437,4.374949756,5.551515241,5.074775471,5.01359413,4.703649387,6.148926912,5.796964354,4.611148467,4.592196353,5.804330687,5.96954053,5.368591885,5.002631202,3.791220386,5.111489754,5.027252174,4.054605199,4.803077218,5.516709445,6.281607888,5.355942906,5.959153315,5.60581584,4.231480186,5.473778127,5.374618042,5.691730186,4.894440463,5.189639682,4.998387779,5.278030892
3.945463932,4.719080906,5.352897542,4.343435229,4.360162763,4.503884209,4.048319971,5.47365337,4.888183095,3.694519336,4.216399295,4.420748896,4.245586684,4.205580221,4.508920694,4.773268034,3.879568017,5.143175759,4.205053373,5.4516942,0,4.310389707,3.790889306,3.649769675,3.526330319,4.303583188,3.677421599,3.972979338,4.14352982,4.309095855,3.471804524,4.083648329,3.985515313,4.20668308,4.742474612,3.937130919,5.07066029,3.587126112,4.280923609,3.530628556,4.833297609,4.004996292,4.574446081,4.070135867,3.799651726,4.906943575,4.846638212,5.22687788,4.410419657,5.268186678,3.46034079,3.836068333,3.42277925,4.189077865,4.249876011,4.367721314,4.996301212,3.335815905,4.608570088,3.612815594,3.510672878,3.889316434,4.201471322,4.523535712,4.149164116,4.697694073,3.833652057,6.054559579,3.503851227,5.289641937,4.399831831,3.701339751,5.185278577,4.520747542,5.169318331,5.202576438,4.615129507,4.66695919,3.871047763,5.33815365,4.138376003,5.071493041,4.5350283,3.228701798,4.454062749,4.286290596,3.527730521,4.729332492,4.017906871,3.764912981,4.82354183,4.752775682,4.352414355,3.980148532,3.728876057,4.906583578,4.582414245,4.839213312,4.745950546,5.587116284
3.386328777,4.856793359,4.295250866,4.545807974,4.621118887,3.741215909,3.65733077,3.720864042,4.604853023,3.927682803,4.568654205,3.720461456,5.767771863,3.315951864,3.831539515,3.625724334,4.287107932,5.844742641,3.473497787,4.27353553,4.310389707,0,3.45961559,3.993369444,4.236001139,4.034012998,4.05511148,3.915058502,4.680311697,3.546926849,3.30891296,3.832455816,3.620367714,4.533123248,4.519890078,5.047387614,4.063905521,4.033649436,3.288578637,3.845366559,4.967352918,4.594643765,3.976015642,3.4175383,4.033164861,4.456292136,4.707194355,4.919734146,4.487453803,4.689718367,4.618975685,4.126576569,3.568102782,4.953813731,3.564101894,4.657451204,4.38154786,2.849618378,3.892499848,4.609450668,3.632437555,3.90819103,4.372741926,3.682814327,4.091475475,3.739565754,3.986320532,5.340519722,3.982912569,4.481408409,5.5337366,3.62559217,4.807087103,3.784731602,5.37792339,4.454008415,4.260343341,3.920138022,4.494783509,5.160055571,4.903270299,4.21297806,3.512461838,4.166149294,4.088345071,4.381653416,4.556514755,4.931965598,5.222150061,4.309250429,5.179514217,4.385696112,3.889538515,3.702800497,4.670575173,3.24112139,3.631504661,4.695284866,4.754789521,4.888655681
3.536878906,4.604606295,5.472024062,3.896083049,4.997634672,4.257172346,3.284937673,4.357123695,5.515269034,3.912802111,4.429778098,4.102982476,5.620027748,4.61878931,4.713197616,4.728449866,3.838664917,5.645689164,4.227077478,4.880196072,3.790889306,3.45961559,0,4.46189411,3.962555371,4.909427895,4.800720927,4.790376966,5.283858457,3.97428522,3.843183724,4.229295532,4.371037968,4.89378388,4.858844486,4.602887988,5.632560489,3.118669029,2.842198448,4.034768943,5.224009871,5.601593273,5.233704286,4.410029168,4.664954023,5.469047267,4.614491891,5.09174692,4.887743468,4.537427134,4.936616282,4.620044509,4.321280982,4.10165771,4.466031594,4.883847658,4.63477509,3.335787725,4.62916901,5.407337653,4.028449836,3.886082353,4.71034753,4.815566529,4.945387817,4.987344939,4.089132026,6.189312387,4.164539302,5.493723896,5.261121642,4.102945729,5.476225644,4.466673994,4.402301396,5.409906078,4.408426582,5.392887529,4.788136721,5.130831168,4.870605487,4.650203458,4.338081057,3.913939593,3.711609658,4.606214479,4.015674008,4.931566839,5.837351127,4.490148412,4.351435608,4.658164395,4.413328428,4.889323593,4.910353774,3.738739422,4.548000509,5.470782874,4.766167882,5.872662087
3.745218774,4.940076033,5.090871346,4.403983657,3.452311718,4.031638972,4.733925047,5.001894075,4.038624292,3.873912471,4.480478977,3.174733483,4.737005165,3.895560048,5.004811278,4.524265743,3.554874339,4.912981327,4.799227097,5.268341942,3.649769675,3.993369444,4.46189411,0,4.054263124,5.040682842,3.932456613,4.672032933,4.450149497,3.783459136,3.706606299,4.538166529,4.724694096,5.043734673,4.559768097,4.669639603,4.865838779,3.973762826,4.213681441,4.396863526,6.078293109,3.942707957,3.800760186,4.547434776,4.684853406,5.010535939,5.560549803,4.929587078,4.538218644,5.588896558,4.242357977,3.712393207,3.653255072,4.594690678,4.074018341,5.706524483,4.790989295,3.165878422,4.369119817,3.754246099,4.591067292,4.04307513,4.579244968,3.927776099,4.824180228,3.953333062,3.761639145,7.15479728,4.863933292,5.274040169,4.761512979,4.018415948,4.636677732,4.833758147,4.68679058,5.003576995,3.63227275,3.205335354,3.819779798,4.871636909,4.984439155,4.534377201,3.763761435,3.755122385,4.239333378,4.717236637,3.409391382,5.0993303,3.831977127,5.200531725,5.99532327,4.637898052,4.348418232,4.49263913,4.158151357,4.537134137,5.382529245,4.149239357,4.704837699,6.370488912
3.330829415,3.710098438,4.810609985,4.425708314,3.218822909,3.462496324,4.26046624,4.159940801,4.606610811,3.367539154,4.497822887,3.842889095,4.380219092,4.137605083,3.358959544,3.794982719,3.558079513,3.473190396,4.127346606,5.380016916,3.526330319,4.236001139,3.962555371,4.054263124,0,4.101967,4.259839652,4.256343867,3.763605722,4.021013725,3.639228882,3.815768083,3.84533825,3.5625266,3.529796818,3.346187865,5.225490244,3.316990219,2.997230616,3.883302644,4.25199306,3.997860477,3.229037451,4.256215486,3.705503614,4.272534211,4.316098453,4.030997409,3.300860133,4.889792389,3.863253707,3.510999779,3.073068915,4.189205215,3.479977384,3.974961945,4.173175266,3.672177569,4.342313581,4.332077766,3.129563934,3.97837553,3.061835631,4.191774451,3.766139606,3.762133358,4.026258864,5.261418927,3.137321563,5.186562567,3.874948388,2.808045007,4.030676934,5.120071517,5.614935605,5.083602509,3.318848946,3.891684647,3.537035083,3.785592905,3.166319541,4.443743698,4.16320078,2.667856897,3.625017024,4.212919795,3.147825805,3.615550764,4.73848056,3.709016078,4.967501914,3.917338855,4.351902164,4.489093083,2.668000933,3.751630488,4.382448107,3.869621631,3.815711124,5.087537481
3.78057726,4.725178144,5.871372882,5.134253946,4.417394584,5.201449152,5.583665321,5.25377981,4.995958183,4.444089697,4.519264227,5.278754249,4.672886163,4.2525229,4.063590301,4.040472138,4.937053406,5.747212545,4.908299896,5.313186251,4.303583188,4.034012998,4.909427895,5.040682842,4.101967,0,4.186864085,4.520501338,4.221842077,4.539304059,4.42342913,4.419004507,3.886749446,4.297751111,4.532707002,4.92526899,4.512036248,5.291165143,4.170745036,4.170090853,4.977989231,4.016572956,4.51394443,4.526005119,4.320862302,4.877345498,5.734281328,4.315310155,4.965106256,3.681137112,4.104163209,4.82941172,3.964941457,5.357300142,3.193924539,4.243241476,3.994691181,3.420931919,4.023788104,4.094325536,3.872390842,4.213155697,4.0712157,4.738253512,3.3985321,5.322222788,4.546995238,4.841464622,3.538389477,4.811994709,5.562077795,3.820517331,4.908842713,4.874080511,6.310022248,4.743342769,4.477555862,4.325848995,5.210605292,4.819889934,4.75369815,5.280474388,4.350713401,3.575461286,4.632750663,5.217842069,5.04647502,5.226160661,4.823657772,4.35096563,4.335165593,5.120609458,4.760608757,4.725782286,4.210919643,5.332751444,3.294521032,4.836566185,5.383200123,4.823452629
4.188793992,5.28876479,5.724581568,4.104193566,4.067148867,4.167964246,4.327564448,5.160845634,3.295879009,4.044205701,4.608951796,4.193937688,4.588146019,4.110543242,4.532734618,4.400340811,3.871506393,5.479897495,4.608870077,4.068788045,3.677421599,4.05511148,4.800720927,3.932456613,4.259839652,4.186864085,0,4.019234264,4.279469959,3.794545409,3.060677303,3.625553678,3.588076831,4.280172451,3.377468365,4.371080272,5.137831229,4.396700755,4.848849278,4.464883382,4.847412396,3.411825082,4.284553244,3.894347244,4.339072103,4.454118967,5.292248106,4.434936382,5.075647226,5.873154947,3.598270848,4.446038981,3.905927504,4.14267789,3.660981618,3.905656553,3.990055037,3.459449188,5.121293518,3.852988415,4.730309124,3.764423755,3.900934766,4.745361861,3.73311262,4.326249204,3.313326508,5.081578024,3.094632831,4.353320693,4.093698521,4.861259493,3.985461371,3.615931957,5.021218745,4.559477276,4.017722262,4.007488897,4.842707858,5.001423812,4.381596688,5.023311247,4.622188012,3.984346962,4.143443266,4.367313415,3.784940701,4.720139422,4.05730174,4.035040649,4.879426249,4.151841568,3.063150146,4.011389583,3.157336734,5.342755731,4.502626333,5.009424153,5.177577433,4.378982953
4.513005006,5.253745807,4.77491519,4.183459181,4.804622216,4.412183476,4.855297675,5.60573223,4.185228505,3.930601749,5.164793689,4.695433371,3.952249044,3.95053534,4.38344099,3.999970287,5.306072905,5.516012866,4.286542687,5.344578265,3.972979338,3.915058502,4.790376966,4.672032933,4.256343867,4.520501338,4.019234264,0,5.968741533,4.400948642,4.22358825,3.440626815,4.667181505,4.453298503,4.742443734,5.208888738,4.432496064,4.601370651,4.493116447,3.619550236,4.856432367,4.087336849,4.683042486,4.350103708,3.949505495,4.513115843,4.943351165,6.000770572,5.044677099,5.366346241,3.9461458,3.691831944,3.968276998,4.874557497,4.878086673,4.492980866,4.389470509,4.151345363,5.022900549,4.418795275,3.826402405,4.525733129,4.745665046,4.658501666,3.665323466,4.103793356,4.539269338,5.836549769,3.69409033,5.96407738,4.85188645,4.447070088,4.97988588,4.378589407,5.96153101,5.545591302,4.996129829,4.147940719,4.648045817,5.030752275,4.675778884,4.536708871,4.651099329,4.341055271,4.959442662,4.839445277,4.441616383,4.04230225,4.806223363,4.181618414,5.228065764,4.701606183,4.167737586,5.047972668,4.055580291,4.770481462,4.558637359,5.61726856,4.440033558,5.585257576
4.238560076,5.0946787,6.358893169,5.37449832,4.077079275,4.841346255,4.728135536,4.83495225,5.129266502,4.375019598,4.797276845,4.518570006,6.01928417,4.582140761,3.862766167,5.031460485,4.48565097,4.920606009,5.448939686,5.942155869,4.14352982,4.680311697,5.283858457,4.450149497,3.763605722,4.221842077,4.279469959,5.968741533,0,4.464866916,3.765954776,5.162545374,4.184112763,4.377299838,4.892563069,3.841063029,5.000111865,4.448579197,4.805143827,5.05616037,5.012240435,4.310672087,3.676829708,4.275557589,4.595693021,5.204159637,5.713625439,4.604042281,4.244672415,5.671642117,4.929459282,4.734656454,3.907141685,5.259131661,3.960885562,5.238363324,4.917394288,4.205265869,4.680670919,4.983560487,4.663016768,4.303050097,3.259587478,4.154295362,4.322767603,4.82885161,4.057173937,6.036008551,3.89919424,4.939192178,4.746465355,3.937256903,3.87233867,5.485184999,5.845280413,5.076512459,3.965608411,4.58609085,4.427175044,5.278689949,4.382471248,5.244240255,5.292855154,3.935808637,3.980831239,5.134616635,5.065418421,5.136763129,4.49737875,4.915452432,5.377616051,4.906497265,4.928699315,3.812478722,3.416833041,5.194095291,4.98072654,4.479124955,5.540005475,5.569874503
3.995321413,5.256441082,6.055583151,3.99512306,4.397798895,3.926921863,4.305934585,4.81033666,4.606746823,4.128602467,5.090442928,4.466068671,5.232343472,3.888956684,4.829234962,4.253194331,3.838864775,5.334265358,4.553091039,4.102831772,4.309095855,3.546926849,3.97428522,3.783459136,4.021013725,4.539304059,3.794545409,4.400948642,4.464866916,0,3.98867907,4.13234555,4.463771987,5.334018806,3.8054559,5.275175659,4.162158596,4.048668234,4.263547451,4.695543505,5.444783846,4.650584511,4.839537604,3.721165985,4.518472879,5.317213423,6.027283934,5.405447339,4.510073988,5.657425921,4.238818045,4.74960973,3.741942474,4.306504929,4.080006967,4.859882917,3.832022332,3.48577952,4.743608287,5.110130884,4.40416364,3.305786479,4.921868942,4.242754271,4.567769106,4.402490986,4.072783277,6.657290055,3.373374602,5.405425858,5.083796385,3.917606205,3.836143341,4.38827272,4.586350943,5.811540707,3.957726634,4.282302404,4.010027944,4.399867865,4.765690831,2.984696657,4.773458751,3.221721105,3.97259919,4.5596247,3.544965996,4.844696022,5.340258645,4.992075842,5.519061492,4.725618577,4.143058392,4.570877279,4.216754854,3.94201825,4.836442627,5.672919099,5.154954376,5.833678119
3.730594392,3.868849252,4.547642154,3.237200536,4.116030313,3.561200102,2.622479744,3.83226188,4.437196211,3.960693527,4.064313915,2.699437901,5.144377735,3.330918926,3.554583212,4.543102021,3.602513667,4.443876216,4.396425174,4.158008951,3.471804524,3.30891296,3.843183724,3.706606299,3.639228882,4.42342913,3.060677303,4.22358825,3.765954776,3.98867907,0,3.900383759,3.694329875,3.409045104,4.50337701,3.723359973,4.569002619,4.170608462,3.3991531,4.124056322,4.056019572,3.912872236,3.334677863,3.987757174,4.00463111,4.527784036,4.462737787,3.850771715,3.955464506,5.030451758,4.1338732,3.826564073,3.272917952,3.638007548,3.052052392,4.13580156,3.938958558,2.882846188,4.478325384,4.083792127,3.798287963,3.875095033,3.568330919,4.489929704,3.87755528,3.292741152,2.874360066,5.020952769,3.407979644,4.235089733,3.988668355,3.52197902,3.94873958,4.064985812,5.082073019,3.559620923,3.665692731,3.732756726,4.63175689,4.812900347,4.137427953,4.258319462,3.776175804,4.297584041,3.20477945,4.238305761,4.127842833,3.89832833,4.524723711,4.008319883,4.478339615,3.47303813,2.834470249,4.04549954,2.984485415,4.354048322,4.404892217,3.676683929,3.577273917,4.799905801
3.882970687,4.814368935,4.7433471,4.403533194,4.0295575,3.515911851,4.524266885,4.500552959,4.332152569,3.91526832,4.783202076,4.230784091,5.042807513,4.491190166,4.449454357,3.975838937,4.1262383,5.074761941,4.012077992,5.015504535,4.083648329,3.832455816,4.229295532,4.538166529,3.815768083,4.419004507,3.625553678,3.440626815,5.162545374,4.13234555,3.900383759,0,3.982596843,5.217108855,3.57464227,4.747098641,3.833590196,4.031635064,3.977799614,3.616647913,4.791246665,4.125829534,4.393506358,3.237711394,3.190310364,4.748357026,4.582073926,5.283405649,5.135333325,5.199044062,3.851881593,4.103808325,4.240047655,3.5550323,3.859214438,4.112720977,5.111923784,4.069030527,4.555446707,3.522864382,3.768676152,3.892723732,3.856783584,4.199252893,3.772359095,4.78346538,3.818719342,4.598988382,3.753809304,5.178669234,5.087721642,4.324913469,4.793573509,4.570446539,5.123322292,5.503378601,3.778395636,4.966075989,5.278671686,4.207884286,4.105273598,4.86610058,4.419583824,4.282476932,4.611092035,4.794371889,4.071141322,3.842960331,5.06635958,3.580306215,5.215538844,4.485650341,2.80161568,4.513528143,4.229940817,4.572763356,4.785195797,5.145528027,4.569263579,4.923023885
2.870962241,4.636090563,4.473321342,5.121867714,4.703698962,3.962954234,4.606275774,4.138525424,4.396585209,3.76650313,4.663119166,4.594790286,5.083153462,4.190924343,3.473671376,3.178042568,4.472903383,5.15700758,3.886361263,4.584040134,3.985515313,3.620367714,4.371037968,4.724694096,3.84533825,3.886749446,3.588076831,4.667181505,4.184112763,4.463771987,3.694329875,3.982596843,0,3.954886668,3.717521872,4.627335515,4.906971479,3.943426101,4.239972335,4.454000056,4.735723073,4.68920537,3.87723384,3.54923417,3.42010812,4.501517638,4.445432266,3.796662707,3.990310101,4.509839549,3.962759019,4.575238599,3.939134598,5.477505502,3.252298231,3.295628357,4.333802649,3.608286023,3.560673652,4.552392688,3.769694377,4.065260401,3.719642087,4.721992708,4.198796631,4.62995549,4.548600201,4.180145007,3.947084514,4.2502008,4.036213282,3.689409192,4.626836924,3.545550524,5.930991758,4.457476465,3.888190426,4.421869596,4.419388219,4.994657298,4.38489623,5.43123863,3.851283106,4.285324995,4.683823814,2.94851486,4.220829029,4.413091155,4.25768422,4.027310173,4.025535045,5.108575626,3.848419671,3.586665608,4.116324623,4.574317225,3.861384283,4.742929726,4.797200059,3.784609172
