0,3.567011026,4.457080452,4.920809642,4.772604334,4.837673851,5.020946008,5.061792572,5.735417786,6.254208189,4.530242573,4.375089772,5.179115677,5.765217502,4.571920881,5.280729799,4.269369726,4.955923372,4.135604355,4.300639608,5.577458025,3.661167392,4.3054437,5.882273593,4.192541868,5.952925236,7.341805786,4.453783376,4.284314171,4.942084536,5.130313394,3.743429168,4.935297985,4.80730669,3.808407546,4.78533945,5.44249057,5.568210081,4.220317066,5.478987374,4.446304741,5.790115011,5.752448655,4.591689939,4.406991711,4.687582909,4.088963612,4.546793708,5.677256995,5.042763334,5.292560694,5.036353978,4.28313841,3.53763186,4.89888758,4.753610602,3.840430719,4.609654523,5.473160652,4.37295653,4.358694303,5.175372197,5.256851203,4.435583437,4.628564972,4.65017823,3.845135082,5.578206388,5.351408557,4.216797131,4.5220565,4.577740924,3.936208702,4.785918917,4.705480202,5.192785972,5.402323379,4.728165421,4.183306619,5.028258756,3.849900323,5.020700409,5.509293495,5.091932588,5.209199793,6.464071813,4.385518643,4.791921321,3.975960887,3.542885789,3.791534934,4.553579336,3.123905602,4.047960625,4.208036782,4.352238634,4.701915685,5.223319672,4.211964097,4.557664871
3.567011026,0,4.044605094,5.29220789,4.740289254,5.503387661,4.38983446,4.348901224,5.142789353,5.98104932,5.108182897,4.537306472,4.296181262,5.883468353,4.21821156,6.123092057,5.500608102,4.690798368,3.405264272,4.576612994,4.790545535,5.075359879,4.744538949,5.662257382,4.194899587,4.511944299,6.539219487,5.081853579,5.387612337,4.668934786,5.003385536,4.027128267,5.170218256,4.974829977,5.135489597,4.502813527,5.444447981,5.332370323,5.229569181,5.394486992,4.496728623,5.349868935,5.245731376,5.194773503,4.074439605,5.466746846,4.7832352,4.917241479,5.892056455,5.29546084,4.654622861,5.009297005,4.330909491,4.203340633,4.957659113,4.662500478,4.433443832,5.757014264,5.676567356,4.750464932,5.033095057,5.289917011,4.893195718,4.067014902,5.559871328,5.460180575,4.166795379,5.290512439,4.952247232,4.439137688,4.156582025,5.085162796,4.268581334,5.490869538,4.232399493,5.355423343,5.0647079,4.177212845,5.087529903,5.029852073,2.760808832,4.189802545,6.720194126,5.326308368,4.519145441,6.256924932,4.758002198,3.813311711,4.187133408,5.377520185,3.790694207,4.399651775,4.454887096,5.145692841,4.456415574,4.733025617,4.939604825,5.100427091,4.733380331,5.022066404
4.457080452,4.044605094,0,5.497578131,4.536224919,4.965321197,5.375730771,4.439052445,5.109503286,4.332527219,4.341501075,5.416648314,4.726945014,4.176115381,4.401606305,5.573076268,3.660206248,4.237995454,3.412108471,5.300297311,4.414774687,4.797657845,3.930460811,4.5911396,4.471966037,4.370843692,5.225308572,4.212953093,5.477622907,4.421759793,3.762235819,4.15685025,4.978541176,3.918248468,4.704830107,4.626576672,4.988450203,4.517669152,5.570292112,4.802712642,4.822208732,4.304148516,4.938873645,4.671560713,3.807787918,5.512029012,4.040267464,4.433565896,5.01251914,4.157183747,4.733070579,4.201658828,3.852785999,3.649386823,4.628161468,4.350923156,3.769089765,4.249691066,4.146819161,4.828671845,5.658808385,5.047163049,4.531918181,3.425204406,5.429388111,4.221574557,3.590847827,5.00194617,4.277024089,3.530061188,4.843163316,5.214942917,4.024585504,4.365734145,4.997012624,5.177965839,5.795599486,3.69622127,5.514431696,5.411153384,4.53586485,4.397173809,5.564477871,5.344957483,3.473221296,5.213366982,4.879698736,4.266160557,4.010452805,4.120991412,5.221809155,4.535000407,4.410731734,4.572200629,3.817038438,4.65183268,4.436835093,4.733464985,4.528439128,5.08980181
4.920809642,5.29220789,5.497578131,0,4.183288803,5.23919121,4.844683468,5.773498373,4.100462209,5.945907177,5.944963033,4.701975939,4.226830113,6.269957553,4.727054756,6.576144288,5.216958858,5.68030529,4.706116016,3.887481503,5.140566943,6.306149789,5.230511122,5.862625475,4.333445132,6.227023357,6.248733854,5.008708635,4.44902579,5.570625988,5.794325026,4.636346142,5.637580851,4.844406984,4.111042377,5.193356001,6.13579499,5.86708047,5.287149654,5.34008602,5.610292103,5.127869323,6.172040171,5.154976375,5.768189529,5.707016684,6.120463702,6.024326387,5.089207481,5.370207489,5.369892689,4.921584107,4.425118453,4.589205683,5.651742364,4.684289766,4.710295988,5.228283254,4.209347173,4.51194629,5.699280551,4.655233623,5.653928867,4.134883228,4.740003799,6.121092693,5.087299969,4.894616791,4.380395764,5.044596084,5.41804664,4.949758292,4.478020198,5.61769978,6.687535851,4.856658684,4.505284029,5.068083141,4.14171797,5.754501151,4.338340693,3.715937288,5.683742245,5.768126248,5.337709587,7.872345412,6.230014053,4.792432712,5.143497851,5.030990372,4.974151022,3.836471128,5.357397772,5.93136424,5.586219164,4.527426798,5.931835814,4.440687824,5.517801873,5.273728592
4.772604334,4.740289254,4.536224919,4.183288803,0,4.406247623,5.784271134,5.565743103,5.067054546,5.60987542,4.923375238,3.185239889,4.404300469,4.511853859,5.519449328,5.521727072,4.240051458,4.466727208,4.703812568,4.778006235,4.205231129,4.927265826,4.242681795,5.958616663,5.434879435,4.91225518,4.728716192,5.042166769,5.373458462,6.056583732,4.391707395,4.211376318,5.561386064,5.287295376,4.503941046,5.319312703,6.694397625,5.438644274,6.458226518,5.102670765,4.480956635,3.880199336,5.506024195,4.220085931,4.565714348,6.261240246,5.184928239,3.622484827,4.901288386,4.74962831,5.369342092,3.637186931,4.059133821,3.836954199,4.863186976,3.818527691,4.555916331,4.685021773,3.999821124,4.213719908,6.444215993,4.934961168,5.009458118,3.538703764,4.97012732,5.346579246,3.799469308,5.780140679,4.671722119,4.96056633,5.328360717,4.941202002,4.217820618,4.473241775,5.851133966,5.262194631,4.723971485,3.823095645,4.783404242,5.787105,3.960410258,4.288975562,5.325982555,5.660297812,3.812455124,6.046568712,4.33599509,5.070083751,5.247113767,4.572864622,3.767468379,4.813968566,4.057195306,6.015692505,5.022272167,4.008613841,5.857055457,4.991416123,4.43133328,4.646232484
4.837673851,5.503387661,4.965321197,5.23919121,4.406247623,0,5.211495239,5.155953255,6.525788539,6.12674371,5.273827601,4.82257761,5.08844037,4.99400645,6.434797287,5.182908699,4.597191183,4.733113874,5.677060528,5.785291695,5.334346016,4.913441341,4.217283287,6.944273327,5.60272387,6.293716757,5.537659526,5.470065735,5.518277058,6.677758591,4.703702847,5.395821038,5.978756941,5.315322585,6.137563289,5.779456616,6.726719679,6.723997919,6.099766268,5.201205303,4.489891702,6.058149615,4.464360098,4.601634174,5.160075191,6.109834584,4.933291721,4.346613199,5.237753468,5.19201182,5.056005082,4.954132661,4.427479435,4.459982648,5.821441203,4.263764864,4.763751349,4.874687744,4.827904071,3.92907342,6.153645567,4.639874503,4.955593081,4.584159731,5.65853377,5.137930299,5.340679952,6.412698652,4.618387036,3.531404524,5.340791418,5.503033142,3.926625443,5.714555006,6.04696773,6.039452415,5.340251844,5.280227518,5.088372458,5.806125607,4.88217881,5.383218363,5.425588287,5.53845711,4.852023986,6.536700592,5.529171473,5.857852737,5.844648089,4.662227135,5.41951847,5.581649987,4.313343794,5.93050925,4.434307314,5.245235005,6.099893311,3.912577891,6.774277774,5.780177891
5.020946008,4.38983446,5.375730771,4.844683468,5.784271134,5.211495239,0,5.408068113,5.652681835,6.304847035,6.456125805,6.227719368,4.131942732,6.289783206,5.256785466,5.820607118,6.186541595,5.60301087,4.805448752,4.442353988,4.675188262,5.90197517,5.100641087,5.632536863,4.735767007,5.734580976,6.811301517,5.69298491,4.570968027,6.254716627,6.011162056,5.380234162,5.922053261,5.190235208,5.501112591,4.891983563,5.177712041,6.100220225,5.933660693,5.32429315,4.901598983,5.95989874,6.212067722,5.938538802,5.37673953,4.581901422,5.652179875,5.277160413,5.262973646,5.806035027,5.720824095,5.12137859,4.175566029,5.571869015,5.234241904,4.376163836,5.536015499,5.302009468,5.180373666,4.698904955,5.088345255,5.324693444,4.030634465,4.089771587,5.015357663,5.886687972,5.258527837,4.978209032,5.939538029,4.75361712,4.130358872,5.60899521,4.219814375,6.265918102,5.329572648,5.339062644,4.2656803,5.129800896,5.633203157,5.381012328,3.962654164,5.387023227,6.472997625,4.578427382,4.775923015,7.442171256,6.419774491,4.1645517,4.847849793,5.756123516,6.061434134,5.384577184,5.199801641,6.778781096,4.951460065,4.849588681,4.93465027,4.475137585,6.354452386,6.752583407
5.061792572,4.348901224,4.439052445,5.773498373,5.565743103,5.155953255,5.408068113,0,5.951558392,5.893324613,5.029935782,5.4979317,5.230492677,6.299991384,5.005329693,6.786197543,5.959030635,5.507966136,4.292070402,5.227104659,4.932134373,5.432414478,4.924394385,5.951260982,5.123661385,5.561262494,6.333477876,5.036724225,6.081492686,5.53217324,5.616068386,4.320934438,6.786274174,5.393133765,5.486456137,6.575257363,5.259643977,6.471233329,5.621179811,6.103714662,5.76478932,5.064905651,4.662300393,5.557756031,4.765127495,5.828585033,5.59562369,5.762241966,5.792042891,6.456467509,5.02737025,5.773852322,4.505739208,4.766495394,6.454372564,5.090770534,5.575295441,5.100885001,4.899082884,4.505159141,6.130048555,6.216827575,5.684468531,5.119850043,6.686847432,5.058901422,5.445721233,5.723214956,5.098782354,4.97684844,4.614005657,5.980602696,4.719909306,5.892521064,5.98251531,5.635183052,6.530264715,4.778058747,6.028053129,4.180451561,4.38556835,4.767992523,7.115084072,5.24073872,5.006302274,7.085802995,5.063650297,5.437707722,5.748257135,5.545868671,5.583696923,5.2137341,5.775017877,5.647886955,3.755310086,5.392270139,5.250340026,3.7569301,6.280686007,5.826177649
5.735417786,5.142789353,5.109503286,4.100462209,5.067054546,6.525788539,5.652681835,5.951558392,0,5.736099586,5.737878059,5.927274959,4.618773298,6.531211063,5.053759458,6.995460423,5.709129838,5.85280084,4.571532598,4.645598279,5.303390038,6.489622553,5.335219977,4.466247785,4.914776016,6.22361946,6.566353716,5.886818362,5.081338255,4.293792956,6.410879697,4.961677961,5.20372902,4.723886587,4.995623746,5.790722912,6.457698137,4.653967572,6.492910133,5.240383045,5.877499887,5.94198749,6.508431714,6.061963024,4.528512746,6.008186746,6.472310046,6.435376738,5.201143227,6.425645025,6.36602723,5.373978283,4.79545302,4.756247889,5.636052835,5.492798173,5.452658567,6.380762328,4.517460748,5.053472704,5.641503692,4.240164564,4.520641168,5.238288303,5.759814401,6.21535674,5.756969493,5.144963759,5.288464937,5.680723679,5.520498244,4.853150217,5.380041077,5.820439353,6.077848072,5.200063339,4.65317092,4.564338027,4.343316964,5.776562683,4.586115384,3.498084144,5.102469778,5.706802512,5.406388134,7.24839784,6.351367799,5.212448572,5.391199337,5.304364371,5.08719782,4.859758265,5.817988771,5.863259562,5.903279656,5.086358328,6.266677046,5.742734399,5.678581249,6.104562477
6.254208189,5.98104932,4.332527219,5.945907177,5.60987542,6.12674371,6.304847035,5.893324613,5.736099586,0,5.612474294,6.723637747,5.044533784,4.259128577,6.1517274,5.741440583,6.068619097,4.825899607,5.159522778,5.987214612,5.386065613,6.037417939,4.884870912,4.805208375,4.916719913,6.723515394,5.574866396,4.220486683,6.442026207,5.791356985,6.02311978,5.602516794,5.317464789,4.596476569,5.876593475,5.718747255,5.864341118,4.208295512,7.000285932,4.477917112,5.129652627,5.366747446,4.946976004,5.776375206,5.741928533,6.004203947,5.445702539,4.997381048,4.911730647,5.823118711,5.933440748,4.256559598,5.466224617,6.116835582,4.373681392,5.212025152,6.138113232,5.088519121,5.215924429,4.786132836,6.994886926,5.084287909,5.558064767,5.237792394,6.160785802,6.027618496,5.963781994,5.057398765,5.350438099,4.676238095,4.773413763,4.890724085,5.09432422,5.557311091,7.077169012,5.310718735,5.932295653,4.630577134,6.214381334,5.523986218,5.923573607,5.114637758,6.350490373,6.597588886,5.344238415,5.838950608,6.403262472,5.914172369,4.802375895,5.51236644,5.718169851,5.607283474,5.64906357,5.659263773,4.891092243,4.735850945,5.133364164,5.683017122,6.189034926,6.086752773
4.530242573,5.108182897,4.341501075,5.944963033,4.923375238,5.273827601,6.456125805,5.029935782,5.737878059,5.612474294,0,4.846714429,5.263759211,4.979948887,4.686896515,6.408288205,4.493703385,4.78997381,5.13012793,5.505332898,5.725902913,4.520244486,4.458595747,6.013974811,5.360257636,6.709960157,5.555359004,5.083954567,5.251904251,5.341124516,5.703362571,4.169721345,4.559370019,5.947616229,5.478001803,6.102030292,6.799672681,5.54853259,4.872936034,5.212347678,5.234982447,4.98911905,5.869990025,3.700500498,4.910586127,6.15135586,5.181820836,4.888504376,5.927562515,5.102996069,4.530416545,4.66169906,4.329384776,3.734350176,5.679213733,5.044246696,4.648485524,4.075531402,4.617358802,3.883996394,6.788334725,6.086944992,5.510865521,5.027140476,6.399014587,4.98926547,4.693406604,6.183518742,4.72724549,4.372108067,4.26162909,5.169741798,5.540799212,5.020586237,6.318087251,5.379247054,6.969313647,3.905498116,5.400976084,5.297512424,4.810352177,5.010936837,5.088326885,5.013775088,4.627446021,6.082705221,4.50866019,5.240922429,5.293622399,5.159448866,5.436037929,4.854244166,4.644958412,5.475399067,4.943780796,4.900634035,5.367101417,5.239550392,5.044816573,6.236215689
4.375089772,4.537306472,5.416648314,4.701975939,3.185239889,4.82257761,6.227719368,5.4979317,5.927274959,6.723637747,4.846714429,0,5.433286082,5.520672817,5.074893157,5.94730839,4.846705429,5.092854489,4.925702562,5.539945703,5.181918266,5.173986386,5.162727905,6.908322507,5.192521184,5.279255771,6.492767435,5.605182915,5.622066615,5.941378294,5.663907175,4.343244651,5.745598614,5.753044408,5.096648025,6.228046181,7.520474072,5.561801278,5.490157411,6.150034681,4.745225781,5.040369728,5.709894759,4.087740003,5.199828171,6.877360607,5.75533914,4.972575048,5.433508422,4.424352679,5.100038249,5.005956019,4.321405956,3.666983564,5.893985028,4.376789911,5.006376067,5.164037121,5.281206602,4.504667135,5.901321605,6.180451028,5.698128085,4.359454193,5.669341507,6.074481862,5.015002183,6.347903129,4.39687807,5.202409398,5.781681493,5.398961637,5.01533429,5.258422115,6.735955583,5.392186849,5.42793172,4.758460154,4.829451477,5.679502068,4.09089092,4.958277048,5.765396557,6.331275032,5.117271355,6.446821075,4.082588332,4.81497139,5.72648789,5.153750475,3.660619925,5.208848572,4.634701496,5.38504942,5.216531716,4.838361271,6.073354268,4.942313426,4.585607303,4.569144431
5.179115677,4.296181262,4.726945014,4.226830113,4.404300469,5.08844037,4.131942732,5.230492677,4.618773298,5.044533784,5.263759211,5.433286082,0,5.011062494,5.422209042,6.359712723,5.719200385,3.865054914,4.111660489,4.773946018,4.200861673,5.787896768,4.770990509,4.912537863,4.447703868,5.852435781,5.683561053,3.880741015,5.797180248,5.028730545,5.164597716,4.664078034,4.972214549,4.613115384,4.957033293,4.035855846,5.02950023,5.71568093,5.412518197,5.316154304,4.763643881,5.200313959,4.526210776,5.219248434,5.277846076,5.231070812,4.955701621,4.199810206,4.846307865,5.079094693,4.645522495,3.181618428,4.122580598,5.041721516,5.111296161,4.527593472,5.077744578,5.243547892,4.394522013,3.515080588,6.118353212,4.101457968,4.943513897,3.163250933,4.401085947,5.16603517,4.532518171,4.85756793,5.644984501,4.125333279,3.375739573,4.352987389,4.243631243,5.049918678,6.315479053,4.163775181,4.634038765,3.875010523,5.42945529,4.534336686,3.993068595,3.842142997,5.644436851,4.571280344,3.902846837,5.948419067,5.748777771,4.514335577,4.763104672,5.429648321,5.100594794,4.194429273,5.003962961,6.462304918,5.509553262,3.63872125,4.725379929,4.749571658,6.110192182,5.278606403
5.765217502,5.883468353,4.176115381,6.269957553,4.511853859,4.99400645,6.289783206,6.299991384,6.531211063,4.259128577,4.979948887,5.520672817,5.011062494,0,6.768137986,5.448755194,4.990110925,4.802727828,5.224645303,6.739198495,5.104865369,5.958109779,4.271200479,6.148157982,4.850649209,5.432354079,5.55855757,5.447739961,6.661893792,6.531893731,4.660757634,5.277943931,5.46583481,4.84166547,6.247999201,5.853536086,6.577308732,5.535792238,6.936928707,4.323385492,5.492146493,5.320136951,5.622288149,5.230880411,5.504817557,6.771440667,4.736331102,3.899562918,5.358141122,4.178902055,5.611075924,3.833792951,4.733482351,5.346264176,4.65825824,5.225743306,5.210342553,4.569662044,5.280159647,4.198009714,7.536005726,5.901141558,5.56235531,4.37151063,5.936926009,5.458887262,5.300322017,6.510118601,5.847498232,4.483437035,5.203353634,5.80557696,4.353052906,4.815482547,7.049078003,5.71643752,6.377796295,3.765026661,6.762245516,6.364114141,5.653223626,5.380755934,6.000003324,6.74336183,4.792015591,4.901987005,5.788482839,5.518674174,5.31828337,5.076719977,5.429514411,6.317810129,4.989117087,6.341138642,5.183263617,4.97509013,5.133854478,6.038405866,5.482267633,5.849014999
4.571920881,4.21821156,4.401606305,4.727054756,5.519449328,6.434797287,5.256785466,5.005329693,5.053759458,6.1517274,4.686896515,5.074893157,5.422209042,6.768137986,0,6.753183042,5.006821118,5.245417069,4.241604816,4.509993464,4.695920425,5.424910711,5.41601023,4.791034067,4.568339067,6.219457204,6.354086937,4.879684257,4.61017198,4.676258341,5.79750257,3.742694981,5.161181116,5.531649396,4.469390049,5.148224071,5.693431978,5.014639712,4.102961997,5.985745487,5.076019155,4.739745048,6.427805978,4.611847562,5.097117484,5.906356572,5.726077197,6.276114999,5.67585416,5.063738218,4.42297972,5.202935952,3.930402454,4.586104562,5.409799891,5.311570473,4.316880549,4.563256923,4.337356864,5.310819754,4.641109304,6.141655916,5.214640074,4.183042254,6.067549306,5.741011844,4.582261481,4.825560034,4.047379258,4.794132147,5.449721422,5.800827489,5.209668968,4.993909867,5.513143618,5.495417765,6.183978447,4.472687091,5.524889864,4.805396836,4.143563424,4.3467098,5.938209306,5.198913198,5.048090387,6.758737115,5.888786562,3.258012494,4.561885373,5.437034489,5.588392194,3.95643651,5.226679204,4.426706705,4.869045382,5.205964118,4.978730264,4.572227133,5.019413912,6.018857883
5.280729799,6.123092057,5.573076268,6.576144288,5.521727072,5.182908699,5.820607118,6.786197543,6.995460423,5.741440583,6.408288205,5.94730839,6.359712723,5.448755194,6.753183042,0,6.058930848,5.67026895,5.735687182,6.432445633,5.60600119,5.371730996,4.63228157,6.368797209,6.500450646,6.715665138,7.075978399,5.964693413,5.716027182,7.608050309,6.684085012,5.575718408,6.592231653,5.196295627,5.650151847,5.875800527,7.376154685,5.426662035,6.392874462,5.376144451,4.396480261,6.338274966,5.836217433,5.91329507,5.601575711,5.548807652,4.1058293,4.281181006,5.806339168,5.248439941,7.063858856,4.96084022,4.267969072,5.616393934,5.356795042,4.478631029,6.315535254,5.768457512,6.371221703,5.336413104,5.607809247,5.95845089,5.158788198,5.866108929,5.899406462,6.07294645,6.006492424,5.74282634,5.90107566,4.57471241,5.849481326,4.884948319,4.899127588,5.460029085,6.60603305,6.537333922,5.383086027,5.842679151,5.287319244,6.490460263,6.197943787,6.922166612,5.875479875,6.162425872,6.214873509,5.985215664,5.131073751,5.619121907,5.566860254,5.50674615,5.660432413,7.136774303,5.466703447,5.311869423,3.77590779,5.26047669,6.13869949,5.79895816,5.516105996,6.245124912
4.269369726,5.500608102,3.660206248,5.216958858,4.240051458,4.597191183,6.186541595,5.959030635,5.709129838,6.068619097,4.493703385,4.846705429,5.719200385,4.990110925,5.006821118,6.058930848,0,5.054796219,4.787005858,5.644177651,5.635638736,3.689503922,4.681924313,5.501189704,5.504512732,5.630707312,6.075667787,5.018062063,4.61202086,5.002479944,4.367056004,4.459792914,5.199252832,4.882788629,4.176167948,5.375701813,6.532517656,5.545348665,5.873906251,5.74511267,5.485019082,5.568019612,6.006782217,4.162585092,4.433222408,6.786107376,4.660721693,4.868991399,4.972094828,4.239851622,6.054678061,4.933198805,4.348547434,3.75809285,4.910412513,5.025302425,4.018679393,3.890199301,3.989436757,5.02352656,5.995295524,4.898023263,4.925993707,3.913427569,4.779531749,3.73293073,3.936680313,6.419604116,4.783222843,4.271260759,5.964142273,5.705250267,4.389731507,4.509282444,5.792022402,5.371984371,6.056903395,4.587826049,5.136444044,5.807339587,5.059713439,4.970194806,4.542154515,5.421717555,4.00164317,6.008451713,5.226557817,5.229985087,5.049120376,3.3717298,5.769721607,4.668171686,3.504300931,4.991844387,4.897654565,4.873290208,6.129715856,5.515907528,4.78387188,5.2870733
4.955923372,4.690798368,4.237995454,5.68030529,4.466727208,4.733113874,5.60301087,5.507966136,5.85280084,4.825899607,4.78997381,5.092854489,3.865054914,4.802727828,5.245417069,5.67026895,5.054796219,0,4.378733342,4.806677331,3.431587081,4.536201284,4.066441041,4.994258011,5.204586426,6.668782241,5.213859523,3.387456382,5.67429011,4.949595036,4.526478483,4.461055122,4.301137185,5.29495089,5.460345155,4.6751478,4.978390983,4.852758535,5.553494117,6.315579513,3.251718689,5.312652472,4.28139832,3.191610228,5.565146905,5.644865988,4.894782256,3.433844314,4.793113092,4.877750313,4.093348304,3.423907748,4.224350794,5.234939187,4.606045102,4.043664271,4.303411702,4.67156717,4.31423637,4.561936516,5.72010665,4.387499276,5.047950059,3.767456397,4.611265436,5.071370489,4.043570482,6.092066761,5.239577456,3.753032063,4.779966745,5.115921018,4.156367071,3.526503871,6.185666694,4.390378081,5.370165251,3.641775469,5.665593799,4.483853902,3.908368864,4.551176787,4.455608968,5.297892303,3.403339008,5.37058809,5.1755751,4.916217906,5.393679985,4.78260954,5.044198167,4.863811876,4.412466807,4.982872916,4.947974216,4.299372651,4.236378051,5.052083911,5.962000686,5.044288133
4.135604355,3.405264272,3.412108471,4.706116016,4.703812568,5.677060528,4.805448752,4.292070402,4.571532598,5.159522778,5.13012793,4.925702562,4.111660489,5.224645303,4.241604816,5.735687182,4.787005858,4.378733342,0,4.476380774,4.165313106,4.977009489,3.895344596,5.043175446,3.848247524,4.547620194,6.647574188,4.338492918,4.878243847,3.930492208,4.581654839,3.867062305,5.338158469,4.361118043,3.961068768,3.92860634,4.552743359,4.555713017,4.698884507,5.566576916,5.272915078,4.938104788,5.483719096,4.821639876,4.502235863,5.365640207,4.376326778,5.02526568,5.630127404,4.888460093,5.11043189,4.809239429,3.202782039,3.8883413,4.945955791,4.615955841,4.623898725,4.98198987,4.48998434,4.985300074,5.354362797,4.949069627,4.985915511,3.714025525,4.94911668,5.15072536,4.531904891,5.229881865,4.753641864,4.048326067,4.283253161,5.202513021,3.173693786,3.740038221,5.488824104,4.413911667,4.90632948,3.674092082,5.046708227,4.363267875,3.33448712,4.029475575,5.924107729,4.811669163,4.017852508,5.814240559,4.958716797,3.260013027,4.370344614,4.477317998,4.738550569,3.57069564,4.851816049,4.462785817,3.558254883,3.666174076,4.248753108,4.86494253,3.913258294,4.362993819
4.300639608,4.576612994,5.300297311,3.887481503,4.778006235,5.785291695,4.442353988,5.227104659,4.645598279,5.987214612,5.505332898,5.539945703,4.773946018,6.739198495,4.509993464,6.432445633,5.644177651,4.806677331,4.476380774,0,4.371080726,5.135394007,4.094252005,5.358822292,5.065589183,6.852093689,6.394655145,4.833465193,3.137564207,5.145388119,5.492035749,4.234770731,5.152849961,5.578477138,4.41879097,5.424802994,4.531032362,5.390772475,5.515417943,6.072756361,4.671708891,4.866685788,6.539577524,4.444052008,5.661028967,4.356013241,6.431597114,5.290492147,5.629316804,6.400480053,5.433526275,5.220572837,4.497553969,5.026462626,5.000083306,4.12457648,4.257488481,4.843050048,4.257081532,5.008880236,5.408917637,4.894682489,5.126249008,4.853618188,4.980344053,5.78375521,4.078920677,5.311473066,5.294746801,5.254886014,4.703177729,5.021834916,4.520083475,4.965295732,5.175024286,4.327783169,4.534931554,4.403697875,4.686155515,5.359475267,3.101914316,4.526077881,5.611512718,4.744488069,4.462331101,8.28849831,5.507247013,5.161294019,5.017250915,5.155186299,4.879384072,4.48094188,4.744225098,5.770341205,5.062844271,4.562649156,4.724917165,4.970144157,5.279618755,5.640403641
5.577458025,4.790545535,4.414774687,5.140566943,4.205231129,5.334346016,4.675188262,4.932134373,5.303390038,5.386065613,5.725902913,5.181918266,4.200861673,5.104865369,4.695920425,5.60600119,5.635638736,3.431587081,4.165313106,4.371080726,0,5.648396968,4.033646561,4.492674241,4.960290409,5.789029567,5.029659124,4.690556732,5.418146878,5.789314472,4.458563442,4.17756198,5.422628466,5.056079259,5.235011568,5.321573881,4.511840385,5.129683253,5.992725835,5.953610701,4.094071728,4.002744842,5.439681898,4.48494403,5.134218388,5.305820709,5.487888737,4.226474529,4.590610777,5.169435529,4.696090694,3.821780755,3.181643507,5.450542375,4.986547968,4.128422258,4.570931589,4.420179941,3.608689622,4.683455364,5.537443595,5.446801454,4.546917892,3.486874044,5.26144704,5.45619739,4.244754216,5.592533768,5.322440879,4.73014471,5.41234972,5.79642286,3.7565731,3.611803882,5.716430189,5.075664695,5.095153037,3.257725146,6.20444233,4.593001613,3.674595347,4.406242441,5.375206227,5.344392036,3.690519832,6.085791703,5.722850245,4.201618995,5.364396531,5.149263171,5.26483684,5.532583214,5.191397224,5.551594905,4.619913869,4.845205208,4.065315308,4.271893915,5.690750314,5.764009963
3.661167392,5.075359879,4.797657845,6.306149789,4.927265826,4.913441341,5.90197517,5.432414478,6.489622553,6.037417939,4.520244486,5.173986386,5.787896768,5.958109779,5.424910711,5.371730996,3.689503922,4.536201284,4.977009489,5.135394007,5.648396968,0,4.503610314,5.470465494,6.076084593,6.793201006,6.856150671,4.460316618,4.428165401,5.301478116,5.460555587,4.667757644,5.206437899,5.616050916,4.295696008,5.595429686,6.09107212,5.415573395,5.841421779,6.389338428,4.35898,5.998418072,5.463550844,4.291108769,4.40245063,5.771279057,4.565324334,3.86246446,5.121555683,5.772713443,6.518518486,5.141891685,4.62915037,4.578503999,4.847239675,4.761188902,5.372031485,4.038399172,4.923577208,4.81717119,5.558578387,5.008048592,4.741979275,4.921667546,4.880232934,3.836915823,4.376391317,6.48836548,5.818918886,4.533091629,4.915922147,4.991382064,4.628333086,4.695359505,5.230590834,5.201868264,5.747086,4.947843323,5.042597081,4.347134774,4.685283051,5.942446074,4.98666337,4.430441848,4.303506136,6.047019753,4.450801483,5.850835725,4.965951387,3.843767395,5.412810687,5.162665324,2.747034236,4.806149113,4.254587855,4.375735745,5.709802113,5.509384154,5.251502355,5.495196208
4.3054437,4.744538949,3.930460811,5.230511122,4.242681795,4.217283287,5.100641087,4.924394385,5.335219977,4.884870912,4.458595747,5.162727905,4.770990509,4.271200479,5.41601023,4.63228157,4.681924313,4.066441041,3.895344596,4.094252005,4.033646561,4.503610314,0,5.501098658,4.875040136,6.067783073,5.989138153,4.819267162,4.095282744,5.177618296,3.554285405,4.210232523,5.037182207,4.54202145,5.242988826,4.802298796,4.839323515,4.876881292,5.228433731,4.677250544,4.117491759,4.535936026,5.380073754,4.319590973,4.82948353,4.840807913,4.915674981,3.719100323,5.802507023,4.894072784,5.040251336,4.404026604,3.180625578,4.128301502,4.407011532,4.23330738,3.757780635,3.969364983,4.04070633,4.053250826,5.942021884,4.63961922,4.310327977,4.576210429,5.87780344,4.94191852,4.458683642,5.302859959,4.582274464,3.219159574,4.306963843,4.495473731,3.324834582,3.439152673,4.797651816,4.66378539,4.610183676,3.244543839,5.437034539,5.383565943,4.015523596,5.022642833,5.336664666,4.350533684,4.066334155,6.058538826,4.847124777,4.860061828,4.28377228,4.67245607,4.440533981,5.133116491,3.838052044,4.942334861,3.358400781,4.157775495,3.981100334,4.642781699,5.000917026,4.771974425
5.882273593,5.662257382,4.5911396,5.862625475,5.958616663,6.944273327,5.632536863,5.951260982,4.466247785,4.805208375,6.013974811,6.908322507,4.912537863,6.148157982,4.791034067,6.368797209,5.501189704,4.994258011,5.043175446,5.358822292,4.492674241,5.470465494,5.501098658,0,5.45618615,6.844158739,6.740293804,4.296159787,5.636703598,4.423894105,6.211605669,4.556004156,5.305660546,4.032965053,4.545958986,5.755817178,5.008764972,4.365426626,6.446893214,6.129505906,5.090218489,5.806695295,5.545823575,6.118084469,4.861228947,5.785902672,5.604709399,5.435781119,4.041724301,5.837704786,6.657536972,4.35440871,4.789325448,6.221011919,4.524448922,5.728064408,5.623652031,5.136839093,4.402079243,5.013372598,5.004648739,4.780464826,4.30392791,4.7652821,5.221099165,4.512492803,5.039578329,4.703175378,6.342252042,5.264039604,5.565091779,4.883867811,5.415056782,5.009680902,6.128692499,4.793894893,5.709871096,4.306168597,6.235845083,4.55588875,5.575749851,4.738395499,5.169786926,5.338658583,4.986697368,5.940563395,6.434781374,5.401736325,4.782682894,5.164820348,6.124729685,5.946208141,5.394915862,5.258304657,5.553966835,5.154706571,5.196056493,5.915440502,6.360809814,6.171750171
4.192541868,4.194899587,4.471966037,4.333445132,5.434879435,5.60272387,4.735767007,5.123661385,4.914776016,4.916719913,5.360257636,5.192521184,4.447703868,4.850649209,4.568339067,6.500450646,5.504512732,5.204586426,3.848247524,5.065589183,4.960290409,6.076084593,4.875040136,5.45618615,0,5.772074953,6.878688173,4.822751794,5.41830077,4.774200399,5.214474836,4.778755743,4.403448637,4.159102066,5.206163722,5.050511587,4.900214791,5.127875935,5.072063785,4.472590551,5.415465686,5.620704926,5.921289336,5.52417853,4.86112935,5.201688256,5.24202703,5.748117277,5.08530868,5.178795006,4.668323194,5.119665274,4.498214124,4.773074027,5.140907102,5.569749114,4.615364599,4.82464769,5.27385874,4.192576864,5.403931461,5.423222227,5.433894896,4.067370562,5.431319697,5.989739298,5.454300733,5.514827541,5.141027749,4.525218055,4.783144216,5.464281797,3.642780155,5.280616929,5.890812187,5.384813857,5.52562999,4.335734201,5.464213595,4.777034008,4.089525481,3.922462595,6.207040737,6.416668276,5.639098512,6.42651939,6.627206952,4.266635624,3.911638697,4.293019074,4.530911027,4.465725206,4.778634432,4.706291849,5.002182011,4.968858506,4.112393986,4.745718205,5.287659842,5.60089835
5.952925236,4.511944299,4.370843692,6.227023357,4.91225518,6.293716757,5.734580976,5.561262494,6.22361946,6.723515394,6.709960157,5.279255771,5.852435781,5.432354079,6.219457204,6.715665138,5.630707312,6.668782241,4.547620194,6.852093689,5.789029567,6.793201006,6.067783073,6.844158739,5.772074953,0,6.977208477,6.8382578,7.093779763,6.470523012,5.74261792,5.390637485,7.621299898,5.63874766,5.919148131,6.210262022,7.3551855,6.197626007,7.579584939,5.947775369,6.624334297,5.755409419,6.637481471,6.60608246,5.167831032,7.682602229,5.811507097,6.009597083,6.394419435,5.222006476,6.580170491,5.768442823,5.261484498,4.930664752,5.879401464,5.368399466,6.050933535,6.569545477,6.085635694,6.18111864,6.843396205,6.873443341,5.589069814,4.484407687,6.447791672,6.352090722,5.554047359,6.232745628,5.94881991,6.129510041,6.06908608,6.997652679,5.28031525,6.522337159,6.595065022,6.385650406,6.069441118,5.186995985,6.683231703,7.124981719,5.17655635,5.531649821,7.74090596,6.883288235,5.044550232,6.446542965,5.324011185,4.705239456,6.121332344,6.190224295,5.667049796,6.194774135,6.239775242,7.139187515,5.392915557,5.53414774,6.51789443,6.364760908,5.020397564,5.73357061
7.341805786,6.539219487,5.225308572,6.248733854,4.728716192,5.537659526,6.811301517,6.333477876,6.566353716,5.574866396,5.555359004,6.492767435,5.683561053,5.55855757,6.354086937,7.075978399,6.075667787,5.213859523,6.647574188,6.394655145,5.029659124,6.856150671,5.989138153,6.740293804,6.878688173,6.977208477,0,6.381850669,7.004074642,7.924651875,5.931771769,6.075289428,6.205035103,7.017577728,7.081847934,6.83800026,7.613428144,7.008063542,8.003191739,5.600407817,5.997304525,4.859653123,6.333805607,5.103468375,6.050674325,7.370148424,6.365870986,5.558350449,5.82402708,6.582016541,5.437261827,4.928055385,5.610498878,6.29006898,6.417836773,5.134134074,5.999465953,5.730038226,4.878492372,5.704036039,8.402650542,6.366329394,6.404884991,5.263193566,6.936801047,6.621010574,5.420125192,7.241828461,5.254696398,5.842404896,6.511403599,7.129388419,5.920898763,6.394876611,7.160112403,7.381137407,7.404740959,5.22704637,6.662404414,6.883490358,5.778428961,5.21542086,6.489883692,7.14803429,4.759634638,7.378907741,6.905149465,6.356023083,7.041522119,6.554413575,7.082998648,6.074579456,6.575107863,7.576138639,6.201004304,6.525746735,7.236048075,5.480645734,6.963084348,8.088179672
4.453783376,5.081853579,4.212953093,5.008708635,5.042166769,5.470065735,5.69298491,5.036724225,5.886818362,4.220486683,5.083954567,5.605182915,3.880741015,5.447739961,4.879684257,5.964693413,5.018062063,3.387456382,4.338492918,4.833465193,4.690556732,4.460316618,4.819267162,4.296159787,4.822751794,6.8382578,6.381850669,0,5.761642478,4.49544693,5.215397709,4.296166563,5.071804514,4.432089444,3.871652077,4.589114087,4.271366918,5.036188923,4.763235402,6.317488344,4.235244129,5.067503485,3.943897346,4.632388004,5.667251956,5.037391469,4.600773513,4.152422977,4.579199472,4.980577536,4.916469738,3.540121297,4.696760319,5.191633512,4.816883719,4.704414359,4.874554102,4.136162475,4.426730658,4.350825883,5.374189746,4.622809995,5.694880416,3.796236592,4.316778263,4.398451063,4.120125494,4.687396144,5.488478272,3.980931868,4.385329945,4.181925703,4.592085698,4.23283846,6.591561227,3.902249273,5.658386874,4.553970718,5.596391831,3.876168762,5.020712805,4.823609201,5.405432673,5.037160892,4.440913652,5.708191462,5.259210512,5.337246666,4.366430575,4.444761911,5.219811681,4.309119917,4.463430909,4.636682919,4.877728531,3.714881652,4.033960554,4.836274755,5.88741807,4.290585317
4.284314171,5.387612337,5.477622907,4.44902579,5.373458462,5.518277058,4.570968027,6.081492686,5.081338255,6.442026207,5.251904251,5.622066615,5.797180248,6.661893792,4.61017198,5.716027182,4.61202086,5.67429011,4.878243847,3.137564207,5.418146878,4.428165401,4.095282744,5.636703598,5.41830077,7.093779763,7.004074642,5.761642478,0,5.432017075,5.936557879,4.793416365,4.881974298,5.380035712,4.485460179,5.672129078,5.904350381,5.237192656,5.295539234,5.76448154,5.152832129,5.689025063,7.081052795,4.543287326,5.309516506,4.991885574,6.105336373,5.61353643,5.566994951,5.83899743,6.458609779,5.863626936,4.013198684,4.705330436,5.13175431,4.480897615,4.720594569,4.37172827,4.518667712,5.088577087,5.413915211,5.080647138,4.539521514,5.279848164,5.164863429,5.401820524,4.89763047,5.82745089,4.966582269,4.774243231,5.208642084,5.069580686,4.632103395,5.240934455,5.295946584,4.849309918,4.726929655,5.006349226,4.333874847,5.708424912,4.182498357,5.467594103,5.019379752,4.524924238,4.878001376,8.175587822,5.776272629,5.052853376,4.849361881,4.881329487,5.822884974,4.935158001,4.336711576,5.437135326,4.695997919,4.999430487,5.698087025,5.090533628,5.01415801,6.359416779
4.942084536,4.668934786,4.421759793,5.570625988,6.056583732,6.677758591,6.254716627,5.53217324,4.293792956,5.791356985,5.341124516,5.941378294,5.028730545,6.531893731,4.676258341,7.608050309,5.002479944,4.949595036,3.930492208,5.145388119,5.789314472,5.301478116,5.177618296,4.423894105,4.774200399,6.470523012,7.924651875,4.49544693,5.432017075,0,5.588428592,4.831125829,4.913425175,4.560803289,5.04360708,5.442690996,5.200007162,4.388932752,5.397256183,6.827223621,5.61755776,6.436122664,5.681216239,5.550446826,5.251355687,6.410903302,6.340423,6.235154588,5.701888218,5.689594927,5.871002574,5.727564409,5.292269732,4.840872555,5.387438995,5.994300894,4.850801278,5.746082232,4.988371014,5.479884469,5.284099477,4.669543359,5.121122662,4.994426433,5.750398379,5.237818323,5.350118866,5.534445094,5.551909534,4.91109463,5.290243079,5.029803562,5.492727834,5.169075549,6.123868074,3.878278879,5.502598018,4.598500264,5.767413995,5.026466275,4.750605233,4.528369757,5.58391358,5.358417619,4.936141779,6.550856188,5.951509954,5.327915669,4.795587552,5.157103597,5.306809996,4.528557285,4.990002867,4.757361354,5.804093603,4.958560309,5.065745162,6.084014832,5.975473321,4.605903676
5.130313394,5.003385536,3.762235819,5.794325026,4.391707395,4.703702847,6.011162056,5.616068386,6.410879697,6.02311978,5.703362571,5.663907175,5.164597716,4.660757634,5.79750257,6.684085012,4.367056004,4.526478483,4.581654839,5.492035749,4.458563442,5.460555587,3.554285405,6.211605669,5.214474836,5.74261792,5.931771769,5.215397709,5.936557879,5.588428592,0,5.146212133,5.77780194,5.231413258,5.975113054,4.721543277,4.832433229,6.472930066,6.242472904,5.803105462,5.348793616,4.825863388,5.852616867,5.282281657,5.265362518,6.416334342,5.419509878,4.593082288,6.432930271,5.03808667,5.040154008,5.044535778,4.625088192,4.908557523,5.26300407,5.713084777,3.406175246,4.601082737,4.527054485,5.398194616,6.882167531,5.363474402,5.608808263,3.881466128,6.325605208,5.135785543,4.125336887,6.476900535,5.305878979,4.152596673,6.002737019,6.2946664,3.699714607,4.087964621,4.726980847,6.059737266,5.943135856,4.12844984,6.989484813,6.204616114,4.721361555,5.180165292,6.640958613,5.797529908,4.133555227,6.115598238,6.38204335,5.448568061,4.7341019,4.998292567,5.339225308,5.163713046,4.07335577,5.826838903,5.142377029,5.446528862,4.887809375,5.345599633,5.979929888,5.027615024
3.743429168,4.027128267,4.15685025,4.636346142,4.211376318,5.395821038,5.380234162,4.320934438,4.961677961,5.602516794,4.169721345,4.343244651,4.664078034,5.277943931,3.742694981,5.575718408,4.459792914,4.461055122,3.867062305,4.234770731,4.17756198,4.667757644,4.210232523,4.556004156,4.778755743,5.390637485,6.075289428,4.296166563,4.793416365,4.831125829,5.146212133,0,5.786024109,4.732802795,3.667895371,5.253042508,5.505974374,5.314401332,4.563747157,5.465633388,4.723644079,4.901455695,5.182644075,3.969709281,4.956252181,6.12304581,4.450881653,4.791711514,5.329270376,4.521547763,4.6339821,3.770795463,3.43773882,4.524736607,4.109665274,4.710933177,3.581154739,4.474803307,4.053392793,3.845189849,4.909887794,5.175826413,5.113825133,4.11605996,5.055667165,4.173088247,3.675890247,4.921340714,4.820898982,4.370431458,4.556586795,5.006616363,4.114605013,3.773399314,5.851882102,4.342962159,5.883879186,2.796348087,5.192519624,4.647203621,3.728208585,3.342861037,5.32222032,4.800298245,4.519074606,5.879469886,3.984824595,3.93534114,5.14495646,4.791793998,4.225540354,4.745128131,4.752070975,4.580700581,3.965372855,4.084159617,4.814930285,5.261119148,4.524078911,4.365665295
4.935297985,5.170218256,4.978541176,5.637580851,5.561386064,5.978756941,5.922053261,6.786274174,5.20372902,5.317464789,4.559370019,5.745598614,4.972214549,5.46583481,5.161181116,6.592231653,5.199252832,4.301137185,5.338158469,5.152849961,5.422628466,5.206437899,5.037182207,5.305660546,4.403448637,7.621299898,6.205035103,5.071804514,4.881974298,4.913425175,5.77780194,5.786024109,0,5.045549341,5.883560331,5.699266194,5.982697937,4.683296477,5.742932812,5.6470793,4.816569436,5.826680976,6.279415714,4.729494976,4.890307992,5.076807415,5.803765592,5.043381076,4.803765434,5.524508672,5.616935992,5.238719534,5.062038594,5.107671955,5.630128576,5.197999527,4.937644052,4.886165093,5.570447831,4.806510444,6.346147751,5.198603036,5.364395779,4.961821362,5.262635901,5.718488252,4.933309056,6.705919609,5.532880882,4.64811594,5.440338452,4.818023238,5.31818824,5.488930178,5.897283469,5.500964582,5.90237783,4.899500232,5.109181154,5.472895936,4.807834301,5.220688108,4.684647452,6.409090008,5.008416438,6.961290728,6.593802208,5.692800233,4.313055126,4.741721588,5.580439633,5.236853153,4.306000008,5.139531679,6.177144232,5.819501512,5.355339776,5.58467239,5.605404141,6.852270659
