0,5.881015303,7.221161674,5.826178853,6.976193113,5.819598467,5.060610896,4.618611651,6.417908715,5.628834095,5.846321838,5.361310305,6.22638128,6.48822197,6.852758417,4.934631454,5.566328118,4.603764082,5.048377063,5.481503752,6.404010183,5.399187617,5.448942029,4.75722424,5.217706139,5.838651801,5.022785399,5.727844328,5.449374015,6.147586013,5.504301652,5.183005398,5.221655791,5.811017606,5.384017165,4.546833662,5.92471211,5.942602358,5.518285434,4.040283356,6.179604818,4.904418835,5.994455345,5.523622569,6.334110037,5.703103402,5.425857788,4.44034256,7.416121071,5.82922076,6.367658399,6.849557619,6.29546475,5.295202728,7.072202966,4.527920701,6.724062963,5.512428509,4.852283872,5.665161094,6.177303604,8.545097336,4.783301441,5.467005043,6.903069446,5.202299346,4.48738597,5.651524124,4.35709348,5.254277356,5.458929759,4.595081525,6.664534511,4.176930898,4.951383384,6.371471557,4.955570906,6.521076203,6.449902161,5.331906612,6.912592521,5.297164009,6.202298344,5.647574069,5.902090566,6.281606072,6.298440137,5.198072244,5.071149045,6.244761817,5.344051752,5.841238635,4.517251897,5.477202578,6.834586881,4.956716203,4.689924537,5.236515331,6.160404061,6.629585104
5.881015303,0,8.504101761,5.937702675,6.424584641,7.124306011,6.190398417,4.257629612,5.01873498,7.54091036,7.072822701,4.21446718,6.922238025,5.280460678,6.937380357,5.082667502,6.423393995,6.637867869,6.278033499,5.96999636,5.559841634,6.721176722,5.993601539,5.436188283,5.786502907,5.990531212,6.152514857,6.955946278,5.416799537,6.805698861,6.806262007,5.855953594,5.277644301,6.616434555,6.949831362,6.065277992,5.876375987,6.383920121,7.682157628,6.206684225,6.780987928,4.86605054,6.930266589,6.509880957,5.323228797,4.992742537,7.866768722,4.935097011,6.789664287,5.410461515,5.752853441,7.834162255,6.976744232,6.686102327,5.439411333,6.590025783,8.061888012,7.227173987,5.889672621,4.861014645,7.862442528,8.261000735,7.635782687,6.392147279,7.810296506,6.002961065,7.161196462,4.775552547,5.363081458,6.313230957,5.077154189,5.435609213,6.893782531,5.294242342,5.49323943,4.883197709,5.762792268,7.263456906,6.096019149,6.182970968,7.707234583,7.113928881,5.46583706,5.287971042,5.832387904,5.413620569,6.791331062,5.23304267,5.934905019,6.209078337,5.953546191,7.478731929,6.147794573,7.156193262,7.624347478,6.028333209,6.434079751,4.818915834,6.959695811,8.120212958
7.221161674,8.504101761,0,8.372819452,6.86786209,9.202489659,7.528419918,8.063334714,7.481968588,6.394468977,7.66616935,6.678177087,6.600842556,7.954824161,6.534836065,6.950112729,6.561082766,8.145120975,7.219071512,9.669423385,7.336478352,6.547718001,6.927914936,7.352477442,6.936766679,7.323276428,7.200909143,6.021654601,8.06303587,7.125718116,6.152066668,5.336159073,6.893284235,6.740505623,7.002224824,6.385909425,6.994985458,6.562610086,6.895083788,7.591667539,8.044515792,7.540754442,6.217319798,7.016979709,7.608323649,7.323522503,7.644499447,5.712870699,7.321940591,6.563733822,7.464354302,7.536800132,7.508939402,8.851785273,8.470707719,6.611496852,6.695342992,8.117876295,5.614639429,7.702095408,8.047028524,7.758192078,5.98425881,5.655604226,7.825281737,6.254786593,6.090620815,7.299667799,7.967632036,8.049241543,7.991331617,5.909108406,6.603039807,6.241576172,7.541934724,7.898176047,6.539423676,7.838383862,7.221704361,9.189167316,5.945041849,7.837916659,6.305946413,7.713263902,7.234432103,6.215579883,7.838645765,7.606000299,6.570905153,6.459207603,8.881029451,6.322899082,6.780417945,5.55916133,7.494222685,7.554147433,6.425429545,7.172531014,6.658136854,6.930751228
5.826178853,5.937702675,8.372819452,0,6.14073858,7.888221193,4.950936303,4.72644135,5.497831724,6.384073212,7.259548508,5.86909632,6.469414728,6.249324615,6.969766306,5.652692665,6.154374843,6.744365929,5.693522485,5.305704273,6.117634012,5.230669916,5.996394246,6.116464162,6.572825302,7.323668362,5.845961437,6.46101449,5.254785026,7.021138033,7.435456234,6.082478589,6.779381034,7.514175517,5.577945455,6.749567734,6.615978266,5.342532867,6.457566084,6.082980556,5.55918339,5.390282684,5.478831114,7.210720536,7.414731949,6.085168212,8.186462265,6.624783549,8.954511458,6.910115335,6.955786172,6.341867616,7.437264697,6.105035895,7.299512094,6.694640308,7.653375205,6.460599902,6.758702283,6.972862932,7.698007385,8.610705601,7.206051818,7.110938896,6.704795337,6.271587558,7.476131764,6.589389154,5.8280426,7.284258476,5.81148298,6.326029674,6.176121167,4.324745273,6.373541137,6.903418022,5.773866015,6.880840814,7.689488341,6.5200236,6.58281324,6.332840589,7.025997422,5.920135857,5.816950151,5.254527603,6.342878278,6.407495372,6.793799866,5.918481648,7.194712779,7.47075237,7.366320655,6.219731957,6.611772734,7.95496971,6.16597881,5.517576218,6.975435939,7.299257742
6.976193113,6.424584641,6.86786209,6.14073858,0,9.200209747,5.828169934,7.39801254,6.224072146,6.959098364,7.646580701,5.362221379,7.042728754,7.134249835,7.149663056,5.97879608,6.069211817,8.426465634,6.163456539,8.064110102,5.976021082,6.859372824,5.395428896,6.267096551,6.585594972,7.678666927,6.958594485,5.67495862,7.060787308,5.513781107,7.455866107,6.859034288,6.439728927,6.779838839,5.635446375,6.159805044,6.662391699,5.330869362,7.202294822,7.157568794,6.531275322,5.500529632,6.468975402,7.949719831,7.465060164,6.354272332,7.991147097,5.68212606,7.985677925,6.345131055,7.927941808,6.602454592,8.139021174,6.493588929,8.131381999,5.553956268,7.232277631,7.295178149,4.918971573,7.136716689,7.657677148,7.515407006,6.71035265,7.170334793,8.075338581,7.081054618,7.393673003,4.994301185,6.428598541,7.681187139,7.587543277,6.546442692,6.324090086,4.648983385,6.612162899,7.606046963,6.13269143,6.954218477,6.634915827,7.690582164,6.853965097,7.633483024,6.430885923,7.037087362,5.145938897,5.275538096,7.771279836,6.880883741,6.254091173,4.337000058,6.541047136,8.533216152,7.183501102,6.33240008,7.672240308,8.49784669,6.87500832,6.123511624,6.829121944,6.342495307
5.819598467,7.124306011,9.202489659,7.888221193,9.200209747,0,5.812123769,6.589888191,8.257935236,7.498103786,7.283142614,6.705783569,7.304949128,7.918637756,8.309046411,5.59039321,5.909062474,5.491235058,6.174983731,8.320203988,8.720961333,7.089566785,7.065706441,5.915240353,6.292539646,7.011896274,6.912923926,8.298271611,7.614928637,8.071662758,7.862419431,7.040757406,6.124625525,7.389539778,7.557284576,6.463424476,8.286180034,7.213401868,7.36712455,5.58875117,8.491256015,7.003047311,8.278256526,6.73943883,7.023900433,6.205780545,6.179823572,6.469315557,6.901143226,6.950361208,7.576844318,9.090017134,6.534288222,7.238671688,6.173772023,7.742136503,7.121847164,7.48793218,7.352891802,5.765843767,8.611119512,7.660390118,6.993852594,6.852135079,9.170684724,5.324725333,6.667018317,8.057025739,5.704616692,8.182146009,7.424333418,7.203822378,8.394176303,6.281147112,7.973085101,7.600480393,6.526660609,7.196233927,8.332506285,5.814902516,7.576854392,5.492926781,7.427186414,6.862992829,7.288040438,7.776963588,6.536401245,6.362497428,6.92889999,7.129715147,8.268313763,6.827943006,5.362798653,7.677247475,8.07148931,5.796018024,7.754271032,6.165540694,6.252438547,8.462300496
5.060610896,6.190398417,7.528419918,4.950936303,5.828169934,5.812123769,0,4.880998742,5.794261083,6.158195631,6.385753847,4.663672446,5.380148208,6.442696286,6.349908709,4.114923771,5.541708956,6.055174194,5.276438306,6.195212953,6.656722175,4.920904786,4.727563475,4.501855704,6.232816801,6.480997966,5.186512415,6.538019907,5.172089971,7.030483783,6.294668346,5.415248125,4.917714097,5.888971536,5.612342214,5.788921611,5.79946909,4.111283351,5.168713638,4.320606892,6.068901693,5.783002188,5.713070043,5.485545022,6.096334797,5.458547448,5.620920909,4.46343167,6.41623114,6.059909282,6.33560244,5.911905089,6.859565027,4.779081476,5.431497931,5.458144568,4.732654205,4.919076939,4.891801318,5.178418872,7.499964575,6.28065601,4.864649655,5.236333641,7.230448859,4.579829507,6.331558325,5.455619729,5.189266908,6.245203468,6.347427499,5.886910507,6.348618523,4.253486075,6.717930073,6.562472136,4.445153891,5.565584267,5.541743287,6.439295631,5.580881991,5.04092922,5.5408095,5.548956477,4.126619857,6.022724428,4.798757252,5.657036017,5.378663938,5.502714202,6.669693189,6.756697096,5.543659157,5.876983942,5.423294548,6.874331695,5.640459933,5.00040082,5.454084773,6.537335282
4.618611651,4.257629612,8.063334714,4.72644135,7.39801254,6.589888191,4.880998742,0,4.928072985,6.856933413,6.335104989,5.082856779,5.776958822,5.585693043,6.819895065,4.852473346,6.612880038,5.644679882,4.819684508,4.704447122,6.722334784,5.453573144,6.1399201,5.340793133,5.694955874,5.705910503,4.980549026,6.522479846,4.59727158,7.631769093,5.881645794,4.808783864,5.628428134,5.623426826,6.73465718,6.033204366,4.852756977,6.101480574,6.163457747,5.377418308,6.336410057,5.310239272,6.12998465,5.521378812,5.202718675,5.279443332,7.1523653,5.023568707,6.684430116,6.043765808,5.588094103,6.546887099,6.931825077,5.286525261,5.758770675,5.926363091,7.060412605,5.397637363,6.173531597,5.080496855,8.412016502,7.903642257,6.019632131,5.97726232,6.394804479,5.797949542,6.704314021,5.577714745,5.718522575,6.01316133,4.770854246,4.364270234,6.82743191,4.760591275,5.594244857,5.330338946,4.967871369,6.964481916,5.743066843,6.217064819,7.334163192,5.592363055,5.452521857,5.295051615,5.819166702,6.216850569,5.093253018,5.200120138,5.440965303,6.829132151,6.305217409,6.158485967,5.655483568,6.604496668,7.176489124,5.64998912,5.831977437,4.846109726,6.88209238,7.637877123
6.417908715,5.01873498,7.481968588,5.497831724,6.224072146,8.257935236,5.794261083,4.928072985,0,7.206558876,6.044689709,4.780769781,5.683254788,4.793071321,7.072276574,5.069930921,6.148277113,5.93616997,6.066977566,6.583891775,5.845068187,5.589522605,5.75538681,5.390145822,6.326963037,6.748971264,3.607232561,5.512658122,4.441231851,6.943875939,5.99819972,6.638236929,5.735180505,5.374925616,6.400872603,5.242393651,4.713896787,6.620424341,5.426291199,5.635628675,6.248566839,4.867009326,4.899676094,6.376752749,6.864299445,4.926330931,6.640744221,5.513886016,7.000917506,5.497504395,5.078064906,6.919952988,5.786455793,5.922264149,5.960344118,6.006778374,7.129496367,5.619500829,6.125392267,6.31547424,7.950605274,8.280349131,6.683655708,5.649738149,6.317316641,5.76159841,8.003201355,4.885045975,6.272202273,6.014941834,4.685041459,6.04979705,6.208659141,4.682099476,6.190730658,5.727338192,5.420517676,5.735542089,5.461165891,7.676126033,5.270488481,6.407652772,5.331574242,4.428513993,5.774268405,4.980413344,6.213890561,6.122035588,6.248850513,5.89180324,6.181174911,6.575326232,6.49240951,5.623800196,6.370291801,7.316149971,6.165624728,4.808504126,7.574318464,7.181986922
5.628834095,7.54091036,6.394468977,6.384073212,6.959098364,7.498103786,6.158195631,6.856933413,7.206558876,0,7.590569109,6.589800813,6.876059852,7.20531861,7.409223905,5.831989732,6.267538203,6.661466437,7.23907277,6.587761601,5.915824234,5.514847815,7.488706682,6.617908481,5.347358821,6.849429311,6.659469585,4.925016635,6.785351329,5.828342278,6.660633476,6.361946303,6.122005425,7.239213053,5.530865278,5.880723937,6.791805486,5.549138251,6.75693479,7.063624587,5.985894076,6.712977574,6.740846554,7.532308425,8.277277961,6.431989559,6.440747007,5.75356355,8.417007094,6.585640877,6.83091153,6.801156095,8.086353145,7.7025029,8.063953425,6.589401998,7.760346587,7.023581099,6.558441472,7.241215207,6.953977227,8.519376393,6.813949223,5.157517668,6.731615353,4.172734254,6.0611432,7.832699223,6.176632098,7.706204026,5.909748733,6.357410774,6.99809572,5.571706086,7.246108491,7.202123291,6.26104337,6.931799979,7.861003524,7.300813511,6.933476267,5.807456256,7.724184355,7.285724792,6.005506184,5.925566536,7.230454068,6.846229553,6.246577894,6.603493666,7.854587838,6.412311515,6.553054827,5.676883368,6.136717565,6.393424295,6.307407793,6.551811604,5.424089971,6.529661142
5.846321838,7.072822701,7.66616935,7.259548508,7.646580701,7.283142614,6.385753847,6.335104989,6.044689709,7.590569109,0,6.504660702,6.828784418,7.980320769,7.378275065,5.121074429,6.969557667,4.048849623,5.818334892,7.939168375,7.148780673,5.711504782,6.386433295,5.469065842,7.190161094,6.925756631,4.883531046,5.676271688,6.812612108,7.907591171,6.408944039,6.24946298,5.667411908,5.43705607,8.067248638,5.173022081,6.518372374,6.799976651,6.271063639,5.810978892,7.022165323,6.048411392,7.558835891,5.640161892,7.142793781,6.279459234,6.146934694,6.603580997,7.041525832,7.308813403,5.967177673,7.98990119,5.702204626,7.147854926,8.406122722,6.566952899,8.279318365,6.18665128,5.457086092,6.672604286,8.079793702,8.74681507,5.440252892,6.699363504,5.645138964,6.527975902,6.625892905,6.494142981,6.770970106,7.674116635,6.364770958,6.613846654,7.085588689,6.638632819,6.576852288,7.900590132,4.921142993,6.629651242,7.223192881,6.53892338,6.912196812,5.560594359,6.484637046,5.012330662,6.73066013,6.222536737,6.095968737,7.015062553,6.508148621,7.015352047,6.924686201,4.793707399,5.639624899,5.41404002,6.726907462,7.55255401,6.791031791,5.271173966,7.652893631,6.716244045
5.361310305,4.21446718,6.678177087,5.86909632,5.362221379,6.705783569,4.663672446,5.082856779,4.780769781,6.589800813,6.504660702,0,4.9865353,5.495790275,6.072800261,4.45594128,5.098061107,6.023072132,5.383498157,6.513000005,4.589285494,6.155195383,4.8583121,4.585828873,5.676461479,5.865706468,4.985135596,5.970129906,4.650776311,6.090823631,6.634379821,5.192985487,3.955388455,5.044896812,5.365380698,4.435515368,5.445396327,5.527327263,5.935108719,5.137448662,4.945863385,4.632143873,5.859143765,5.621237526,5.542572857,4.648324261,6.167218844,4.185301784,5.88488252,4.971221058,5.299242763,7.307504011,6.255255359,5.762661602,4.847343884,5.281273955,5.38441936,6.467835407,4.555152791,5.267203846,7.335842957,6.465849657,6.49022169,4.448854716,7.448852533,4.483213977,6.235343226,4.66032769,5.252629486,5.096612291,4.87415877,5.035089563,5.862728803,4.16212289,4.609042084,5.519834717,4.217527022,5.721675635,5.424405846,5.402897772,6.130767167,5.768191191,3.964760601,5.47696555,5.130890802,4.75632764,6.291762509,5.2750416,4.613285859,5.241570911,5.750021023,5.97062753,4.692969712,5.879886981,5.663859474,6.696808826,4.454958322,4.586710117,6.42069843,6.42493209
6.22638128,6.922238025,6.600842556,6.469414728,7.042728754,7.304949128,5.380148208,5.776958822,5.683254788,6.876059852,6.828784418,4.9865353,0,7.277436068,7.768974271,5.539370013,6.201890151,6.878659672,5.590931078,7.633633835,7.847315957,6.006203782,6.499423295,6.212384939,5.802224072,6.537145603,5.003991215,5.817337681,5.732673025,7.30830928,6.604479327,5.216625807,5.499992005,5.636707583,6.627237117,6.174469531,5.96878117,6.743326676,6.657826145,4.582610363,7.531320478,5.805113309,5.695083999,6.528445826,6.293414095,5.554601242,5.755777712,5.589601491,7.623088916,5.912832531,4.53190416,8.118988408,7.375385357,5.910227967,5.581995752,5.127389468,5.461668895,6.939583785,6.504083067,7.138107476,7.872438392,7.418479299,5.965319389,6.222898063,7.754847819,5.3658058,6.392877077,7.132299717,5.763953544,6.361231475,5.390663117,5.27169789,7.731443929,4.928518335,6.562865845,5.638480502,5.167925336,6.82506493,5.71407028,7.222603276,5.818551681,5.398628722,5.409239261,5.687759312,5.74540394,5.079432152,6.962203163,6.773305401,6.445521996,6.412987242,7.931979887,5.978539006,6.849465215,5.691823406,6.321766956,7.76747088,5.947472814,6.251876697,7.059072984,8.034695048
6.48822197,5.280460678,7.954824161,6.249324615,7.134249835,7.918637756,6.442696286,5.585693043,4.793071321,7.20531861,7.980320769,5.495790275,7.277436068,0,5.95756065,5.248233192,5.899339196,6.251596401,6.838803723,7.143469091,5.828784251,6.324508404,5.252405766,5.464236072,6.520616636,5.863391972,6.084607892,6.441801961,5.275903465,6.61181464,6.515234742,6.803709967,6.577175417,5.725187822,5.453689575,6.524640044,6.663875016,6.733315883,6.720663223,6.670621217,6.03286587,5.434649549,6.003018902,5.639964462,7.13659111,5.269317633,6.967336123,5.505936024,7.559109701,5.103216073,6.038718096,7.279740044,6.610865803,7.716705633,6.79029577,7.139726534,7.994774115,6.804566151,6.160913416,6.403805195,7.189304794,7.773252633,7.668102528,5.57257437,7.90823985,5.719486275,7.953673955,6.067265347,6.268879816,6.142348578,5.088340977,5.993465255,5.403366717,4.786884527,6.622513257,5.446273778,7.117450032,6.212845341,7.259921518,6.944687344,6.505548598,6.367305484,7.138950551,4.975232508,5.624570836,6.968072902,5.975903078,6.385333112,5.137112431,6.482685688,5.273246576,7.637901925,6.173097917,6.294199443,7.588945249,6.382652693,7.161421894,4.958973321,7.673001012,6.934239861
6.852758417,6.937380357,6.534836065,6.969766306,7.149663056,8.309046411,6.349908709,6.819895065,7.072276574,7.409223905,7.378275065,6.072800261,7.768974271,5.95756065,0,5.03378364,5.882860096,6.745668851,6.680272936,7.353500625,7.053345975,7.079947587,5.8736633,7.181560359,6.384341989,5.901971281,7.173960398,6.409543252,6.072462677,7.04865629,6.78146125,6.31406256,5.992340636,6.531200478,5.731157298,6.405882113,6.396143763,6.150505519,7.365656156,7.033894653,5.622017337,7.305491307,6.867945053,4.940497069,7.448364069,7.327843988,7.158495971,5.293618184,6.551998435,6.79241856,6.810806092,7.786200638,7.13799981,8.724359867,7.650336609,7.364848557,7.451986094,8.161513903,4.783292181,7.401228986,6.207585122,7.063723686,6.854942692,5.400275705,8.817498008,6.1952139,7.623522131,6.027321445,7.222391212,6.860687553,6.893559453,6.66719784,4.163674354,5.965683688,7.392041522,7.38338375,7.118316913,7.572065847,6.949752563,7.213627354,6.281137641,7.449414059,6.396565361,5.538213809,5.595422502,7.140314723,6.11841755,7.164178126,4.103627423,6.593499329,6.192235225,6.885636805,5.570715091,7.425443407,7.372633921,7.159313619,6.299728662,6.633555118,7.518032718,6.762825219
4.934631454,5.082667502,6.950112729,5.652692665,5.97879608,5.59039321,4.114923771,4.852473346,5.069930921,5.831989732,5.121074429,4.45594128,5.539370013,5.248233192,5.03378364,0,5.182389068,4.142607913,4.619753947,5.923257893,6.481410744,5.391348705,4.585889256,4.50314441,4.683414673,5.194546018,4.623739637,4.637198283,4.889545242,6.504182188,6.103647355,5.70289714,4.065604201,4.480393832,4.534830736,5.199242191,5.154616212,5.185451043,5.353407333,5.010423215,5.578123242,5.705543585,6.224475302,4.710609067,5.993156692,4.784009628,4.802244626,4.110379885,5.57913051,5.628891002,5.014624554,5.839705649,6.122915233,6.142304532,5.446945779,5.114711518,6.430998517,6.240829598,4.527659453,5.246101637,5.708642049,6.984008573,5.294406879,4.522239009,7.23956748,4.218854425,6.649079346,5.327448898,5.619130498,6.554372244,5.144691283,5.853208434,4.912200274,4.124676433,6.080713584,6.277292782,4.628757642,5.950937565,5.345562993,5.466006361,5.805893835,5.084760574,5.71566719,4.172478931,4.492541438,4.91035704,5.584957977,5.124768307,3.43380214,4.662900738,5.242328144,5.371366853,4.349188555,5.62975042,5.873258856,5.600646696,6.32710745,4.444126301,5.720426176,5.792632128
5.566328118,6.423393995,6.561082766,6.154374843,6.069211817,5.909062474,5.541708956,6.612880038,6.148277113,6.267538203,6.969557667,5.098061107,6.201890151,5.899339196,5.882860096,5.182389068,0,5.898837868,4.989163193,7.709115872,6.409187131,5.414474894,5.212264109,5.337269759,4.289572908,6.877384887,6.120614044,6.332078729,5.824107038,5.663182202,5.364037015,6.133223581,5.62100907,5.876360694,4.998372923,4.045910822,6.466444477,5.799204725,6.413041094,5.230726512,6.23716739,4.687939044,6.108032893,6.369150744,7.205304411,4.857068759,5.326001957,5.319745418,6.220769257,5.902706859,6.731928837,8.686896269,4.935708979,6.538451322,7.147053717,5.684388176,6.096372398,6.784571791,5.589127182,6.050790783,6.608760105,6.581582552,6.659324364,5.741088384,8.565388431,5.033818842,5.607203563,5.468687886,4.649549804,6.616773693,5.963368022,6.095682913,5.537560011,4.005295198,6.314486139,6.18882204,5.385549482,6.285865007,7.799565875,6.244434614,5.523829483,5.711204061,5.945478602,5.332604809,5.403522574,6.321475633,5.577004522,5.779357498,5.478687149,3.856563012,6.591148458,6.509082061,5.600241344,5.899323935,7.346925043,5.725217933,5.018990787,5.718538918,6.61175982,6.891966857
4.603764082,6.637867869,8.145120975,6.744365929,8.426465634,5.491235058,6.055174194,5.644679882,5.93616997,6.661466437,4.048849623,6.023072132,6.878659672,6.251596401,6.745668851,4.142607913,5.898837868,0,5.456687337,6.615678946,6.828936274,5.559360034,6.102094082,4.825000334,6.199869532,6.177252309,4.731452156,5.828920605,5.416366792,7.414128914,6.608819886,6.714016691,5.364523208,5.186733546,6.240435852,4.944382816,6.549795111,7.015149315,5.414894374,5.287302896,6.06044387,5.680148175,7.192417755,5.228207555,7.270732297,5.511589488,5.05711175,6.283225684,6.96170572,6.69068347,5.951287531,7.911501583,5.142199251,6.714500573,7.37168583,6.719887654,7.903837193,6.29577288,6.066220858,6.486048215,6.846117982,8.375359709,5.953688891,5.403983142,6.320787334,5.144350721,6.67886313,6.735140739,6.240220057,6.613128461,5.279588121,6.393277259,6.25465996,5.799318591,6.406993011,7.432444206,5.384535167,6.018850915,7.580131094,5.358204397,6.692002161,4.790328936,6.958726487,4.631984003,6.633388237,6.634985897,5.79729298,5.849734287,5.316587094,6.727193025,5.695988948,4.833220969,4.150383206,5.433289605,6.91880649,5.918409197,6.621742168,4.891389646,7.30329617,6.135761725
5.048377063,6.278033499,7.219071512,5.693522485,6.163456539,6.174983731,5.276438306,4.819684508,6.066977566,7.23907277,5.818334892,5.383498157,5.590931078,6.838803723,6.680272936,4.619753947,4.989163193,5.456687337,0,7.058985322,7.604420151,6.124369957,5.133351061,5.857592643,5.190612071,5.975332972,5.593588265,5.616044747,5.441839155,6.474824901,6.359819616,5.439168589,5.646124271,4.595253424,5.575203256,5.245634257,5.439277254,6.340593256,5.280544005,5.24241685,6.577645139,4.890360663,6.07237537,5.777872913,6.410734129,5.34684286,6.448377445,5.568407484,6.268238156,5.954334888,6.715744291,7.37288423,5.759555721,5.114545838,7.137833155,4.922056375,6.559203721,6.257177694,5.651855774,6.416988585,7.883560769,6.310884029,5.353011343,6.979836757,7.183584653,6.66363732,6.487621174,5.732488599,6.079725118,7.12510625,6.306365531,5.349174594,5.733184565,3.918860181,5.615535469,6.972411588,4.604084501,6.784136989,6.558408725,5.461362618,6.984492738,5.788611406,5.10398589,5.589735188,5.918853548,6.234624842,5.744953012,5.199776813,4.71618104,4.873253609,5.888609904,6.240025996,5.061396323,6.342711618,8.053519032,6.234676747,6.256777103,4.985702662,6.522221944,5.973432308
5.481503752,5.96999636,9.669423385,5.305704273,8.064110102,8.320203988,6.195212953,4.704447122,6.583891775,6.587761601,7.939168375,6.513000005,7.633633835,7.143469091,7.353500625,5.923257893,7.709115872,6.615678946,7.058985322,0,7.033380113,7.313574006,7.809599693,6.928800385,5.941384391,8.034943002,6.591009873,7.095944028,4.657135476,8.076644883,7.793138872,7.491875311,7.157903154,8.096715736,6.371516989,7.155739499,6.4862859,7.709293613,7.558580977,6.983504419,5.904054493,6.844030976,7.955277911,8.055442793,8.311693097,6.555888754,8.055468078,6.853479442,9.1139934,8.175395039,7.48087452,7.692066071,9.101760178,6.291699673,7.389290929,7.454448868,8.152988326,6.917366891,7.401484789,7.434887816,7.878290893,9.834474204,7.46523016,6.569244098,7.679762006,6.737158015,8.263036648,6.38458852,6.604235004,6.049467414,6.078845565,6.780565907,7.325377695,6.417334145,7.021937631,7.707113425,6.795029735,8.822614698,7.108268123,7.437123623,8.61532701,7.266968212,7.667373541,6.964422411,6.987907989,6.94015688,7.763973018,7.158069131,6.369605278,8.143226453,6.489838102,7.984086625,6.805067876,8.002889394,7.830077818,7.349052419,6.592888307,7.102931091,8.590180396,8.169721063
6.404010183,5.559841634,7.336478352,6.117634012,5.976021082,8.720961333,6.656722175,6.722334784,5.845068187,5.915824234,7.148780673,4.589285494,7.847315957,5.828784251,7.053345975,6.481410744,6.409187131,6.828936274,7.604420151,7.033380113,0,6.445494987,6.080317571,5.689021481,7.355446983,7.313115303,6.443797801,6.347871372,5.872415947,6.056069571,7.171484473,6.396296638,6.201695639,7.132617615,6.514195917,5.54794291,7.244937707,6.142364948,6.900074119,7.365361185,4.660390125,4.979330173,6.764937395,7.132249964,7.963872334,5.567178436,8.106575721,6.248763533,8.350891894,6.005443036,6.943039742,7.863164632,6.944884672,7.923682308,7.965978343,7.562246051,8.116395529,6.977213808,5.598763171,6.837851778,8.209257372,8.114212023,7.815592054,5.539486495,6.287436366,5.608496702,6.643849419,5.930915222,6.149649828,6.57255932,5.80056632,6.346883349,6.023346774,5.926756638,5.168755908,7.12783712,5.697795573,6.328443807,8.156310965,6.521912575,7.144525793,6.776932996,6.494959335,6.809809398,6.241747011,5.777032168,7.255774433,7.043869426,6.500458852,6.776453775,6.417795871,7.17754369,6.319083142,5.492681709,6.071331644,7.588083635,5.629919735,5.245789713,7.321039887,5.810397763
5.399187617,6.721176722,6.547718001,5.230669916,6.859372824,7.089566785,4.920904786,5.453573144,5.589522605,5.514847815,5.711504782,6.155195383,6.006203782,6.324508404,7.079947587,5.391348705,5.414474894,5.559360034,6.124369957,7.313574006,6.445494987,0,6.302169827,4.538439144,6.473384123,6.579737573,5.796625088,6.433015209,6.212537456,7.303019955,5.239157227,5.183451747,5.521921906,5.853941865,6.538759555,5.628499042,5.835025387,3.82519008,6.08647987,5.574048851,6.804649847,5.447202655,5.814773182,6.147136538,5.765100825,5.964046312,6.132051767,5.625441022,6.921218726,6.598918368,6.20576566,6.767754768,6.383238721,6.019785782,7.622432514,5.855688689,7.409478797,5.901981805,6.129685773,5.664659963,7.266700348,7.996862222,6.001273691,5.612489417,5.768768012,4.686036427,5.684280477,6.555083489,6.173917744,7.254257958,5.439265134,5.265316508,7.053731113,5.191324692,7.320860219,5.893464199,5.001564056,5.45694157,7.408733478,7.576729773,5.837153719,5.406379258,6.863840226,5.09372227,5.172653069,6.033933082,4.246078936,4.841543865,6.691282314,5.313301109,7.749046296,6.105416938,6.685284917,4.171821571,6.717954853,6.412546459,5.861747548,5.26799072,5.842751299,7.328240631
5.448942029,5.993601539,6.927914936,5.996394246,5.395428896,7.065706441,4.727563475,6.1399201,5.75538681,7.488706682,6.386433295,4.8583121,6.499423295,5.252405766,5.8736633,4.585889256,5.212264109,6.102094082,5.133351061,7.809599693,6.080317571,6.302169827,0,4.546637787,6.733685492,6.461942372,5.818944727,6.18446231,5.618575475,5.886548949,6.105043333,5.225979931,6.224956394,5.68804432,5.182412058,6.010388169,7.0655191,5.834169604,4.760039562,4.726946428,6.592204162,5.20863609,5.172074426,4.679547523,7.373677993,4.759787142,6.32792109,4.767657125,7.308247819,4.825980578,6.44409948,6.668783541,5.315080488,6.992673219,6.948988525,5.584143149,5.900986233,5.477125914,3.552956427,5.537087935,6.612483372,6.850436485,5.58720737,6.383670102,7.57359966,6.294134088,6.593849116,5.060266817,5.450013246,6.140851385,6.872428606,6.390381111,4.007050899,3.892330238,5.688981475,6.686120973,5.284238255,6.620714156,6.359544649,6.157405491,5.945207033,6.511212003,5.59884648,5.027065334,5.584343239,6.039300764,6.286851197,6.479987505,4.82872637,5.305037785,5.494172101,7.478430913,5.622437541,5.604594413,6.261890471,7.098826816,6.100045613,3.756399657,6.19059798,5.487561859
4.75722424,5.436188283,7.352477442,6.116464162,6.267096551,5.915240353,4.501855704,5.340793133,5.390145822,6.617908481,5.469065842,4.585828873,6.212384939,5.464236072,7.181560359,4.50314441,5.337269759,4.825000334,5.857592643,6.928800385,5.689021481,4.538439144,4.546637787,0,6.184179384,7.101642673,5.480366914,6.734396599,6.058361022,6.819558909,6.206975731,5.476448483,5.838127137,5.542106772,6.031886722,5.256831261,7.102274462,5.418746415,5.781045826,5.071623124,6.46205836,4.897290331,6.875903232,5.956261856,5.915299807,3.912273205,5.778197793,5.318028304,6.836340823,6.069498778,6.602158491,6.655357444,6.356415,5.555653263,6.666865031,5.980750298,5.985124994,4.614039969,4.750533869,3.600065613,7.302582499,7.761848039,5.58831404,5.119813897,6.390330455,4.868884159,6.110464169,5.148556789,5.278752612,5.575603635,6.058688679,5.221145119,6.476256669,4.804139467,6.561208219,6.212899328,5.032815705,6.149784095,6.576406403,6.466020347,6.536887054,4.957640027,6.623972501,5.239592928,5.928712588,5.86418358,5.393981405,5.441909545,5.609272713,5.690298148,6.388113084,6.605778099,4.855639403,4.72914762,6.723024897,6.573157307,6.105440521,3.608401607,6.526102319,6.693859984
5.217706139,5.786502907,6.936766679,6.572825302,6.585594972,6.292539646,6.232816801,5.694955874,6.326963037,5.347358821,7.190161094,5.676461479,5.802224072,6.520616636,6.384341989,4.683414673,4.289572908,6.199869532,5.190612071,5.941384391,7.355446983,6.473384123,6.733685492,6.184179384,0,6.626678845,6.156818978,5.242788912,5.937195513,5.815820783,5.648221528,6.202868706,5.82514284,6.161895101,5.278451645,4.824453838,5.798232287,6.834426635,7.373495101,5.908301584,6.636826589,5.753998954,7.134779249,7.088255744,7.168386109,4.979556825,5.536866295,5.009937406,6.741496583,6.368608138,6.164593194,8.183128816,7.171788754,6.554268026,6.833038331,5.339894365,6.773196404,6.986879885,6.109245785,6.066526537,6.442081614,8.042772777,6.56243831,5.791837625,8.572219656,5.298009185,6.262302007,5.857875507,4.89186124,6.518392265,5.438852818,5.602113853,6.499039803,4.557877143,6.590727156,5.844556166,6.057276775,8.003767304,6.592784638,6.649471265,7.061882606,5.912880682,6.431261016,5.843747367,5.940013141,5.843226904,6.858798935,6.219258476,4.932985098,5.427856277,6.628167824,6.336393667,5.655451552,6.993865212,7.831781243,5.138218297,5.822025639,6.3875241,6.873124699,7.799044229
5.838651801,5.990531212,7.323276428,7.323668362,7.678666927,7.011896274,6.480997966,5.705910503,6.748971264,6.849429311,6.925756631,5.865706468,6.537145603,5.863391972,5.901971281,5.194546018,6.877384887,6.177252309,5.975332972,8.034943002,7.313115303,6.579737573,6.461942372,7.101642673,6.626678845,0,6.460619569,5.533050419,6.330886706,5.972961436,6.926619754,5.531977619,4.029728373,5.146819126,6.640791945,6.125937972,5.445255615,5.747751656,7.189012285,5.871343065,6.784319622,6.067187442,5.901272746,3.891630037,5.388187686,7.340602028,6.454577599,4.216564318,6.562380938,4.165254725,4.732615361,7.756970365,6.665689247,7.850190611,6.679176994,6.210279593,8.64723257,8.128279739,5.585085048,7.17319951,6.753554682,6.974865339,6.853604868,6.246007253,7.7149464,5.587765593,6.737765701,7.402163324,6.392192481,7.156072715,4.917731395,5.181821698,6.871944664,5.370191003,6.547687576,5.126942929,6.780612162,5.610582247,6.245107018,5.501504635,6.953042499,6.294576939,5.869373387,4.8735503,4.887486518,6.86211455,5.899407611,5.305453259,4.753171972,6.927825236,5.826421393,6.381772576,5.535269386,6.868574488,7.473527622,5.987887217,6.957304297,5.48810438,5.515458852,7.127833665
5.022785399,6.152514857,7.200909143,5.845961437,6.958594485,6.912923926,5.186512415,4.980549026,3.607232561,6.659469585,4.883531046,4.985135596,5.003991215,6.084607892,7.173960398,4.623739637,6.120614044,4.731452156,5.593588265,6.591009873,6.443797801,5.796625088,5.818944727,5.480366914,6.156818978,6.460619569,0,4.825342909,4.984386359,7.399844063,5.747811648,6.453371522,5.111689272,4.984931177,6.401382513,4.46377023,5.008124712,6.814756073,4.83275809,4.568027053,6.130923489,5.221614011,5.177176296,5.716789854,6.944504274,5.412057156,5.327928264,5.315009199,6.975861023,5.908146896,4.885658613,6.721536839,5.414421273,5.703378433,5.871197229,5.332676336,6.508485719,5.476469333,5.822408801,6.726824204,7.84121167,8.368536253,5.165823032,5.079360646,6.634051671,5.018423098,6.566879306,5.733631056,5.457227497,6.323642733,4.930539151,5.940856882,6.748233949,4.544244593,5.104500904,6.819831791,4.455110463,5.144805371,5.862912114,6.454056418,4.772575061,4.753636218,5.426440491,5.040103448,5.797689591,5.208404295,6.383300776,6.716634318,6.047734678,6.263501379,6.132206388,4.447565591,5.506690044,5.019955432,5.220611015,6.666671089,5.643837649,5.447037276,7.444213889,6.644677436
5.727844328,6.955946278,6.021654601,6.46101449,5.67495862,8.298271611,6.538019907,6.522479846,5.512658122,4.925016635,5.676271688,5.970129906,5.817337681,6.441801961,6.409543252,4.637198283,6.332078729,5.828920605,5.616044747,7.095944028,6.347871372,6.433015209,6.18446231,6.734396599,5.242788912,5.533050419,4.825342909,0,6.081197956,5.142578697,6.41362264,6.39643439,5.477085927,5.071813238,5.189232095,5.046065393,5.477573274,6.471141839,6.052709934,6.329664679,5.533022238,5.729269768,5.790565318,6.168424316,7.897514548,6.169169309,5.808283053,5.310105619,7.896034211,5.574791356,5.244910967,6.473678947,6.952150859,7.369671415,7.965946991,5.158876542,7.98017464,6.932639796,5.225434668,7.852521731,6.255326,8.230752709,5.821913116,5.844108314,6.5037391,5.701141491,6.813257005,6.71966155,6.203905143,7.255690127,5.200856362,5.993759772,5.711611047,4.608352453,5.840272279,7.014970863,5.927643208,6.329365323,6.342218836,6.369713227,6.105893481,5.638173366,6.533784714,5.562349753,5.410866836,4.881813844,7.341206623,7.103839243,4.831453696,5.954247598,5.692158134,5.455210019,5.866586126,5.293025225,6.245455418,7.082986017,6.569727661,5.769389136,6.667309859,5.369777606
5.449374015,5.416799537,8.06303587,5.254785026,7.060787308,7.614928637,5.172089971,4.59727158,4.441231851,6.785351329,6.812612108,4.650776311,5.732673025,5.275903465,6.072462677,4.889545242,5.824107038,5.416366792,5.441839155,4.657135476,5.872415947,6.212537456,5.618575475,6.058361022,5.937195513,6.330886706,4.984386359,6.081197956,0,6.840459418,6.183139009,6.297519215,5.392930832,5.860078004,5.380119189,5.792171509,4.820071003,6.918746131,5.270475471,5.072180656,5.496796795,4.725049105,5.417024752,5.929261871,7.375665958,4.888982573,6.440429489,5.517085504,7.33426403,5.658111461,5.472081312,8.077663543,6.158773953,5.539366915,5.772119452,6.338715132,6.632053195,6.31637981,6.115499444,7.194435195,7.287178372,7.01302552,6.344667747,5.45981606,6.850104494,5.619352816,7.22732575,5.036980829,5.850333698,4.804677128,4.781747162,5.932763413,5.381198355,5.005039104,5.56220418,6.289238234,4.986503944,6.460343603,6.044587999,6.624808363,6.178843158,6.473555714,4.918724721,4.752344421,5.221351398,6.075026552,6.237566027,5.775320408,5.202474045,6.449433311,4.945667544,7.020393022,5.74858828,6.098764157,6.663358627,6.542900436,5.460323906,5.466249281,7.53057355,6.163861971
6.147586013,6.805698861,7.125718116,7.021138033,5.513781107,8.071662758,7.030483783,7.631769093,6.943875939,5.828342278,7.907591171,6.090823631,7.30830928,6.61181464,7.04865629,6.504182188,5.663182202,7.414128914,6.474824901,8.076644883,6.056069571,7.303019955,5.886548949,6.819558909,5.815820783,5.972961436,7.399844063,5.142578697,6.840459418,0,7.557120974,6.496696724,6.424896918,7.240960828,5.381495942,5.464936528,7.473984316,6.395734125,7.135514493,6.225399586,6.447056552,5.14204403,5.820242411,6.987088531,8.358614765,6.313659755,7.087110464,5.495277047,8.868445677,4.199879651,6.982755734,8.321729273,6.999371871,7.822451611,8.332615809,6.519572543,7.935848131,7.266111491,5.146167292,7.451715874,6.16664472,7.763069709,7.367875499,7.180598681,7.553166375,6.45961914,7.152355803,6.803898181,5.318018288,6.357984558,6.450408007,6.266140113,6.090305514,4.646170349,7.069515987,6.262122034,7.571123216,7.021125402,7.135033285,6.486939925,6.921455574,7.169502898,6.782511203,6.120466317,6.075070267,6.057081493,7.724538191,6.84348595,5.802365972,6.398734353,6.171454001,8.417235337,6.265016286,6.731734058,7.741057282,7.763569284,6.541060575,5.26156311,5.719038649,6.544592578
5.504301652,6.806262007,6.152066668,7.435456234,7.455866107,7.862419431,6.294668346,5.881645794,5.99819972,6.660633476,6.408944039,6.634379821,6.604479327,6.515234742,6.78146125,6.103647355,5.364037015,6.608819886,6.359819616,7.793138872,7.171484473,5.239157227,6.105043333,6.206975731,5.648221528,6.926619754,5.747811648,6.41362264,6.183139009,7.557120974,0,5.362219223,6.297526544,5.576580633,7.503727396,5.274605387,5.267075071,6.609466458,6.445069516,5.679767316,7.86434881,5.92172837,6.21017763,5.703367599,7.214991516,5.770229998,5.638283115,4.774342103,6.191736018,6.397507431,5.919557368,8.379818807,5.670313474,7.331397889,8.013344201,5.333583517,7.193516314,5.815199265,5.696348315,6.083227211,7.92367812,8.13930143,5.640030745,5.997759899,7.822103551,6.128534843,4.980373898,5.450422514,5.753660145,6.953645484,6.094886393,5.803217505,6.762414685,5.744639297,6.191233457,5.921294329,5.091847631,7.36482543,7.064109707,8.256962621,6.523008946,6.500166003,5.830814313,5.670327307,5.828863381,7.465499769,5.527596618,6.807916834,6.310577596,6.374764389,7.161682981,6.187202325,6.86172521,5.860102774,7.251776562,4.772911481,5.220923428,6.536673634,7.351390114,7.738100924
5.183005398,5.855953594,5.336159073,6.082478589,6.859034288,7.040757406,5.415248125,4.808783864,6.638236929,6.361946303,6.24946298,5.192985487,5.216625807,6.803709967,6.31406256,5.70289714,6.133223581,6.714016691,5.439168589,7.491875311,6.396296638,5.183451747,5.225979931,5.476448483,6.202868706,5.531977619,6.453371522,6.39643439,6.297519215,6.496696724,5.362219223,0,5.760122236,6.137897176,7.048106121,6.141955512,6.42542191,5.165444366,6.428435693,5.193690504,7.200919932,5.667512556,5.62993209,4.788829143,5.484519456,5.494552496,7.152600969,4.529214419,7.026205258,5.130437366,5.464962496,7.256891157,6.565615694,7.272387157,6.89510325,5.853005532,6.243547705,6.057631198,4.589149849,5.06948815,7.7559869,7.019446907,5.498348544,6.159200601,6.301744344,5.665382508,4.751123029,6.406392865,5.61136637,6.346247036,6.046193122,3.993243453,6.259612399,5.068291897,5.895459775,5.174962457,4.905716444,7.460421777,6.220206345,6.615732793,6.78534546,6.114272529,4.915558475,5.66490714,5.970338759,5.670512992,5.605757859,6.017061748,5.672381204,6.660689495,7.709778346,6.088370226,5.985137926,5.549789794,6.444922809,6.451857257,5.081702529,4.583207906,5.317122316,7.20245162
5.221655791,5.277644301,6.893284235,6.779381034,6.439728927,6.124625525,4.917714097,5.628428134,5.735180505,6.122005425,5.667411908,3.955388455,5.499992005,6.577175417,5.992340636,4.065604201,5.62100907,5.364523208,5.646124271,7.157903154,6.201695639,5.521921906,6.224956394,5.838127137,5.82514284,4.029728373,5.111689272,5.477085927,5.392930832,6.424896918,6.297526544,5.760122236,0,4.674430575,6.158349542,4.332189853,4.142862766,4.705084119,6.42359385,4.957805422,5.946342049,5.388288428,6.071818897,4.933304144,4.741550319,6.4250129,5.093505453,3.626598741,4.862502197,5.148080303,4.61978573,7.642672096,6.050301616,6.09410087,5.322229092,5.032519345,7.143119296,7.56730194,5.037921215,6.258686618,6.584273894,6.599787744,6.117564637,4.632851782,7.600560347,3.898793067,5.744407878,5.829087271,5.656952042,6.630985987,4.585357855,5.407876896,6.957745603,5.085409586,5.757547926,5.625730493,4.528856232,4.471282943,5.525955049,5.475474337,5.922849515,5.703867388,4.497922533,4.828420999,3.946522064,5.51338849,5.706107035,4.256699395,4.930071147,5.231364502,5.869462441,5.226395552,4.873111677,5.958374722,6.040383437,5.697520215,5.392912864,5.589757748,5.364405936,6.77292061
