0,2.174689003,7.990514519,4.512871186,3.696468168,4.193757006,3.623287428,6.085510493,5.947448037,3.226874974,7.375745053,4.435086241,1.853880399,4.840877374,6.95675854,7.501942748,7.412432446,5.211697499,3.494790663,5.977878871,5.166438403,2.288808917,5.068157793,5.028667664,4.869018766,7.604936358,4.116603442,3.924128173,6.603506794,3.123278071,8.573401742,3.088582926,4.818174773,5.287882672,5.906303262,6.173625959,5.742251349,4.671009727,5.029134267,6.04023779,5.000865849,4.341595278,2.834114773,3.301562882,7.156558833,2.691373224,5.818708031,5.473406166,5.427072313,4.528509449,4.014293466,4.020574213,1.987908647,7.552211663,4.903118095,3.310536135,5.841045484,4.733854419,2.244225714,5.685020433,5.241052825,5.291372132,7.292642578,3.667646346,4.794345014,3.374617799,4.845125615,4.074321351,6.625059647,4.898661551,6.184982957,2.642519072,5.303321547,6.036670801,5.265121787,6.577637398,3.547648585,6.553255283,5.421337683,3.375502932,4.356328072,4.791486476,1.97505733,5.191354737,4.325452695,6.132410304,7.753889849,5.923412396,5.703583939,5.924975738,5.861411096,5.481452603,4.502818931,1.879503686,4.804526982,1.597506365,3.591944047,2.620871176,3.684727224,2.775599554,2.496386944,3.413318035,3.628229151,5.92705234,4.605192676,4.133166094,6.47055814,3.35852382,3.454416885,3.757019754,6.833284581,3.517523772,5.823000096,2.42458179,4.20256264,4.479952702,2.983044854,4.261504343,3.093714991,4.958154082,5.340086393,2.307441286,2.474031792,5.244861331,5.192947406,2.412684343,1.242480906,6.06270467,5.045024201,4.131542582,4.831603296,4.184115047,4.802357442,5.920378669,4.209115817,4.721476441,3.735616413,7.494272451,4.915458278,7.159519273,4.626039247,4.467655508,5.643787611,7.515179027,3.4189345,2.668856973,3.107576829,6.11535485,8.389574601,4.154344108,4.612329824,3.09015964,4.845821309,4.7727459,1.919104445,5.427085224,8.617259733,5.68567328,3.508625072,4.077879206,5.317033599,3.195675703,8.38049099,3.242175513,5.418086661,2.315238809,4.475905859,4.188966907,4.821556654,3.910604442,4.796107279,5.656261301,5.389014066,5.392506581,2.732604471,1.857341792,2.32902406,3.720292725,6.738079745,4.157437312,6.01708118,3.150434465,6.463212311,7.418842354,3.939517793,5.453361023,3.180421022,2.883553992,4.685563952,5.349530794,2.57268777,3.485378734,5.730304555,2.818040058,3.227551687,6.764625041,5.103166745,2.534189891,4.111594674,5.573836034
2.174689003,0,8.341907986,5.63095413,4.124483764,4.623537789,4.798971646,5.604851814,6.712318041,3.850881706,8.112358483,4.849467303,2.84053271,5.849853124,7.998632707,7.616671793,6.212121474,5.590833511,3.556904141,6.344206087,5.647390276,3.913960033,6.962306577,5.103608322,4.833829797,6.520386654,5.140753011,5.475176544,6.002719133,2.20640228,7.932881036,4.490910103,4.576393895,7.213610392,6.263176128,5.861361432,5.726449761,4.027370097,5.567547944,4.343310416,5.390310829,4.666508335,3.045340201,2.632496359,8.845510375,3.351043098,6.372672978,4.773038944,5.783869308,4.125522506,5.270310343,2.607951985,3.120476479,7.475426559,4.955196496,3.91524548,6.106177334,5.904360151,2.3473374,6.711789141,6.207142641,4.815960666,7.564474811,3.874523895,4.584249618,4.473978761,6.12977496,2.848980869,6.985691761,6.557625951,5.836343651,4.072293942,6.026929417,5.117162787,5.51824191,6.332369594,3.280965008,6.756184518,5.513900138,4.540986734,3.813435684,4.684120429,2.881960541,6.781987157,3.483789351,7.423377887,6.80525581,5.134833023,5.322096678,6.834666147,6.19391696,6.274790782,3.326215434,3.415929568,5.56036601,3.189310717,4.115710543,2.585599186,4.539204727,2.109478449,2.584666114,3.210028558,2.508891069,6.589158116,4.857237534,3.269805693,7.470807949,5.087890812,3.395065362,4.966150734,7.136532294,2.182869668,4.98471069,3.336762629,4.688386563,4.230962582,3.81802934,5.74042611,1.952845108,6.194753149,5.759765065,3.741780681,2.887454131,5.475545258,6.973552038,4.547025401,1.817540323,6.467682523,3.935427273,5.028945945,5.588656875,6.187424966,4.854186849,7.146436044,4.969663213,6.120187589,4.531466923,8.380673949,6.673133889,8.523041917,3.89083474,3.910102013,5.879144272,6.608101212,4.451572267,3.772430966,3.567027343,7.364573133,7.573806706,5.240678307,3.826394117,5.0472987,4.14302136,5.202916885,2.646614778,4.57543527,9.525339047,5.526189771,3.878125087,4.024754905,6.659502153,3.601630121,7.610548991,4.792978645,6.575449886,3.081071005,6.237374066,6.104911727,5.351956797,3.221822623,5.282033507,5.610578885,5.276189853,5.677519903,3.428775235,2.540368894,3.433749887,4.103682216,6.571039985,5.982827037,5.850850277,4.006274158,5.991872295,6.944625981,3.300396406,5.098968847,3.252576202,2.569191063,3.80643825,4.568310913,3.097859972,4.875242411,7.705169538,2.824826662,4.823308275,7.216285882,4.192266476,2.336779131,4.747642836,6.845381259
7.990514519,8.341907986,0,8.116536164,5.809136525,4.70220539,8.851165121,8.324078991,7.914577615,11.08058517,11.28202813,5.964305445,8.469431087,7.3932691,12.05442273,6.685903087,8.970508469,8.846506171,10.15571083,11.17751084,12.19495043,9.166266619,8.787321101,9.544848225,7.786890076,10.37281075,6.073247659,9.159540254,10.35315307,8.491396388,9.041392518,6.839539246,10.22324052,10.44124451,7.303483054,8.578784242,8.950911653,7.402470056,8.103045488,8.562812142,7.062280502,3.754181605,6.947238489,9.473582618,9.643660737,8.170107926,10.73339968,8.105278521,9.905580775,6.32366362,8.417578149,8.409182817,9.22581816,9.782109431,8.181848231,5.182561176,9.730011836,6.983785189,7.417579265,11.79671016,10.30603746,6.043047403,12.59529922,8.787423109,7.499910942,7.405413042,10.04812433,8.863735373,9.980613081,5.804759325,6.360263727,9.791107131,7.617626705,9.907379189,5.110030691,8.972203538,7.627424981,7.853307342,11.28749397,9.827771984,5.120217994,6.368868337,8.397968961,10.66345756,10.89769326,8.082207707,9.482612561,12.0390728,11.00979034,8.892767291,5.418631023,8.479714718,6.372632205,7.489076028,7.794400821,8.409070781,9.001831393,6.966339061,9.096583123,7.301356258,7.558308356,6.339761925,7.758567698,7.533934095,6.780443211,6.787172439,6.569666265,7.704203132,7.754875725,8.789971134,7.520113563,9.431571572,7.439529935,9.289984452,6.270960593,6.795224641,8.984331801,11.4795382,8.240340102,4.309501572,4.768247499,7.003358352,5.723109793,8.91448291,9.568409345,7.977059141,7.877745718,6.523392383,11.67382205,6.482518381,6.485713593,7.375351892,9.476320685,5.888288783,6.759908483,6.065670175,9.279913113,8.971732228,7.33792998,6.597341595,9.797342548,10.33299067,12.5669182,9.006365878,5.90524228,8.761057979,7.713861676,10.60428366,12.47518322,9.296222376,6.148436362,7.061859467,11.25297054,9.389833107,6.858686766,7.322567368,10.20557294,7.733846578,8.075280302,6.557240935,9.67955028,5.616834329,8.818835708,8.902730737,5.1275495,8.812724421,8.15244136,9.222569874,8.553956758,8.661647202,7.510502596,11.75296778,10.31350164,4.839398697,10.45652705,8.010160723,6.508641473,8.470039599,7.003520242,8.810232082,5.915941517,5.945529297,10.99941955,12.12209635,8.895975993,6.381349226,7.842651271,8.557102037,6.225142076,6.11111391,7.317680331,7.558389968,9.539151441,9.148377005,9.47236231,3.951392025,7.252150035,8.493910786,6.286480743,9.375995074
4.512871186,5.63095413,8.116536164,0,5.370003632,4.823236487,4.419215277,7.858550852,8.202110961,6.538959522,4.252789507,6.262382541,4.371289041,5.775464065,4.554524452,7.234899874,6.796902604,5.181133825,7.156061016,3.532780144,8.720952494,3.660447154,6.899330767,5.401867556,5.718168224,9.139615703,2.207236944,6.003273231,5.93242724,7.13784,10.95396686,3.597753593,4.842165428,5.05146012,4.501737504,6.079021463,7.583435361,4.147115721,5.477876963,7.47922033,2.448544576,5.495127714,3.241539062,4.771541658,5.73043363,3.429052761,8.567539889,7.280781926,6.145390393,5.865482079,2.543356152,5.398095037,4.774363833,7.721704417,2.902002806,5.35893589,4.498297689,5.038984515,4.499550808,7.47912315,4.036007983,8.517140849,6.196120501,4.957248879,4.708368637,3.59111163,7.109831087,5.15894915,7.255081824,4.049585549,6.006453997,5.019502591,5.691277051,5.425645841,7.246253232,5.555449046,4.62634648,6.530399532,7.40176608,5.975776192,6.555218607,6.194878119,4.003205679,6.163413514,8.207156354,3.666778513,9.561459402,6.834968093,5.064783264,7.466329092,5.419846094,7.510218617,5.706242555,4.184583066,2.872279639,3.671628541,3.548662555,5.317890105,2.133948053,4.80659331,6.25063529,4.978373096,5.254373671,3.68387395,6.100972063,7.702201739,6.202607835,5.661384845,4.628884602,3.033344459,5.404547526,5.941330048,5.2113858,4.831008108,3.992249006,5.818570214,5.949469471,6.288007743,5.619039536,4.978278889,4.23432394,2.900158738,4.40802398,4.304577958,4.854261884,3.896656826,4.564032318,5.826692175,7.564035545,6.71717058,2.567618936,3.727237039,6.941369915,3.898316179,2.949859356,3.287056987,5.428248202,6.025583833,3.794310676,6.604506053,8.096038693,7.377649644,5.526490992,8.824332451,3.260098312,3.705952478,3.813781897,4.356043011,10.06461777,5.320171065,7.15898133,3.888533356,7.45264368,3.666048707,4.54854577,6.637036848,6.807505105,6.967583671,3.21406072,6.706902664,8.586018036,4.176967343,8.048796509,4.903275197,7.07564929,6.348378326,5.497556759,2.983720864,2.80525337,5.299867198,5.642871778,4.758524689,7.8405912,6.28530024,5.914457072,4.446096023,3.84923508,3.736658202,5.429644649,3.289624754,6.142011863,5.696822681,6.226118669,9.843448361,4.224681268,7.054326205,2.958050875,5.701420414,5.554994644,6.226792351,4.81275096,6.302174295,5.081196457,6.574002656,4.208197014,6.247077524,6.722620027,3.951959499,5.796467038,7.599557548
3.696468168,4.124483764,5.809136525,5.370003632,0,3.952696323,6.266592988,5.596199627,3.929841725,6.175825324,7.935134634,1.339712264,3.326293197,2.589385584,7.974272322,4.135749251,7.559133564,4.304188966,6.343282792,7.632379693,7.562430477,4.550756695,6.803897318,6.574428794,6.2278694,6.470561889,3.864705883,4.187005864,6.183043027,3.969556294,7.016102721,2.844921149,5.586794637,6.484987034,3.774440103,6.751782882,3.602701868,4.46505999,3.560935845,6.310607249,5.476760137,2.649605861,4.148781978,5.088655791,6.419491614,3.883552978,5.580997605,6.45406445,4.482507332,2.018771193,4.680527843,5.346507279,4.990217805,5.979147324,5.609184085,1.84883055,5.200560097,6.404173664,4.429352116,6.535120402,6.672388568,3.980718518,7.650552867,3.733757475,5.713918419,3.8265792,6.195641655,5.167226612,4.795758957,4.199640488,3.409327322,4.877572072,6.367800193,6.739815511,2.690208037,5.010344479,5.514231567,4.368202093,8.763816762,6.552902767,2.628973168,2.882706764,4.305433294,7.161479018,7.048469402,6.433812149,5.384722262,6.939232981,6.426588766,4.949175714,2.777326985,3.864564594,4.196813616,4.623269212,4.034618789,3.775182961,4.018238712,3.611065854,4.999294893,4.518693616,3.045359891,4.567570954,3.311244517,6.011122517,1.501897479,4.215509577,3.611133604,3.656714881,5.516404294,5.139732485,4.494320458,5.047966719,4.797806734,5.894743971,3.511580987,2.347940836,4.701595054,7.401615579,4.714219984,3.549657402,4.983782357,4.09794908,2.301819915,5.547244819,5.464096614,4.592298363,3.138973232,2.931054137,6.767785139,3.370643813,4.383984892,5.012895479,4.090357176,4.361506706,3.437346536,3.585134309,6.814539586,6.196793629,5.796657975,5.709378332,6.836391519,7.083104063,8.292065055,5.186424246,2.357946752,4.235700016,4.40963864,6.239868503,7.634542594,5.658999062,3.015683568,3.968443536,8.053913436,5.270711258,1.884077086,4.484071745,6.784763592,2.874593562,3.533788412,4.739763534,5.819594722,2.134298552,6.093123,6.207896007,3.464748572,4.82440929,4.124718774,5.980121551,5.054340347,4.698792817,2.291385091,7.523358906,4.65446337,1.771378003,5.267244599,3.076291729,3.865715829,4.533077042,5.286604077,5.519404567,5.518404201,4.375884702,6.215142733,6.649081563,4.522231166,2.293673218,4.221354346,3.796148908,3.33989891,5.304595174,3.999100217,3.074201447,6.29818257,5.323677731,5.800686845,3.989161024,2.91647172,4.290989928,4.749985204,5.002628272
4.193757006,4.623537789,4.70220539,4.823236487,3.952696323,0,5.603662544,7.441476108,6.725545929,7.118638104,7.941830265,4.401394817,5.210527434,6.030871957,8.649152282,6.58511939,6.101810444,5.851113069,5.979226389,7.378815563,8.393248378,5.633941123,6.043459876,5.05162108,3.356713101,7.877444776,3.479328706,6.544284719,7.278860665,5.701491751,9.46214234,4.495583213,7.204687949,7.792226583,5.689271808,4.607566391,7.336286524,4.147755751,6.674855871,6.305187943,3.652418744,2.071276659,3.058597227,5.947054744,8.222369299,5.064873198,8.155717125,4.18788169,7.273742863,4.203815671,5.733485733,4.9315674,4.923482886,9.017735208,4.358603549,3.374907277,7.24605261,3.387160302,3.775207002,9.286612753,6.211864869,4.974131632,9.559553183,5.242078559,5.00214236,3.509963842,6.529581888,4.865687345,8.319531065,4.19292952,5.436000948,6.511142387,6.008943726,6.162481116,4.107468874,7.152100083,3.313981706,5.950724506,6.921214545,5.540910658,3.224628291,5.452475786,4.033558963,6.817072235,7.444485826,4.979749046,8.453796185,8.369991973,7.481982208,8.051310152,5.010518932,7.467422612,3.526581847,3.654597867,5.531171399,4.928318244,5.781467862,2.815916096,5.326147174,3.241645252,5.010531833,3.042471362,4.819060249,4.105708631,5.408335349,4.500242617,6.31812429,5.609829841,3.201273143,4.708416653,6.113553788,5.387948553,5.048092891,4.894244148,2.678253463,5.330682448,5.030472314,7.931163345,4.015198589,3.752532711,1.946958791,3.359172347,2.302357636,5.063348283,6.89504753,4.573488325,4.052391578,5.906931185,7.69196983,5.423841681,3.34138402,4.874557061,6.622054106,4.601054776,3.607976496,4.278937307,4.839859088,8.398818252,4.282557,7.114274219,5.821066796,5.947360158,8.192205248,7.58825919,3.492151928,5.659470659,3.220420355,7.982687118,9.801904758,5.18273673,4.03329799,3.918859449,7.238468357,5.630012332,3.856407233,4.312817259,9.270599276,6.571361502,5.095001077,2.897998676,7.881988882,2.219373619,8.273407961,5.492278483,4.81282116,4.961354371,5.887345529,5.850563459,4.949519711,4.567235669,5.656939342,7.971965714,7.81830344,4.544274735,6.707709299,4.901928276,3.179997873,4.351148957,6.246649976,6.091407698,2.772930899,2.901368719,7.879622846,9.828574125,5.479004762,5.59292595,3.807204655,4.733336186,4.237536449,2.80423607,2.916100058,5.40753173,7.515957785,5.03507675,6.234523343,5.168737337,5.438565174,4.926623301,2.316885841,7.188719032
3.623287428,4.798971646,8.851165121,4.419215277,6.266592988,5.603662544,0,6.375745998,8.975059654,5.496547233,8.133856755,7.329267998,4.298613135,7.021105821,7.565332029,9.765616629,8.311104438,7.969121929,5.963090697,5.852241981,7.714186434,3.633503966,5.727323902,7.014257883,6.407973461,10.84284102,4.41196826,6.404717202,8.690790524,5.879665001,9.69579097,4.187854944,5.654181417,5.463143297,7.58976899,8.048906777,8.667786433,6.135623249,6.301521664,6.829849837,5.126991122,5.985985838,3.608291759,4.397731296,7.858654601,3.519869334,9.11674264,7.586418004,8.197580535,7.327049105,3.934499757,4.938864135,4.602058022,8.413518617,5.739869292,5.145649705,7.193049605,4.559431726,2.904019236,7.003880355,6.722973461,7.853488186,8.508683326,6.756048718,3.773870313,5.725328383,7.533311383,6.121211201,9.070403564,5.554863063,8.101049334,4.117490275,3.037295629,7.461930499,8.062745718,8.117207878,4.213894899,9.374066411,5.449737048,4.820596167,6.792966786,6.144949724,4.644193272,6.873511423,5.516913713,6.957367821,10.63825636,8.021280125,7.190136684,6.849724818,7.468615945,7.462309209,6.089907746,2.514811172,5.651562895,3.506900128,5.388021421,5.532725085,4.763996827,4.202137517,5.016918659,3.818157834,5.888899009,7.044181157,7.15293337,6.492990698,8.237589969,4.942502399,4.507359931,5.449663103,8.801805152,6.272334969,7.31785481,3.473159119,6.413814679,6.380995056,6.208862313,3.923999467,5.656051504,5.582607765,5.824196493,2.646393025,4.674152016,7.341799614,6.703662277,3.217388533,4.643907959,7.966498115,7.683429417,5.456494538,5.980070245,4.185658735,8.21859312,6.920846143,6.055052209,5.62314375,4.203430518,7.414690931,5.277673612,6.980398896,6.916370476,6.540746035,6.200361018,10.54757018,4.765084077,3.445708477,5.332707107,6.981592757,11.66649968,6.629618615,7.54411078,4.534983201,4.901148327,6.753783892,4.672905536,8.250585535,9.814204988,8.212999243,4.958294011,6.489139662,7.172440094,5.542278414,9.873097325,1.473823491,7.389636397,5.33355512,6.56685243,4.074107029,6.387623276,6.675439962,7.4918419,5.805045624,8.587136172,7.554323889,5.271638954,4.098904182,2.710052177,6.073316836,6.927951788,3.421499879,7.843101585,4.138839878,8.687561847,10.54137674,5.591467758,7.907474431,4.787774113,6.32927212,6.31369073,6.935855523,5.325637028,6.113935763,5.631536659,5.707796218,2.045596827,7.613040192,7.776333315,3.768039303,6.200552829,8.441853163
6.085510493,5.604851814,8.324078991,7.858550852,5.596199627,7.441476108,6.375745998,0,8.536406694,8.075734074,11.08925936,6.693095992,5.480135485,6.476759124,10.70002194,8.11448387,8.803700776,8.918553748,8.738619604,9.129925312,10.06788386,6.656903478,9.851910215,10.22043575,9.479015208,9.91089764,6.514272057,7.810956646,8.86506058,4.971098365,3.810141288,5.447702502,5.690632258,8.692181579,7.258911922,10.4511109,6.74737051,6.707200698,4.598284751,4.873897358,7.852778357,6.077436398,5.99441997,5.278434359,9.547363187,4.917012006,9.409112178,9.534464599,8.201681982,6.329632491,6.187225523,5.492432379,7.955750712,4.650986818,8.23361322,4.842826603,7.242555707,9.065913387,5.267290019,7.421430066,10.4495022,6.342305633,9.317291598,7.860147518,4.76945354,8.363992924,10.49176493,7.268873379,7.756295958,7.908490816,6.160915155,6.368114587,4.86932281,8.768230635,7.532985534,6.772381213,7.210160431,9.446597126,10.00969445,9.216168472,5.801944661,2.938140082,7.636375301,11.10592245,6.529147663,10.65146498,7.291767117,8.486513809,8.152725884,4.918229864,6.122815763,5.674981289,5.672013284,6.596147242,6.406697943,5.973575114,6.478577797,7.219415863,7.655618918,6.116830042,4.423377093,5.407106385,4.974098264,10.03148185,5.511263771,5.733591715,7.654334728,6.236632367,7.776446687,8.993087745,8.589814722,7.357669626,6.691754718,7.863717252,8.129746212,3.819664945,8.643364087,8.194557093,7.238817375,6.52732336,7.854514372,6.29100609,5.646131639,9.635413916,9.347689486,7.272550581,6.211332097,6.486383243,8.58989162,4.54307922,8.233903877,7.929071479,8.21442801,8.496713069,7.767433656,7.322407245,9.02351413,6.440454559,9.518273705,6.936140047,8.989239672,9.348828764,9.878251382,8.3186942,5.793869903,5.334027054,8.134135971,8.879689984,10.74517874,9.995355797,6.521593023,7.791786583,7.818085809,8.970028008,5.178466986,8.388577716,9.554611308,5.699713202,5.64411301,8.192457894,7.87153917,6.493734265,6.424098561,7.074568605,7.638270753,7.737202139,8.454899698,8.687890988,8.711699474,8.103871386,6.858721293,8.132480546,7.600778531,6.022833467,7.258296983,4.809159093,5.527547788,8.445174009,5.064900586,7.192313963,9.40330524,6.460042909,8.763301298,8.838381139,6.060639939,5.138219715,6.93120243,7.440807727,4.646042201,7.872571912,7.819465293,6.843035595,8.544389011,8.060564625,6.47649482,6.071807319,5.574420209,5.177984911,8.781870296,9.545507482
5.947448037,6.712318041,7.914577615,8.202110961,3.929841725,6.725545929,8.975059654,8.536406694,0,7.027298878,9.767359465,2.871973466,5.667907197,3.551903501,9.422899687,5.490215095,10.87084934,5.351098509,7.292608194,10.31152519,7.138152078,6.533752872,7.003090605,8.250569202,8.363427145,7.098767028,7.13022117,3.798729611,8.373282772,5.781350638,8.730131303,5.63147492,8.439679716,7.288013514,6.354014039,8.773324382,3.83111749,7.913512672,6.011626847,9.756935362,8.784558345,5.73139001,7.568317229,8.081322374,6.849210078,7.015457207,3.513494853,8.302473569,5.003395065,4.808937337,7.424263352,8.738823139,6.498259783,8.305803858,8.686931276,5.034687865,7.572362693,8.524037164,7.581938625,6.820026229,8.032554289,5.167428868,9.234087892,5.189612243,9.456920231,5.599330843,5.343879855,7.984887376,5.060072835,5.980421842,6.462141307,6.391397265,9.49229813,9.593525365,3.41521244,7.73729179,8.537700962,4.975762727,10.646875,7.664980128,5.443827493,6.170976455,6.322742219,7.134468422,8.809025309,8.018994481,6.187936942,8.704570001,8.829779332,6.028071418,5.72126894,4.093288729,7.696303075,7.063358821,6.987715925,6.122073424,6.504610576,5.777747005,7.511663137,7.633117319,5.250419061,7.940874426,6.584243014,8.239843875,3.802354475,6.198614868,4.445873605,4.601268263,8.255857226,6.858918142,6.410834275,7.175010556,8.242413112,7.92422296,5.903447913,5.688047351,5.191439275,8.613382389,7.117345538,5.973690962,8.122438935,7.008262716,5.62377142,7.424944852,5.640513828,6.332403275,5.499433032,5.141685582,8.088044517,5.123875855,7.146529021,6.678739196,3.968996519,6.35862179,6.027738511,5.918298101,8.729088581,8.465429855,7.319612685,7.38617204,8.082690428,8.519065619,10.22582635,6.12016918,5.672208272,6.861747032,6.700828621,7.556707712,7.442380767,6.225685772,5.051996462,5.447701903,10.38815593,7.204688543,4.920863118,6.482100264,7.697425299,4.618321133,6.68124554,6.346178587,4.742850003,5.32511917,8.86241422,8.371631297,3.530014491,5.73266027,3.809723043,7.644364226,7.420845954,6.82111163,3.69708837,10.16552723,4.415838419,4.349735074,6.347278502,5.842169082,6.944586819,6.603648962,8.968422932,7.584729002,7.769823043,6.687507105,8.010883324,6.019449633,7.633446573,4.73910863,7.30385947,5.307698277,7.075142815,8.20911206,5.942153367,3.032770938,7.208118985,6.499575131,8.001967486,6.84170727,5.564743366,7.461164737,6.282771282,2.575663978
3.226874974,3.850881706,11.08058517,6.538959522,6.175825324,7.118638104,5.496547233,8.075734074,7.027298878,0,7.988848806,6.548700914,3.527777016,6.553485935,6.970001021,9.528965768,9.220433225,6.116450411,2.92718358,6.588785097,2.725893841,3.386840034,6.164341429,5.712960648,6.596927326,8.015044572,6.932627463,4.36763042,7.309746874,4.302952937,10.30192232,5.64173303,5.644293296,5.759176283,7.916348962,7.562611669,6.589531605,6.835177854,6.805426289,7.924173651,7.45791983,7.410396417,5.593132714,4.437087967,8.337149394,4.816931459,5.139573319,6.917424916,5.728398007,6.662653891,5.908486181,5.89529806,2.488099297,9.007956568,6.79742606,6.273009555,6.923457806,7.036970992,4.950709054,5.009517382,5.57091148,7.349090839,7.043164043,4.454403678,7.34572708,5.212305943,4.489770196,5.347642301,7.236844748,7.448613205,8.477023292,2.924778064,7.814765816,7.092750377,7.495330817,8.108985067,5.785588181,7.953838158,5.446545519,3.48014999,6.96029263,7.268590115,3.493716579,4.856238478,4.055801538,7.853919295,8.744697452,5.23100358,5.9847782,7.322455377,8.419536424,6.732947819,7.019948573,4.5293802,6.842981048,3.549842119,4.780653268,4.808015897,4.954320216,5.2394486,4.525417322,6.299541364,5.541574393,7.881100652,6.576284802,6.172442568,8.5324257,5.116093771,5.519983785,4.904854491,8.68814287,4.028656448,7.947941699,3.389233312,6.490498859,6.734783656,3.262778953,3.51564153,4.581054021,7.9266477,8.287897334,5.167781565,5.545441032,6.357053097,5.841607715,4.412758052,3.460010763,8.22234879,3.826080602,6.466755949,7.234756473,6.32466572,4.953913567,8.372475938,6.428340164,7.247619756,4.769814972,9.370360792,6.939127597,9.61905195,4.877153957,4.355806441,4.701838199,8.61184875,6.245445974,4.323340735,4.946701277,6.700533109,7.836686399,4.533852067,6.700258328,5.282857236,4.860098099,5.628190158,4.608375408,7.090159504,9.85363851,7.280812372,5.426998992,6.11431102,5.663261582,5.97562029,10.21793543,4.875212137,7.741493171,2.935051185,5.682515878,5.4044189,6.289957354,4.97324904,6.379728309,5.737860379,5.183606648,7.942163813,1.202332147,4.012480464,5.426055168,4.995024384,9.278983021,5.793536701,8.318207469,5.97287796,6.691708618,6.712167986,5.353803085,7.562812583,5.231327027,3.744612725,7.235539004,7.770479445,4.581173804,4.985111825,6.881846472,3.175049872,4.465257683,9.694699182,6.922790883,4.446616544,6.291518694,5.84727558
7.375745053,8.112358483,11.28202813,4.252789507,7.935134634,7.941830265,8.133856755,11.08925936,9.767359465,7.988848806,0,8.389983615,6.845009913,7.765647935,2.415483859,8.291196324,8.026204531,5.011916614,8.961711047,3.575266806,9.769951912,6.115811409,9.610842867,5.869969691,7.649755736,9.033074731,6.040107408,7.655554389,5.092071357,9.659414463,13.92072564,6.931861668,6.295160981,6.832684423,5.657142046,6.724024393,8.720229645,6.067154355,7.7978992,10.05776088,5.407840336,8.755197952,6.652554567,7.005173943,6.819419541,6.502988925,9.216079278,9.028290019,6.146276164,7.718364104,5.686799898,7.988581431,6.669717242,9.555755669,4.553975388,8.719284129,4.820101596,8.310572486,7.970481376,8.843744023,3.378729822,11.29677192,4.840800176,5.674766139,8.334967982,5.361850328,8.078973177,6.580472443,7.661057502,7.196945325,7.732990841,7.293027828,9.812012794,5.687038923,9.511319836,6.209547243,7.562108519,6.641046286,9.480829336,8.058129177,9.295936501,9.229551036,6.037984577,6.886455229,10.69893458,4.660960222,10.54120765,6.457345226,4.644103273,10.14824379,7.706786662,9.768654284,8.38594643,7.695822448,5.145382151,6.467779298,5.035297467,7.708863348,3.850162048,7.803607251,9.177304756,8.590392411,7.403177462,4.703873987,8.201486423,10.62304501,8.01560893,8.604022777,7.3162332,4.232031785,5.768454606,7.252412925,6.765856236,7.3556676,5.863745503,8.386576344,7.42123588,8.549032306,7.633106754,8.55258265,7.423806871,6.722966608,7.597244586,4.063930564,5.780677116,7.084528559,6.955923525,7.591426252,8.009426704,10.11345251,4.883143633,7.04895156,7.491776248,6.132516008,4.879272768,6.251550023,7.915350961,8.208339455,6.485010279,9.850597157,10.04564072,8.960279888,5.356753308,9.361062822,6.572217069,6.578692304,5.726552986,4.386177162,9.326585437,6.121457789,9.399401904,6.826064584,9.806355541,3.30134452,7.415459403,7.794044926,6.754915028,8.565506716,5.534821978,9.220752651,11.05035429,6.893907687,9.230296578,8.413474366,9.878131779,8.582269342,7.309286629,5.478328129,3.236159642,6.308213797,7.015295435,5.186995216,8.553823145,8.755783559,7.459340607,7.236176908,7.708724447,4.648343679,8.060513481,6.488397723,7.959681506,9.31557559,5.270911589,10.06898727,5.822855938,9.23405425,5.254529638,7.139210992,8.200532373,8.629074578,7.064878303,8.756778859,7.36336937,8.570149842,7.385643852,9.238212609,8.479696012,6.684469184,8.276493062,8.67687816
4.435086241,4.849467303,5.964305445,6.262382541,1.339712264,4.401394817,7.329267998,6.693095992,2.871973466,6.548700914,8.389983615,0,4.210626134,2.814379966,8.483019458,3.910299081,8.222279861,4.180510611,6.518921076,8.498840979,7.486228793,5.359921172,6.912085641,6.730808179,6.47824361,6.037659376,4.874213437,4.203222597,6.556106707,4.474069634,7.567798141,3.911648198,6.622743126,7.039334142,4.312836091,6.849981874,3.41394366,5.288569361,4.529438077,7.25683779,6.342030324,3.219000326,5.177052568,6.128318628,6.710723834,5.069058058,4.957202774,6.511485434,4.463924378,2.19791558,5.758563876,6.335477923,5.394951645,6.862483376,6.353657016,2.819948449,5.941015277,6.905192292,5.461244938,7.00866168,6.931304589,3.812877399,8.223737426,3.843103006,6.96768584,4.033658796,5.813368994,5.789370199,4.808178657,4.660168819,3.954921809,5.614265103,7.570460521,7.342486333,1.777843429,5.718897767,6.296895001,3.794791412,9.309522543,6.859469289,2.9351074,4.000891765,4.780364697,7.11141489,7.687177056,6.655018026,5.180903521,7.410833056,7.107533117,5.617758522,3.398882792,4.122616402,4.99423158,5.427130792,5.012825547,4.671994468,4.847510702,3.877981348,5.78758105,5.355746687,3.785788713,5.555950642,4.213724909,6.309672155,1.91507818,4.509402884,3.61009486,4.153496484,6.16210501,5.510983692,4.617725764,5.467237145,5.555977941,6.526862253,3.720353143,3.419075143,4.606327055,8.090682062,5.163395147,4.204748296,5.634662059,5.071362961,3.194125617,5.72609962,5.603365149,5.24722481,3.776184456,3.309293546,7.036105789,4.046280056,4.944124678,5.627205979,3.684825673,4.716944657,3.919582462,4.229652448,7.330645823,7.124400254,6.149275011,6.382392687,6.958211608,7.308571187,8.945897582,4.815262758,3.431698928,5.311295957,4.809915089,6.790198815,7.204707874,5.567086079,2.893215111,4.373291611,8.829353885,5.633616989,2.887304946,4.363346725,7.060930536,3.101550437,4.59700304,4.731365819,5.778323519,2.769097777,6.709433844,7.073697299,3.10091349,4.980704457,4.031122264,6.629704293,5.546457376,4.952934251,2.290815895,8.44976582,4.453606818,1.966333312,5.720629928,4.114135331,4.901578238,4.865082036,6.417654826,6.419926617,5.560692083,4.97933845,6.557740254,6.368096593,5.442326572,2.601156179,5.044441991,3.905958088,4.317826384,5.706538887,4.244129735,3.038614513,6.86672775,5.493688306,6.777395468,4.647651763,3.281193418,5.38245628,4.741310015,4.320414785
1.853880399,2.84053271,8.469431087,4.371289041,3.326293197,5.210527434,4.298613135,5.480135485,5.667907197,3.527777016,6.845009913,4.210626134,0,3.763913426,6.172067515,6.679995051,7.689375838,4.58603733,4.855088342,5.586297051,5.759243058,1.709534407,6.255203423,5.887258217,6.226520569,7.31210474,4.061431939,3.333226762,5.787304213,3.317328842,8.015217648,2.466130037,3.485518321,4.658772093,4.888008133,7.000749668,4.534276528,4.566454932,3.489090947,6.136328649,5.319515933,4.876925194,3.450954851,2.771899366,6.224535121,1.793358826,5.378424659,6.787727401,4.14853256,4.201488969,3.10338333,4.355541156,3.062724257,5.971654208,5.068386081,3.519375709,4.353916607,6.209039693,3.245826223,4.359372808,5.390931408,5.895008349,5.836788875,3.219148374,4.981923833,3.803030793,5.556034486,4.329815901,5.074357789,5.036669805,5.405123738,1.855209223,5.579459549,6.010518852,5.562289162,5.243877543,4.7825952,6.082221827,6.925529324,4.896598374,4.801386809,4.052625323,2.89229618,5.910431092,5.069333251,6.516278023,6.839097269,5.0676503,4.754786445,4.775463822,5.11752776,4.3741955,4.910423305,3.365748624,3.695056054,1.060371003,2.222052172,3.826415187,3.205497833,3.880215975,2.588997657,4.411452553,3.106194703,6.358924651,3.661988591,5.041473463,5.617605539,3.175438666,4.808239859,4.051590362,5.989955725,3.853596547,5.442814742,3.895378702,4.562954071,3.521193625,3.873929672,4.524127627,4.087419181,5.131536221,6.046154991,3.068019906,3.119547997,5.325612156,4.624975582,3.166980478,1.807947131,5.022900989,4.996018839,4.089868228,4.938169098,4.49497673,4.159581482,5.67574051,4.037870809,4.412164402,5.3634028,6.156975745,5.664687092,6.653700342,6.08743803,5.845823674,5.596080231,6.825872458,3.091300883,1.546613041,3.943384161,4.848439315,7.699933167,4.926008796,4.995192811,3.688231121,5.876732636,4.393088133,1.727266965,5.760666491,7.196012125,4.502881222,2.34179954,5.524804203,5.370413245,3.540193887,7.246994277,4.299653658,5.689143176,3.718922426,4.207824794,4.305815982,4.556765329,4.279909776,3.752022658,4.982762076,4.338636559,4.976539699,2.489886075,0.77153264,3.223847756,3.890966217,5.956198169,3.819986773,6.902875309,4.604928058,5.393720541,6.352066289,3.208194124,4.747087623,3.317237517,3.226633589,4.439354844,6.291099386,3.84169482,3.441270181,5.184913969,4.222100358,3.240014354,6.367705133,4.473492918,2.217267076,5.513396614,5.349083162
4.840877374,5.849853124,7.3932691,5.775464065,2.589385584,6.030871957,7.021105821,6.476759124,3.551903501,6.553485935,7.765647935,2.814379966,3.763913426,0,7.263515193,4.298684653,9.533381691,4.481574947,7.620488631,7.99093962,7.926654973,4.544422834,7.113045859,7.933953258,8.159632672,7.669618542,4.714651962,3.103749956,6.83804111,5.430514882,7.75805396,2.971927807,5.84108317,5.169431761,3.815927384,8.519858414,3.138255446,6.170106963,2.751747572,8.311989631,6.805541577,4.869502156,5.814619386,6.10335399,4.438438231,4.502420254,5.071771864,8.647020751,3.742841187,4.033634871,4.427529623,7.201223344,5.888845259,5.382182607,6.901104642,3.728593154,4.749612349,7.794466776,6.089249111,5.107078951,6.954854228,6.052783313,6.864977487,4.417060073,7.192750389,4.746106184,6.397957972,6.891884936,3.288022386,4.237450709,4.577966985,4.633387254,7.218582123,8.182455048,4.432102418,5.134937689,7.435844126,4.797923894,10.18498193,7.511641702,5.195458129,3.992732958,5.463108512,7.197867962,8.312442748,6.837348464,6.057705891,7.393684045,6.823727264,3.680872182,3.397599798,2.455525101,6.54717754,5.850354802,3.883989119,4.176399934,4.072591462,5.633829146,5.342715373,6.5412368,4.372853823,6.595374449,5.001493185,7.073911218,2.018143919,6.432554794,2.242654406,3.224184671,7.383247751,5.64022598,4.567174712,6.600991284,6.438428531,7.055584676,5.035756828,3.515291018,5.617299174,7.281791348,6.674632159,4.256176659,6.766355639,5.188709189,4.440708422,6.489236523,4.132825173,4.934657639,4.511868586,2.654452189,7.75812637,3.939979206,5.399505656,4.899378833,4.288705651,4.354156568,4.308605963,3.521130444,8.153429753,4.966587643,6.214148632,4.903577762,8.659664987,8.720668979,8.700396361,6.171340832,3.27144016,4.356893922,5.892147202,4.850403828,7.994910918,6.319220352,5.402597006,4.311660725,9.493924555,5.729989404,3.378231683,6.531685351,4.968054409,3.017957002,4.048786356,6.889974669,5.25899167,4.199401711,6.724870132,6.908875182,3.931026104,6.016028317,3.054080169,5.7364109,5.677596956,6.307983166,1.909259406,7.86734972,4.393842355,3.130635903,5.50300308,3.878867263,5.273020214,5.571326141,6.125855958,5.055585409,7.618706283,6.12642546,6.460545677,6.336278459,5.605826338,3.647857223,5.601427432,5.189395934,5.403458622,7.724329352,5.701637923,2.956800039,4.913230639,6.785058076,5.877822219,4.757098807,4.600871447,5.446363628,6.569746083,4.10422728
6.95675854,7.998632707,12.05442273,4.554524452,7.974272322,8.649152282,7.565332029,10.70002194,9.422899687,6.970001021,2.415483859,8.483019458,6.172067515,7.263515193,0,8.899201546,9.442364139,5.42355126,8.629698194,3.742664431,8.828719084,5.140143641,9.016809898,6.730224818,8.545273794,9.704216412,6.378865317,6.611194229,5.977008809,9.260726326,13.56827808,6.498076124,5.785760971,5.194723812,6.210270121,8.125870277,8.328720977,7.000840389,7.203958976,10.47482799,6.464372932,9.211513949,6.990256702,6.68136027,5.821937663,6.054293625,8.43649651,9.883286784,5.698300098,8.18255542,5.036305521,8.306769325,6.270098044,9.034471453,5.747967165,8.685971536,4.640577985,8.658090375,7.918307059,7.092074419,3.733147675,11.41825934,3.825282094,5.724486709,8.544870419,5.724659344,7.579389718,7.175263777,7.059555043,7.185571076,8.393718476,6.055563441,9.468502889,6.855523452,9.838022247,6.589336729,8.063742009,7.416257029,9.37870411,7.648051591,9.721339903,9.102743807,6.002141505,6.293759681,10.0710509,5.625684075,10.67470308,6.196102466,4.765107069,9.101503995,8.120203683,8.896295369,9.070234072,7.444646313,5.135135254,5.774938742,4.594783123,8.018036224,3.736362801,8.116271592,8.721940431,8.873155566,7.589352476,6.210085773,8.066027769,10.69332455,7.935561095,7.742763034,7.839001074,4.41154292,6.661765494,7.410528055,7.802686648,7.052606444,6.73445376,8.32864187,7.16883984,7.084619577,7.988727017,8.633460178,8.437403111,6.619011418,7.810941763,5.284707338,4.71075186,6.450875087,6.759049301,7.775706535,7.758601517,9.57931689,5.918636724,6.556992267,7.227871116,6.660348337,5.584208303,6.339242591,7.904831132,7.605625001,6.623685944,9.410349657,10.12679742,9.054040125,4.758432835,9.886944503,6.641842548,5.755953764,6.280819528,2.967872429,9.43346893,6.161717865,9.809555516,6.51665736,9.482888638,3.984313749,7.197271823,8.759287269,6.39706484,8.468876019,5.409153459,9.66441365,9.919514189,7.354676834,9.772356257,7.74274466,9.772221838,8.187979897,6.59316883,4.649914249,4.27702111,6.904642963,6.915186733,4.723859229,7.927608208,9.029370829,6.437708732,6.712105668,7.619369032,5.239167745,8.542101767,5.502996818,9.25223382,9.321481002,5.582168223,9.42075232,6.017135981,9.363760333,5.76663692,7.160272343,8.71007985,9.669950789,7.35969979,8.104908666,6.061363027,8.386288582,6.32763655,9.664199463,8.795938507,6.477200272,8.792812168,7.964304972
7.501942748,7.616671793,6.685903087,7.234899874,4.135749251,6.58511939,9.765616629,8.11448387,5.490215095,9.528965768,8.291196324,3.910299081,6.679995051,4.298684653,8.899201546,0,8.504907178,4.762083578,9.865169065,9.216315896,10.77217433,7.685975199,10.18036325,8.605583028,8.726886512,6.459097632,6.00747175,6.900273069,6.145690592,7.597611262,8.744001761,5.907648532,7.431639762,8.856192655,3.085268904,8.144941431,4.443976631,5.932007324,5.198262769,8.523170251,7.168110617,5.44979577,7.128159173,7.910659034,7.095084336,6.859491552,7.460003579,8.891243706,5.1069346,3.68660794,6.962464668,8.097337223,8.31251037,6.371136223,7.127780131,5.644148691,5.527929096,9.46438932,8.030670965,8.934602889,8.307052666,6.920390651,8.113564464,5.648532461,8.382848624,6.130916801,8.859627983,7.366982029,4.617525964,6.294367348,2.734642945,8.190965717,9.503218757,7.8889408,4.718126267,4.44258153,8.568032774,3.303007374,12.25511342,10.07682277,5.446383678,5.32513022,7.404080971,9.737660234,10.808628,7.598524073,5.019901614,8.362500872,7.497335268,7.206426643,2.657757811,6.022267709,6.523477028,8.36144255,5.177448568,7.152861284,6.005168092,6.885494258,7.057143505,7.803916617,6.988279268,7.902411534,5.746147871,6.988426896,3.605267072,7.718115281,3.359757966,7.138778875,8.551106823,7.304524825,2.59918284,7.693717476,5.355464068,9.433616195,5.206369534,4.585720254,7.786775477,10.93292892,7.711484163,5.949260166,6.805956339,7.434851191,5.891672233,6.558891548,7.17391425,8.063714792,6.662328097,2.195613678,9.130626101,6.953975096,5.627625749,7.798022823,5.648175262,4.890786045,4.844227041,5.247335651,10.23613236,6.638052441,8.149327484,7.134620894,10.19016616,10.28892027,10.59094731,4.318300721,5.076970906,7.298538612,6.979912998,7.125584147,7.633429131,8.075411581,5.50287777,7.0544039,11.61224498,6.439788689,5.744331918,5.649434002,5.37801068,3.400930052,5.654300702,7.859771923,9.123343872,5.025039258,4.82048201,9.93335773,5.897548481,8.537339536,6.429982732,8.57751145,6.137775794,6.806780557,3.315127486,9.421557842,6.210047049,3.077343269,8.512136917,6.579773897,7.467149711,6.463371663,5.775782528,8.239197728,6.8814211,8.169548154,6.403974579,7.50022485,6.479199306,3.598877277,6.577865685,6.633805892,5.274584113,7.366907383,7.141427404,6.480177292,8.480506461,8.842497773,9.171809229,4.343329915,4.209524792,7.321338539,7.632055285,6.918098677
