0,8.215696234,7.386166009,6.896061985,2.874068813,8.296489517,5.109549655,6.408504485,10.106543,6.759755478,8.511305989,6.343469379,8.034143659,5.516063663,9.773279761,7.329845471,8.819941195,5.202650077,8.827701115,6.12121845,6.608762826,11.23731088,13.25711343,7.908163964,6.147903197,4.159754465,4.775717251,6.745908056,7.611329915,8.623479052,9.522424066,16.43887811,11.45439098,9.591851844,7.194751462,6.662460653,4.827549266,11.38980358,7.034721655,4.494989343,12.34539378,8.68040436,6.76966707,12.11310892,10.97315321,5.698827758,8.143797884,7.712526725,10.9024477,7.03319207,4.666639144,6.082088374,5.148921334,12.56307065,4.610345481,7.916352559,7.887624481,11.17389379,7.516591486,2.459000268,8.270652787,9.1629065,6.693054352,7.878709613,7.739058493,11.28390595,12.10921797,9.274658999,4.229232771,12.29364839,8.524953329,8.334266893,5.461029865,9.727684496,6.505900739,7.093590167,10.78602235,6.40946105,7.448079359,8.385597644,6.939886081,7.547726538,8.196065068,11.7313049,5.752812017,6.22881445,7.761657686,2.938612326,8.649660394,12.48412039,6.123520116,7.791558865,7.756870474,8.033068918,11.40625587,7.67612496,8.74134196,8.724950869,9.529946155,6.679449654,11.12334265,11.32638664,6.324944575,6.297416495,7.411970534,4.076475795,10.14720646,4.227988599,8.184844734,7.699224739,8.374115873,9.176740778,9.861465342,6.954394572,11.12559955,2.190047973,12.12492197,12.10453236,6.208428228,12.14313373,9.011918666,5.554983288,9.009919783,8.674776774,6.923505358,7.009055139,7.56637648,8.740754786,9.371907137,7.946521212,6.032725153,6.237357341,7.479723385,12.95022328,5.826150645,14.74937723,7.326326413,9.932347404,7.936445392,10.33010401,6.223851803,5.169718188,9.335592774,4.076845237,10.48087076,9.251931363,7.801545929,6.484107983,6.650455676,4.038710106,10.30177702,4.34151047,8.341716759,10.39048029,10.21343069,7.703126264,5.22236443,8.373225407,11.55499306,4.357864231,8.288370222,10.84450203,11.18584659,7.831933526,12.70975739,8.7613693,8.642961329,9.55532461,6.837217109,11.15262311,9.609103189,4.516274648,9.882994886,11.14741105,10.23718711,7.040230492,11.9788994,9.36697146,6.356910425,6.280913733,7.895624694,10.47204439,5.503516753,4.928076082,11.00395918,6.788515103,9.374375754,6.018099498,7.14588299,9.648829744,10.18482907,11.04567501,7.892362673,9.141401068,8.326988125,10.88740485,10.6443317,7.530320317,5.268593939,5.455517395
8.215696234,0,12.27396839,9.226294921,11.01437566,11.79887079,12.61183516,5.280297526,6.834996025,11.86915938,8.503052386,12.37083724,12.28715626,10.5188615,15.44665739,11.11190361,8.171743042,9.202291019,12.35170215,9.425215169,5.785852475,10.01646371,15.27071998,11.8344514,9.213872662,6.984018526,10.95751668,9.498911469,11.00073827,11.09217505,12.41354696,13.57514251,12.64130141,11.81047899,7.280956569,12.58506782,10.79066603,5.990396713,9.528100915,8.533433223,12.31410005,14.21857278,10.09755871,12.5729059,10.03575048,5.91365124,10.86632977,12.92059214,12.13583262,8.011202662,6.513823436,11.76250652,7.809557806,13.59420508,9.429594053,11.50623796,8.415083336,16.197194,10.68325537,6.341897221,7.793033484,14.0068501,6.460161168,8.438954201,11.2497235,15.29048853,11.26310948,12.4080842,7.218378239,14.42016929,7.541431803,13.86976096,12.12712544,5.910187108,6.631129842,10.80431454,9.772979923,11.4143704,7.584728405,7.959846559,5.427880702,6.939703463,8.059457302,14.78034169,10.4358624,9.21208511,9.698875501,10.6990082,9.739191506,15.01985046,7.443818597,11.44129131,11.57505187,9.240506147,8.935965432,10.83463964,9.630097259,7.253298404,6.302433481,10.21883673,10.26298359,8.284304334,4.028106311,9.539807347,7.773850925,9.833713776,7.249172548,8.915584997,9.994749804,12.86054718,7.997907561,14.04647818,12.30587887,13.63203682,10.81943574,9.157725025,11.50267361,11.35634019,10.08608183,14.55581965,14.26751446,11.67020448,11.41901377,10.40808044,10.64251202,12.78794265,11.24389517,5.984947927,13.06032081,11.1914204,11.29861408,10.12566738,13.11824451,10.9905912,5.724482514,17.34832828,8.966001883,9.849553335,14.62828071,8.552630553,8.068562671,8.682570674,11.51916842,11.75495204,12.47078861,12.48277961,8.091889041,5.830572494,5.996715432,8.595512652,5.745510297,7.478259655,10.56630899,11.21735222,14.91842614,9.628064933,7.066785978,11.25867603,12.7732727,5.676012687,12.20567766,14.07770191,10.23008048,8.358424279,17.05334191,13.19654828,9.330322937,11.49806781,6.044923616,13.83680253,13.46086937,5.885006667,11.64483174,13.04090398,12.26381491,7.789116962,8.489250467,10.87267584,9.3683329,8.55342288,7.96660902,15.59321485,9.197741423,7.596372312,15.2900251,8.254425405,12.28080167,9.256472306,8.791797255,11.48259868,11.55428265,9.261991567,11.8277412,13.44265877,11.69835091,14.14642157,9.567686895,14.03088482,8.358764239,10.54953265
7.386166009,12.27396839,0,7.453424755,6.793511156,9.920603497,8.498801467,8.067201974,10.89761742,6.039509461,6.062499808,4.13346875,4.980577671,5.316995039,9.57575053,8.523806373,10.86598098,4.538039054,3.49985209,4.486293813,9.403371608,11.91805825,10.52125592,11.65975226,8.588697013,9.021865966,5.033334402,10.88388319,3.299401345,7.912861774,4.363965158,13.01955693,7.046565074,6.487407578,11.73556723,10.29878901,4.645622952,13.18881855,8.950986135,4.264672734,10.07142088,5.78399531,7.459634684,12.0288313,10.09804001,8.96122792,5.797651729,9.650844159,7.660904811,5.955847311,7.553870673,1.840454081,8.830051977,9.056103233,5.226004594,8.977891352,7.762289893,8.788406729,9.648432164,9.327660544,9.150398619,2.898393439,7.92565413,8.955975763,7.398807725,8.769478876,10.00798284,7.352179295,9.15480488,10.24528855,10.60433143,6.649053055,10.21143661,11.36314842,7.504406878,5.444561869,10.45700792,2.128847642,9.775063383,9.035519871,8.99153574,9.312504067,8.658040349,5.647636383,5.996866657,6.801551922,5.791786129,7.474168538,7.717792195,8.222888082,12.1002271,5.382132125,7.719547519,6.080598302,11.73374595,8.592231055,5.712382909,8.740129158,12.08797055,5.239200143,11.13498461,12.51311881,10.4365373,11.00740889,7.329626727,4.730151329,9.149456925,5.070504871,6.813633622,6.330434668,9.873221094,5.217753197,9.746055219,3.414991814,9.181166248,7.925868366,8.3909398,12.89697119,6.097231069,8.517421042,3.071603979,7.654070176,6.796063335,6.871978555,4.415797386,3.684539811,6.725516861,10.26689951,7.900211644,6.097035361,6.557389971,8.801499409,3.297798836,11.74358256,8.071781126,12.6051519,12.43056538,7.49787591,9.428932142,11.12708539,11.10259919,4.853457342,5.985381284,7.67149018,8.393612402,7.511272568,11.48951019,7.887174463,10.96885141,6.115329815,12.00997136,6.502799099,6.13984458,7.934743592,6.465178412,11.05520866,5.848897749,5.796426449,7.885912986,8.116775642,8.28908836,11.15398611,12.43036716,8.161761142,9.025120519,8.437055198,6.189289366,6.854706153,11.13158786,7.984354499,7.417371993,10.20175442,6.212731982,10.94181125,5.919360968,11.3275203,10.97278692,7.279362516,7.434967784,5.628640873,8.703131349,5.583249322,7.195207283,6.776322316,10.68691702,8.638816834,11.33834934,9.347930674,5.173998474,5.100155129,9.182425188,10.96836503,4.79709723,5.569279513,7.908710773,7.08810467,8.674740819,3.692652833,10.90088899,7.658669472
6.896061985,9.226294921,7.453424755,0,8.177833169,4.972708907,9.080259689,7.567325107,7.967889317,9.997750915,6.513415227,6.195337743,5.934789156,3.147825999,7.715836964,6.995102011,8.054230122,3.737620437,6.27473023,6.837674528,9.832545259,8.13752946,8.227902353,9.017857133,6.980322821,5.518659018,6.947030685,8.38618599,8.943073797,4.680173039,10.08317597,12.85575359,8.857444601,7.592535031,8.116558291,8.996950566,4.443272924,9.301358373,4.010247311,5.723816735,8.129968589,6.889385596,2.904178248,6.241088596,9.863927193,5.926440471,3.149096021,6.534397377,6.492131395,5.706177595,8.012326306,6.401977222,6.360313624,9.580137311,5.192904244,5.140407906,5.130737895,12.25411408,3.527604715,7.718055215,6.96752959,9.555278311,7.570890159,3.892861408,6.838184366,9.009980714,7.869452646,5.090386738,8.025429674,8.736143423,3.900498763,7.359819295,9.963861259,6.542621916,4.508084313,8.603603415,4.572480464,5.902539427,5.233934283,4.284007353,8.146239384,4.218497398,8.378984927,9.348306736,7.814191211,6.261658022,6.957811899,7.973131953,8.195870129,6.874019371,7.891017816,8.980629018,9.029496496,3.734862858,7.824795083,4.031569069,5.229166582,5.980855412,5.784770797,4.090017395,5.303044108,6.615314799,6.809268439,6.453400072,8.916121202,6.526272555,7.834695164,5.048879191,7.756080627,7.554809259,4.084453189,10.65109913,5.814316845,7.912010062,11.4451372,6.011534951,9.246930182,8.398815889,3.731181733,6.580542096,7.87172663,6.475075164,3.648334366,3.202962523,4.17432284,7.777591393,2.224177362,6.418403759,8.74714152,4.42614689,6.472968245,4.251046592,8.707979951,11.20296003,5.325127855,13.74975322,7.874295088,8.657789774,11.47414701,9.341860293,5.284546276,6.988326731,4.994880475,8.283147915,6.122617646,4.947186192,4.694972078,5.968360251,5.187483299,6.111050417,7.249792236,4.364709282,5.264229051,7.828149917,6.86470641,7.459616285,5.675626014,5.080894176,8.071827915,5.058488357,7.003614326,6.033094393,6.340421598,6.243800558,8.746596606,5.642076584,8.656908543,4.088373276,9.243167342,7.207019095,5.381204339,6.113959139,6.71203151,7.102796435,11.23364887,9.681842376,9.064392975,7.40429503,1.431862426,4.511122131,6.708530013,11.22811182,4.142899838,4.980534494,6.791510684,5.3916629,7.641829219,5.305047173,8.53648161,6.594684149,6.612632899,5.295516382,9.40466937,5.429477287,8.185017283,5.592966654,6.258593093,9.052451139,8.48475681,4.641273439
2.874068813,11.01437566,6.793511156,8.177833169,0,8.942231817,3.283338108,8.592771497,12.37041097,5.944686978,9.800285619,5.440885305,8.010593666,5.829002587,8.834624401,8.070711432,10.61172161,6.07981876,8.896656654,6.853710173,8.470019195,13.09477313,13.80946979,8.248673677,7.363922943,6.209801144,4.471315909,7.875876263,7.622044407,9.601093515,9.371594129,17.89068359,11.97455722,9.959017555,9.213866758,6.233817275,4.646282677,13.84034114,8.400358399,5.529702356,13.32764077,7.774897928,7.796221466,13.23342536,12.45157256,7.952336323,8.855011381,7.808952337,11.52995626,8.552034124,6.628130952,5.407549963,7.004942734,12.92775289,5.155726461,8.6935624,9.443323584,10.45536492,8.44456192,5.169411084,9.957781772,8.354024644,8.60871122,9.680218552,8.411649589,11.20193328,13.48327736,9.811193123,6.12738298,12.93691843,10.55836817,7.365893804,4.896993721,12.00591037,8.420747696,7.057124996,12.42299326,6.169452019,9.391782225,10.29660401,9.1530935,9.491268094,9.506292832,11.58370502,6.116391595,6.951986385,8.817952144,2.356643556,9.463032122,12.62041064,8.389071344,7.967726296,7.941822084,9.177426052,13.33040959,8.575256393,9.775914936,10.57349771,11.91765501,7.163357877,12.81141945,13.39824413,8.936879401,7.821668097,8.866640464,4.38513183,12.04354267,4.908625761,9.132467382,7.183504012,10.14327037,8.454765726,10.71783604,5.418216972,12.05828858,3.353989434,13.25909021,13.69913682,7.003705266,12.36465802,8.024178249,5.246444063,9.655550902,9.732668451,7.343377608,5.850379215,8.066177133,10.90302838,9.426282601,8.575053086,6.182420773,7.326287604,6.236389703,14.6186119,7.879597726,14.30708244,8.88223288,11.23382488,6.809866877,12.20891215,8.203627702,5.92331745,10.05181871,2.618287444,11.28643398,9.727340259,9.753414747,8.662325344,9.010443025,5.292033703,12.72622345,6.154168217,8.976989751,11.43442801,9.704438233,9.24036186,6.805303083,8.962874835,12.1404497,6.76426873,8.722314399,11.36367707,12.86166918,9.121784941,12.2469727,8.59358455,9.526178193,10.23189351,8.887070253,11.18147435,9.772003702,7.079937241,10.60056083,11.8109904,10.36387193,8.843575026,13.95078395,10.39687609,7.531326539,7.636446907,9.312953225,9.481670367,6.401030333,6.364650254,10.81549625,8.409211058,9.89428656,7.102114331,8.027691272,10.23961475,11.21113009,12.82863621,7.561717942,8.849625367,8.682508641,10.95768135,12.05449039,5.945295587,7.160344862,5.872890543
8.296489517,11.79887079,9.920603497,4.972708907,8.942231817,0,8.957925036,11.29287048,10.94722014,12.31600554,10.09387853,8.626261986,6.58352183,5.001457179,6.765393156,6.582913701,12.45272753,6.332961534,9.043107763,10.70653648,12.7201443,11.83498718,10.5149298,10.57515405,10.76435853,5.978664617,7.704596999,6.494084172,11.76455114,6.84834722,12.57772374,15.85364428,13.30911407,8.317077097,7.117730942,6.222101848,6.723213654,10.97562347,7.68461577,8.437583232,12.59951862,6.248207342,4.34958429,9.034138213,11.0050865,6.906233508,7.258622688,4.756539068,8.462088661,9.546193677,10.08158288,8.73749937,6.719624029,12.17087903,8.611637875,7.858541375,10.02013975,14.5396166,4.662237187,9.234118968,7.523680266,11.76330806,9.465795342,7.156904941,7.71481399,9.821453396,9.429804488,7.837812915,8.174854318,10.52511187,7.290915813,6.644255887,11.33429245,9.49372179,9.068576316,9.799077444,8.006741098,8.261757545,9.486347544,7.248681615,12.04287136,6.2116943,11.615433,12.86521579,11.08389085,9.007210532,10.15769463,8.870531309,9.838630931,9.049909113,8.277248627,10.25952255,8.16522509,7.386300443,12.49823429,2.69128167,9.056020692,8.047654195,8.458681288,7.652633924,7.016964999,8.88977219,10.18727518,5.526418183,10.98372069,9.180298482,12.1352546,7.490407114,12.26751664,10.88183424,7.576007637,13.50948859,5.178570832,9.177774867,15.79994172,7.080237013,12.03140197,7.309588554,5.00703148,9.526794374,9.100709791,4.581144545,5.482269906,6.508730663,6.056635333,9.873452393,5.048405521,10.59317752,12.77702953,6.220036352,6.488762144,4.037002042,10.29326828,13.69208562,8.125395557,14.35896311,9.098108583,12.08794855,12.53149733,13.93748306,5.589874175,10.35288488,8.546416531,9.568387194,9.656853935,5.597241214,5.791686421,8.746033692,6.787588128,9.207902185,9.486688262,7.935377977,6.8343305,12.35730965,7.097786179,6.11772283,8.070837013,6.494853134,8.992981813,8.556175234,10.25914932,5.869988048,9.839647671,9.285027301,8.967535854,7.364476158,11.91971325,6.791552068,12.33523484,9.051373259,6.658594561,8.294570794,8.837386829,4.569081972,14.72124715,9.087042674,11.8539019,10.12565242,3.775915792,7.950683244,8.780606729,13.742763,6.672330967,6.845273311,7.394656872,9.750177374,4.634273277,5.654352733,11.53913612,9.139851873,11.13967471,8.620368493,12.70293966,6.220592855,12.31667649,7.897512147,9.583083629,11.13348077,9.533241697,7.118735649
5.109549655,12.61183516,8.498801467,9.080259689,3.283338108,8.957925036,0,10.98048929,14.64657295,6.508786999,11.30360014,6.217431591,9.548887386,6.895999323,7.221931033,10.18515839,11.8866669,7.913133442,10.68607224,9.238225457,9.959277761,15.24204256,15.40285052,6.887886963,9.089582472,6.839224874,6.992593715,7.848951387,9.567584644,11.48403686,10.81737229,19.60806324,13.28167488,10.7081993,9.969757653,5.596186383,5.858174155,15.16109114,9.656691135,8.042563215,13.92419622,8.023670078,9.216523192,13.13252894,14.63708357,9.582086024,10.12413034,8.786922661,11.87086622,10.95652056,9.318623841,7.165888793,9.126632514,12.77867749,6.419286974,10.16059137,11.0850676,13.06186823,8.224479719,6.970682725,11.15460365,10.4732461,10.87365692,11.50942112,10.81883542,13.25251455,15.07383808,11.52252513,7.849913727,15.06548468,11.26921677,6.544034765,5.637104203,12.78093535,9.906120035,7.806809808,13.13734409,8.117494271,10.72623233,12.10590097,11.54175496,10.10710333,9.935787543,13.35728929,8.838716705,6.950519485,11.50575271,5.174390259,9.703218935,13.11914256,9.918024914,10.51182472,9.432165069,10.21550989,14.62781637,9.534994499,10.97933096,11.91205929,12.80772937,7.70408403,13.98053801,13.88545749,10.31814534,9.020031781,11.25763586,7.200985569,13.73320199,5.805523254,11.28172669,8.058094601,10.46760908,10.98461176,12.08615714,7.040773476,13.52071218,4.746807985,15.24504166,14.8549994,8.684455105,12.67374539,9.04890027,5.76780561,10.32196353,11.16991659,8.674653362,6.222349767,8.635256782,11.90103548,10.89546657,10.33516495,8.338253917,8.627921765,6.850230674,17.26979564,8.769316081,12.74701877,8.226672425,13.86042539,9.267257668,14.33406798,8.892955959,7.551208575,11.80926205,3.716941361,13.11376345,11.11386955,9.988357678,10.93654826,9.585761605,7.999179934,13.96287838,8.364305009,9.486391658,13.61573277,10.64684471,10.84172514,8.492804468,10.59980597,13.12321749,8.392553674,10.67482372,12.03929899,13.16294958,9.261045026,13.25497695,7.785245252,10.77852715,10.79296488,9.685869699,10.70856438,11.13345295,8.315151504,12.52104393,11.62463659,12.15065571,10.3897024,15.84371363,12.97283487,8.326481865,9.946090496,9.433881233,11.78325924,6.339789109,7.037661611,10.11490263,9.858040345,8.823293116,6.359882168,10.00544153,11.86735887,12.74013571,13.51089732,8.760789874,9.287025752,10.05347012,11.72092333,12.89614917,7.647548293,9.465998823,6.1686322
6.408504485,5.280297526,8.067201974,7.567325107,8.592771497,11.29287048,10.98048929,0,5.848376777,8.780718625,5.639739573,8.848644912,9.281767623,7.982864446,13.76098037,9.13237409,6.478141677,6.188869835,8.295523591,4.550825633,4.876090011,7.995270596,12.19066485,11.33034005,6.207607094,7.333136389,7.822192312,10.44459316,6.78835474,8.416466031,8.663701935,11.86195832,8.624429825,9.871546312,9.207342781,12.13627036,7.742823234,8.499062301,7.512198579,4.717018338,9.968157627,11.58398389,8.142267007,11.86996366,8.66813344,6.075768862,7.734616842,11.2936041,10.35772773,3.778935309,3.99756844,7.788760293,6.89060687,11.73349986,6.235862556,8.930986323,5.204345537,11.46777827,9.978319047,5.906196703,7.878396728,9.37124188,4.826728594,6.655940715,8.365746133,11.80181256,9.836304746,9.125445664,7.115356547,11.26103443,7.746944503,11.84663841,10.12501101,7.404650269,4.148053166,8.569978928,9.142818151,7.450045793,6.071436684,6.545638783,1.439845386,7.39649038,7.00250474,10.05793486,5.925671068,7.512145093,5.321630545,8.164914842,8.748115151,12.23664308,8.302365326,7.892179298,9.933188311,6.95296742,7.651934887,9.64037017,6.767140131,6.814506632,7.891407916,7.510885583,9.789448992,9.648004512,4.581241165,9.454363829,5.237133675,5.80002171,5.068749915,6.526712851,5.290678503,9.09954653,7.910164409,8.983410131,10.74639402,9.750176356,7.376892047,7.592952586,8.607429067,11.81455364,7.659208925,11.83834803,10.57138401,10.19404967,9.406113429,7.868486032,7.821995499,9.355461875,9.00622145,5.794630337,8.909477783,8.274807093,8.661251601,8.827118957,9.696868799,8.772896916,5.407195703,16.32004643,10.06671531,5.740454537,11.10527811,5.703145465,8.697950083,5.069470439,7.927446471,9.218420245,9.040785706,10.00692591,9.122766665,3.747922736,7.53501548,4.74037528,7.584638311,4.294776963,8.775170461,6.875110815,11.80607636,9.59419105,4.894909592,8.480402593,10.79751851,4.05166236,8.553170404,12.47544445,10.13444419,7.498370635,13.85211164,11.27821712,6.454108936,9.364732186,6.365080928,11.85079491,10.49315941,6.155130372,8.438190048,12.86597596,7.902402166,8.785550213,7.652030576,7.131626943,7.971737497,4.921797795,7.899255918,10.58229457,7.800916113,6.5459154,13.52501387,5.764286301,12.75018088,9.318723383,5.103961216,8.173722189,8.275741113,9.082488998,7.811295187,10.73402425,7.885282966,11.10309608,8.248340406,9.689818752,7.502392042,8.491072162
10.106543,6.834996025,10.89761742,7.967889317,12.37041097,10.94722014,14.64657295,5.848376777,0,13.73618285,7.369866409,12.02883392,9.51322732,9.485307677,15.51873674,8.41768303,9.636812281,7.751442539,9.186023816,8.552171318,9.913414346,5.930446047,10.22630749,14.94019531,9.864635109,9.254995902,9.882146928,11.59760777,10.48495788,7.0467824,11.74488872,9.495043361,10.94620055,10.45396938,9.347229849,13.79299875,10.37846282,6.038662026,8.683721137,7.632525129,11.44815926,12.68178377,7.808433005,11.86892484,6.16917408,6.376449058,8.388892851,11.2931097,10.61653903,5.189035594,7.13038613,10.68007074,7.11788983,13.60748471,10.08500038,9.552980768,7.26768491,13.38644872,10.92815312,9.503793721,7.322151417,11.71059461,5.643001771,5.1661534,7.67173897,10.75711111,6.49948266,8.606743987,9.109487515,8.948886745,7.631736251,13.76308439,14.18885234,7.255414171,6.884225323,11.61844559,7.900299022,9.623022145,7.858399065,4.072614609,6.243127706,7.590596038,10.91273221,11.4210016,9.695865373,11.19889678,6.050088516,11.43562533,11.12103778,11.95270816,8.89592646,9.117368921,10.62845446,7.744406486,8.109503024,8.799728605,8.007413661,5.839533115,6.766737316,10.13730389,6.50387374,8.295518513,7.540533805,9.459423031,6.984877757,9.274523647,6.098213266,9.94074655,8.836293005,12.71152961,8.861290697,12.15852114,8.558005752,12.36858578,11.72816678,10.59782253,7.006096093,8.113500444,7.842299163,12.2287764,12.33476151,11.54233494,9.198865107,6.967154738,8.677423749,13.02822313,9.768100342,7.693923312,12.20681953,7.714545012,9.30433908,8.728490947,13.17012749,4.86183927,7.990331538,18.98322264,12.66127203,5.350714991,13.85092346,7.619612206,9.167142004,9.819656869,7.599626998,13.1491347,8.229184197,8.814980938,9.288853404,3.954801257,8.331591912,8.18476118,5.299690816,6.943077452,9.708526072,7.774926521,11.7968091,8.247808694,7.413575905,7.875788005,9.921504256,7.448809737,10.11433301,11.29330471,10.34442444,10.29327597,13.05943473,13.34825923,9.921027098,9.512237592,10.90371409,13.29670371,9.850844385,8.632431339,7.298264046,11.84193492,11.89370006,9.282697799,4.33340879,5.855651102,8.397418102,5.791832482,10.10977924,13.11596838,10.54802189,9.104707668,14.45432136,8.512408866,13.28033647,11.39340974,8.961820203,8.173156173,9.250448451,7.8645065,12.50024987,11.4099501,11.68313548,11.04147165,8.183889458,13.1038192,9.045367128,11.20715572
6.759755478,11.86915938,6.039509461,9.997750915,5.944686978,12.31600554,6.508786999,8.780718625,13.73618285,0,8.358976658,5.836400012,9.978645879,8.241721345,10.55052694,12.20480211,10.39880803,7.940810081,9.197562956,6.516949054,7.004521542,14.85081534,15.53486499,9.022420653,8.632851508,8.994228188,8.039075589,10.91823495,5.313575651,12.29504831,6.350877593,16.5118545,9.275649017,9.644149774,12.25538534,10.60182481,6.749996266,14.62825838,10.68855956,6.9554945,11.32630307,9.51061597,10.90863503,13.57716114,13.73003601,10.43055046,9.622738636,12.57280525,10.55537584,9.233098105,8.493645603,5.965108707,10.91042146,9.734891261,5.403031628,11.65717956,9.502162723,12.22205855,10.79865416,8.274277013,11.18073696,8.04982969,9.927573077,12.0888494,11.77809616,14.10341953,14.33915696,11.92417645,9.402675971,15.41284628,11.87941527,8.257090351,8.363020199,12.05967752,8.477896887,5.639271029,12.90487393,7.137072629,10.57325311,12.32296694,9.421764902,10.53494325,6.597899723,10.4582482,7.545018968,5.244486175,9.968163069,7.738448627,7.546078653,12.50532963,12.70559061,9.427026041,10.37879686,8.969513066,12.92491565,11.90948123,8.640849433,11.1227611,13.25789271,6.6609713,14.64328161,13.8760495,9.887626437,12.5962335,9.278622663,6.697291811,10.70276076,5.209207002,8.398051032,6.852451833,10.55887223,8.320513292,14.03444723,7.105401799,8.113926083,7.795117361,12.7528567,16.37229487,9.889895441,11.86021,8.120426065,9.494119313,10.54480245,11.08506015,8.612254988,3.990981854,9.711489772,10.33835015,8.998015225,10.85276541,10.18122398,11.4601307,4.304066121,15.75067467,7.967825424,11.06544482,10.66504117,11.4495544,10.84022465,12.1620231,11.91256872,4.035773245,10.84933224,6.476204936,12.75570182,12.28307576,12.22054227,10.21798527,11.1994478,7.657999254,13.62420123,8.27523489,8.768869265,11.29178214,11.57841339,13.55978137,7.260776142,10.6845102,12.03766665,8.201123173,10.97231377,14.6933173,13.33345566,7.450867341,14.32128416,9.212389637,6.36063596,10.27015508,8.397968756,9.667913185,12.23990045,9.834546355,11.47175014,13.62489672,6.509315511,12.05037596,13.99977118,12.04670694,9.907965581,9.27569624,8.230167798,9.539831608,7.052039155,6.994656728,12.5138669,9.295510162,12.08077997,8.851793903,6.063797432,10.0423491,11.68644364,13.05955165,3.182809032,9.752005586,8.079532394,11.62090135,10.94946917,6.232865876,11.67873059,8.010636997
8.511305989,8.503052386,6.062499808,6.513415227,9.800285619,10.09387853,11.30360014,5.639739573,7.369866409,8.358976658,0,7.873858089,7.144146996,6.908503797,11.89264187,9.729300042,9.041134685,5.277337327,5.806251636,5.656957797,7.127125724,10.15524539,11.05759749,12.12731604,9.08324216,7.990704631,8.149398427,10.25477362,5.153384341,8.224658141,5.51478809,8.52754189,6.07852576,5.515958664,9.893522871,12.00483621,7.262410588,8.208669426,8.810840501,5.227351991,7.657628792,8.970567797,7.771479445,10.09604528,7.696115731,6.874593381,5.841718809,11.64627345,5.326508812,4.461740211,6.903708518,6.620366298,8.568702214,6.848746017,6.454918579,10.08358713,6.021922841,12.9243653,9.421002233,9.0727009,6.080047464,7.956141829,5.640962664,7.508504788,8.796902436,11.38611025,6.925445097,8.526270051,8.720133843,11.10039401,7.723438087,9.089814274,12.71322204,6.520000469,4.89874499,6.030095398,7.024027763,6.07512636,8.111908276,6.666312356,6.784819453,5.961605002,5.572670746,7.92072826,8.395530184,5.973675609,5.972129948,10.27447523,5.103552545,8.426704395,11.44901753,7.362574752,8.760561142,3.254498226,8.315777636,8.696937016,2.192884363,4.40653142,8.285838347,5.395156754,8.370278327,8.056495011,7.772130514,11.17988666,5.564918502,7.39863226,3.903734287,5.58133359,6.897262257,9.199009273,6.917247124,9.567708338,9.89135767,8.904450373,7.179654081,9.301801921,5.349452581,10.56765409,6.925012181,8.484949831,7.716660569,9.714446671,6.036216998,5.844603767,5.299018395,7.543745688,7.278657336,6.207838457,9.865319726,6.965117947,8.892803651,9.401290868,7.464017446,9.335769932,4.901974748,12.27439908,11.37355192,5.869810748,13.54337201,9.004717017,10.21993312,5.120325062,6.039707035,10.74371846,8.707279112,8.397871166,9.555947884,5.309352607,8.567325106,7.398818886,7.212032366,6.36503726,4.60728759,7.338397604,9.359785502,10.67880386,3.879740671,6.211674582,6.167262156,6.619677209,10.19895252,11.96561707,9.753384714,5.133939566,11.71816022,9.633036211,3.200765101,5.49238387,9.140725782,7.553468397,9.1888791,9.05723279,5.78167235,9.833992775,6.393420965,10.18350738,6.057345082,7.281066572,6.945079319,5.261886962,5.328728163,10.45358724,6.862747752,5.300956851,12.06864664,7.787589469,10.79811579,8.645605813,3.927840308,4.219469078,8.820252513,6.953305776,6.839652691,7.484303105,9.201981024,8.195776135,3.770043515,9.309228337,11.31990339,8.905356186
6.343469379,12.37083724,4.13346875,6.195337743,5.440885305,8.626261986,6.217431591,8.848644912,12.02883392,5.836400012,7.873858089,0,6.47378461,4.052041617,6.607673022,9.057831594,9.268435475,4.956954341,5.684018301,5.220200264,9.85727336,11.64202566,10.51812276,8.216096753,6.564038319,8.042676016,5.823158761,10.49235345,6.473723845,7.939895681,7.773823936,15.55344431,7.831450673,8.562562209,11.5930923,9.222527307,2.34258613,14.04895259,6.763910172,5.51711951,9.217565321,5.77212784,6.781528182,9.942360814,12.66784722,9.380123528,5.251887788,8.242626618,8.470311635,7.309076755,8.759927563,2.777563492,9.03456251,9.513452757,3.177428024,6.910313619,6.988537072,9.454649026,6.994576455,8.461596723,10.40664387,6.312702473,9.698353165,8.578749599,8.44016327,9.573450253,11.85501475,6.980848883,9.456871899,10.90332792,9.21993277,5.827097053,7.465806114,11.11539675,6.882727431,7.208659138,9.817008093,3.900076757,8.085477595,9.285260632,9.386332048,8.918660579,8.544438486,7.430235436,5.656174199,5.569660661,7.741924134,6.187072425,8.7422935,8.13175554,10.93753121,8.428585912,9.578961845,6.557474163,10.93605186,8.060083965,6.836177442,9.95182343,11.25433239,3.682115588,11.11853614,11.99464413,9.45460949,9.680228854,9.83805835,4.592612251,10.25640864,4.212844288,6.802377115,3.29969517,8.386311056,6.929957813,9.766167095,3.729459202,10.08985014,5.87294925,11.26968176,13.55809273,6.217042686,7.536901058,5.052215809,6.841685347,6.851515744,7.142652432,5.351468826,2.762206087,5.00371657,9.556875454,6.083002114,6.765195302,7.027814597,7.621437814,4.488411614,14.06186933,7.820417225,12.34375713,9.735430797,9.969340431,8.682652724,10.8603158,9.304895305,5.075932659,6.801355112,5.019120523,8.163378405,7.760139496,9.632782827,8.984129949,9.59215204,5.624675274,12.38613792,5.85499558,6.963004337,8.475729269,6.811592872,11.05862049,7.00444568,7.231498677,10.09623901,7.056248016,6.65386513,9.415467969,10.44743747,7.541575201,9.103162923,5.082955925,8.08549141,6.833952504,9.854604276,7.291802728,7.080254623,8.596479697,8.566790545,10.77875925,8.600313644,12.02491639,12.88616097,9.114960907,6.252917765,6.474280914,8.6282518,7.418678975,4.994702361,6.492628917,7.492239764,6.826062564,10.21120007,7.333056105,7.642152992,7.701697625,7.878183756,10.45461921,5.438783219,5.551200953,5.875824185,6.647257471,9.467692551,3.754494953,10.02342005,4.276572866
8.034143659,12.28715626,4.980577671,5.934789156,8.010593666,6.58352183,9.548887386,9.281767623,9.51322732,9.978645879,7.144146996,6.47378461,0,4.075376317,8.944472409,5.012048328,12.44448826,3.611761647,3.603105935,7.271982802,11.52226408,11.02375813,8.379029976,12.954448,10.17446246,8.09202782,4.327117797,9.10328254,7.152346253,5.068944733,7.799475706,12.58202145,9.920206571,5.282619013,9.655943722,8.554332744,5.304250686,11.59986421,8.53601463,5.091340367,11.63147328,3.756413749,4.528707424,11.33641194,7.828008548,7.24994388,5.259429861,6.536085201,6.98015917,6.256958793,7.88160964,4.667281925,6.642452918,10.66855196,7.350164879,8.042269385,8.778526608,10.1117115,8.383583321,9.704880746,7.097815179,5.820753141,7.155630994,7.022972001,4.33889931,5.962343965,7.109809463,5.516147112,8.239205202,7.615887103,9.564593359,6.144754713,11.70536844,10.7713518,8.370287756,7.055465356,9.103066199,3.487992704,10.1072887,6.796229907,10.31706787,7.96826404,10.89457531,7.802400896,8.162747575,8.731761438,5.764278326,7.98250224,8.646849667,7.137042638,10.56788167,4.895003708,5.448665398,5.725636087,12.34920505,4.783688635,6.424119783,7.171150265,10.76760831,6.592301462,8.103971323,11.10741441,10.96130046,8.539679817,7.533130795,6.302479686,10.12406741,6.448362104,9.378569232,9.133073831,9.520257328,8.47187938,5.369062611,5.055011648,12.87129232,7.972266587,7.635953561,8.773780433,3.045186869,8.408660466,3.996975975,5.434484866,4.48372358,4.624453005,2.403902696,7.175793148,5.361744286,10.97580007,10.59336731,2.706599115,3.794729791,5.989186681,6.756461138,10.23304051,8.397686362,14.16735812,12.575646,7.651673956,10.19076033,12.45357256,9.351485632,7.966708095,4.936663872,9.230300972,7.353417303,3.421716416,9.91867066,6.983347246,9.86734808,7.158639942,10.45657894,6.72836439,5.273739959,9.120353314,3.398714463,7.659957905,6.095042482,1.966800039,5.711265335,8.687123868,8.681282362,8.111317695,12.0791245,9.389558909,6.148654746,8.789200417,8.886727879,5.670568335,12.9023327,8.483205866,4.430496397,10.03570847,3.803727591,7.505736325,10.14563769,9.547162073,9.74970139,5.805193851,5.387581735,4.934790698,9.174110985,8.325888796,7.765453426,6.890962335,9.785226991,9.627906216,9.086395634,8.824827704,7.814831181,4.230165562,9.884489687,9.795105961,9.389054485,3.707574941,10.65988559,5.742005212,8.442302505,7.086488743,10.04151955,8.18782332
5.516063663,10.5188615,5.316995039,3.147825999,5.829002587,5.001457179,6.895999323,7.982864446,9.485307677,8.241721345,6.908503797,4.052041617,4.075376317,0,6.456836983,5.899428035,9.455274619,2.32427239,5.067695647,6.006845971,9.753644738,9.92390179,8.934004798,8.985779938,7.13114867,5.513245377,4.416912772,7.782366099,7.407346533,5.082102821,8.63241439,14.05156528,9.149079304,6.766678045,8.427248902,7.18580787,2.036507572,11.13860473,5.364277596,4.367128787,9.705926116,4.458601703,3.04255363,8.68959978,9.948684883,6.2886474,3.759431277,5.365743626,7.004973353,5.916688121,7.293370398,3.938548777,5.924243447,9.870649202,4.231637721,5.569932932,6.527308537,10.54033062,4.783151381,7.227913117,7.354578235,7.381988103,7.426828603,5.685485907,5.777244698,7.915773687,8.916814773,5.190914067,7.178625139,8.901820549,6.822545589,5.230201945,8.579920543,8.908927358,5.895251526,6.959114116,7.482992121,3.654263631,7.068263303,6.141843876,8.740472596,6.045081523,8.772961218,8.579818487,6.603721099,5.960171292,6.48673654,5.91116545,7.905214527,7.266653546,8.34619567,7.179964048,7.242093911,4.691687981,10.18779328,4.055182468,5.848431342,7.133841794,8.570548108,3.789642836,7.724094169,9.386380556,8.180955827,6.520101255,8.301637931,4.748902186,9.296265944,3.787591536,7.806715477,6.452492341,6.583626229,8.767898856,6.109569764,4.98775292,11.597138,4.748072515,9.635814063,9.620368321,2.595573014,7.343216767,5.470871907,4.242485288,4.133367049,4.362223948,2.739551437,5.603262167,2.557075855,8.490409902,8.373925108,3.797797814,4.428865321,4.077067476,6.316352553,11.86965685,6.1505397,13.11849172,8.763592129,8.771385259,9.341744463,10.66190056,6.395826843,6.057237175,5.288121918,6.300604681,6.908635479,4.61005147,6.840637495,6.537009528,6.968925485,5.184036623,9.485154189,4.35393258,5.013971523,8.478578618,5.230107413,7.411075428,5.224186214,4.346894013,7.932537072,5.792049236,6.748209129,6.766309326,9.11787173,7.014335091,7.756912244,5.451095889,8.347035206,4.93701219,9.861084956,7.244571116,4.831850644,6.886201558,6.407836693,7.495977811,10.21698455,9.237472615,10.5070481,7.257586592,2.595429564,4.411919778,7.330221254,9.197477441,4.164165629,4.697044188,7.001926287,6.540470688,7.507742384,5.508053081,7.681835342,6.18999499,7.867116339,8.17494725,8.061812685,4.001052904,8.00448339,5.602771451,7.851369453,6.498438742,8.164129128,4.194162199
9.773279761,15.44665739,9.57575053,7.715836964,8.834624401,6.765393156,7.221931033,13.76098037,15.51873674,10.55052694,11.89264187,6.607673022,8.944472409,6.456836983,0,11.14277944,13.11875899,8.658975285,10.01979503,11.32725932,14.13054922,15.08557055,12.53510285,8.399180987,11.0872509,9.250912741,9.600029808,10.28914001,12.03115127,10.44211867,12.57342575,18.83392629,12.67748837,10.28307366,12.17584871,8.20457314,6.551572716,15.91059035,9.263754031,10.41524967,11.98245685,6.036735782,8.381805328,9.335047579,15.74851422,11.59496583,8.420715103,8.163855726,9.493183774,12.13935799,13.13108088,8.384242637,11.43456545,11.03151088,8.198003968,9.327221184,11.27010906,14.68106906,5.959907653,11.55907526,12.08937107,11.69738815,13.3937831,11.17377325,11.53537234,12.19074757,13.85654971,9.822823401,11.8435425,13.62942178,10.33173713,4.891826487,10.34669944,12.75557361,10.77993136,10.32081754,10.77347728,8.893000247,11.18758815,11.78128574,14.35909003,9.941724474,11.79877959,12.46871329,11.58136082,8.361294941,12.76067995,9.741120316,10.79977833,8.866081952,12.54545714,12.75269127,11.54281823,9.274923936,14.12259754,8.209203844,10.36747123,12.18175237,12.4451845,7.103132978,11.89756296,12.46561332,12.61561281,10.26832025,14.16627458,10.0850157,14.38144413,7.849124112,12.65290388,8.532134318,9.426688761,13.16345282,10.32145458,8.307019583,15.51675132,8.312405022,15.02970529,13.66794562,8.585453778,8.443151247,8.386485637,7.085765846,7.737071488,9.518872945,8.150183231,7.526647921,6.073534772,12.45629188,11.35230541,9.405191927,9.668053827,8.540607446,8.65993285,18.10433844,10.41537444,11.51588778,9.748979914,14.96580915,12.77013327,15.66215896,9.68006245,10.42346286,10.42650016,8.387657926,11.47654405,9.096456105,9.423697437,12.72517289,10.4528461,10.72862072,14.14652425,10.1492259,8.476097781,13.56698126,7.882010653,12.04043297,10.62740062,9.735537557,11.64652288,10.6558348,10.80885766,8.599578502,11.09636339,9.706291849,9.715890361,3.971820545,12.53166517,8.060824066,13.1734293,7.224842225,8.716220226,10.93077508,11.85181898,8.697426251,14.4375686,13.83613903,16.0531446,13.3817008,7.226743327,10.78276847,10.20962114,13.15147547,6.63040923,8.755131499,4.529585886,10.68303617,7.361202491,6.818480836,12.7605478,11.19704848,11.68480997,11.46829311,11.21949947,6.345775635,11.08470804,7.996220926,11.63195905,9.507791761,12.92376224,6.372916
7.329845471,11.11190361,8.523806373,6.995102011,8.070711432,6.582913701,10.18515839,9.13237409,8.41768303,12.20480211,9.729300042,9.057831594,5.012048328,5.899428035,11.14277944,0,12.64639989,5.318739437,7.4212972,8.681628083,11.93797097,9.883648258,9.449927307,13.51765923,10.03392313,7.47811482,4.511835631,8.334845784,9.922273132,4.774836163,11.31065552,14.7745375,13.11517573,8.968235258,7.893951481,7.894235864,7.065486071,11.11023602,8.257796106,6.042897687,14.30081469,7.520269922,4.295214744,12.96140826,7.638206084,6.008560468,7.749384543,4.546030766,10.80673208,7.032095612,6.877195608,7.572048392,3.618786884,14.6449556,8.896728669,7.476983059,9.747918627,10.27124985,8.916397574,8.259502205,7.584666574,8.933518725,6.709239614,6.083108068,2.213564931,6.038879522,8.532006117,6.544539943,6.614110275,7.285715652,9.675455193,9.419428181,10.96349523,11.34654376,9.239284222,9.79294891,10.49262654,6.57185776,9.919977657,6.188143049,9.881065789,8.661786354,12.88025953,11.1870562,8.35042893,10.91168638,6.344195297,6.86940234,11.35907468,11.00071551,7.245957879,5.992173166,5.913312455,8.505056104,13.04099397,4.409783922,9.531849365,8.207485689,10.30389446,9.315239967,8.219555876,11.77938467,10.30354351,5.302350327,7.880013429,6.678712036,11.56327704,8.313228972,10.56838647,11.06504753,10.54743591,10.12109718,4.371951974,7.599649807,15.03687198,7.154977101,9.960866993,7.635946974,3.70917674,11.90553211,8.523619578,5.382472509,7.699715662,6.573523595,5.956490972,10.38961392,7.484930831,11.72956584,12.0311807,4.443507184,2.353138039,4.046678227,10.22351113,9.50984744,9.28353605,17.92557771,12.17453101,8.462662754,8.820288516,12.29946245,7.449895335,9.776649882,7.396420707,9.318462151,8.286520032,4.912165724,9.207311146,6.314361447,9.011752765,6.775233961,10.1827334,6.478063679,8.706021881,10.37325842,7.059543126,3.746196776,7.339250325,5.046999649,9.35773447,8.390966262,8.549275328,7.768750241,12.80940675,11.55297639,8.607676913,11.07446941,11.62599847,9.093924755,12.86542537,12.45747513,6.025405321,8.623251039,6.581796795,9.159260615,12.98005992,7.234806545,10.42143922,5.940986094,6.202022693,5.497906006,11.09416029,10.39477768,9.326653574,8.245125789,11.50961975,9.828772701,9.972504758,9.534126673,9.840764697,7.998694503,10.85103092,11.11373086,12.1272313,7.975650863,11.90633481,9.205445021,11.10815429,9.457324463,6.648538061,8.931492352
