0,23.32138323,17.21987476,12.36911562,23.18564294,13.97963803,23.17984384,13.51445202,14.37561704,12.69468102,21.35470458,20.32676837,11.85912167,20.54970802,19.48067876,12.01362085,19.51392543,19.28845161,21.12847915,20.31570871,8.075614892,9.575514126,11.64160267,16.38996108,14.39654233,12.08223171,12.34271261,13.48583744,14.60978456,20.64000515,12.13609327,14.27348212,16.41962823,13.41562218,17.51907747,20.10201247,23.88674347,19.33289035,14.65378624,23.7864582,21.77800542,9.840022117,24.88481789,13.65532927,15.17256284,8.822967401,9.745675057,25.81081084,24.87974294,5.884062345,14.69472391,19.36913639,18.15705739,21.87847631,15.77948705,14.27811255,16.85214891,20.58100895,14.68273607,14.53627064,17.76738853,14.59362292,21.8624977,15.32285148,24.04389298,11.21966455,15.75147508,16.41163117,13.75492439,14.39461236,12.51326054,16.56381856,15.53113081,11.90292356,17.99802983,18.46819685,18.36115123,17.3352846,22.50529126,24.09289672,12.08523676,15.98104613,17.96204609,11.19694733,19.20362295,22.93867856,25.12380843,23.9397197,15.52518244,17.00708647,14.60306473,16.3992791,13.84499626,12.30084814,21.08970062,15.22470948,13.7059375,20.25842981,17.81737542,7.295690613,17.24263887,23.46122272,18.19228662,12.15338934,17.83375712,26.00388048,8.35198312,12.82086601,18.40780799,22.05359577,12.61026991,13.33322053,13.90409878,22.9103998,23.07970041,15.80345801,26.67120719,15.41238037,15.75003206,16.82269415,16.59738502,12.77998904,19.76426844,13.85737787,12.11407735,9.768529275,23.31590842,18.08362275,17.52486921,20.04664512,12.37719524,19.11846923,17.95793201,14.01979073,19.26232267,23.24837661,6.999214637,16.07670559,21.12857609,18.28753558,14.71974758,15.10224212,11.75477643,18.645597,16.1850872,20.54517623,15.99344253,29.7389879,9.138444167,12.2483644,13.59291255,13.24910486,26.09327996,16.18515241,20.64861119,11.75733434,19.124983,14.25736194,16.17564279,5.779636352,22.51867653,15.82132076,14.0601377,15.73197054,12.90524648,11.58015111,21.66150143,16.5933911,15.04962199,13.67841395,10.67364686,27.58680366,10.03354897,21.65647896,14.52539709,12.18725691,17.22743881,17.79008485,18.85790896,13.37406035,22.16766001,12.38429974,11.03652628,11.94967006,20.11427658,8.406296755,7.751291416,14.47210471,18.005249,17.58350225,13.56296888,15.16280543,17.07320739,17.21393025,20.6394652,11.35196518,14.67939712,18.82201325,18.54600262,10.41991273
23.32138323,0,16.45851448,16.01760949,19.93636223,19.58529677,16.03625859,15.80494826,18.85912364,14.45236225,3.715844682,21.7998072,16.68603942,19.3121125,19.046736,16.82404328,21.9395429,21.55914468,18.49240624,10.73448588,18.40378252,19.88360911,13.8854868,10.19294463,18.35757404,17.26072213,12.16739761,15.00379102,16.18010369,12.58011421,14.06769115,16.72796455,15.24462973,25.48194546,19.10794261,19.33575447,17.3634446,17.30115564,11.74301723,21.19248493,18.08996798,20.15753091,13.51859463,15.05223262,10.01841752,22.30282188,17.39245478,14.1562468,20.42274596,19.37796465,17.51617208,15.13447422,14.2736553,11.16479142,14.51731802,12.32231554,20.4635982,21.63893235,9.88838489,9.700826333,20.41479822,16.47450049,11.90059124,11.78274523,11.79336985,18.66125757,16.33087457,28.53520571,17.46509739,18.87778818,21.24703706,16.98627512,23.83005258,12.9532486,22.7265815,18.08322135,11.91210861,14.9524025,7.655778685,3.514447372,17.49576643,16.70728583,10.72279916,19.57122229,17.30774109,7.305031657,8.911263,10.5320311,12.34444658,12.5920457,19.5964997,7.814170071,17.03777146,20.10571443,13.95497725,11.32003775,17.85930011,14.52297053,17.82312136,18.30886281,16.21762932,23.94221617,14.73229914,11.88740713,17.51755325,12.18639189,20.52318144,16.07078081,10.60966519,11.47686738,13.65846599,17.59260627,19.91459526,16.06341929,15.8799015,17.78124727,17.36649513,24.70144104,16.5231722,14.48869876,9.914933718,18.86044479,11.554504,11.1707417,15.56781746,18.67923387,10.80833787,15.40835315,16.73683272,15.57913402,19.64104687,18.27623946,14.56557314,17.80009834,15.52110224,13.32237076,21.37700494,11.92939462,18.07507138,10.57301706,25.51326632,17.91427452,17.44280902,10.88147178,17.14560488,19.70651185,18.11071502,16.99933974,19.35336215,18.11172254,12.5907418,16.64700635,18.28648823,24.1303146,31.1178363,16.98968616,22.7766537,16.80372946,16.93710625,17.73781099,15.89406925,17.39921133,20.32210958,21.63599189,16.25008508,14.54847928,19.85466876,11.16404428,10.69588642,21.20955398,18.57644163,14.51822957,20.42587381,15.32565507,19.7987081,19.31668342,23.04460376,20.42879946,17.40986604,15.13274008,16.58994077,18.8472937,19.53089579,14.18960286,11.95953165,19.89292218,18.16249794,18.64455643,20.07191245,22.19178337,18.95639004,15.94773256,12.81587393,17.69398397,15.85869658,20.16137586,15.12731938,13.06624658,7.665514976,18.76548344
17.21987476,16.45851448,0,9.208468744,15.79457339,6.551695463,7.030210978,7.364388333,17.55014256,8.049668864,15.17550456,7.657542604,19.94993444,18.87033321,17.07094841,15.22129869,10.43594245,19.1009286,24.61171749,10.60469089,17.0464999,15.6232835,12.3976081,12.70006329,12.19479638,18.32130287,10.05035861,17.61669412,8.987496776,13.28169941,10.67281868,6.548920331,13.80755522,14.25402647,10.39336855,10.70421258,15.11957805,12.13446785,6.937168358,19.88881576,14.9525528,15.64710008,12.67721617,10.33234598,9.013875115,10.8118886,13.07811106,15.04024456,10.1509692,14.26819702,11.95777154,16.89201367,13.54806853,8.351883019,17.59042683,8.620790604,13.26930071,12.27004207,14.99249458,12.56903288,22.95216062,17.22065122,10.48037881,9.713551212,12.85532373,10.39181459,15.94039719,14.96621504,16.46628216,13.67395112,9.913754267,9.794263382,11.85320495,15.32936205,18.68959528,14.82966165,14.38300006,19.42295572,15.61250543,16.27188129,15.62215864,15.34567111,8.867874224,11.0026766,17.36834466,12.34932053,15.86015867,15.64396462,14.6400189,9.505587171,15.30673486,14.47145806,11.71209122,20.41030421,11.47958554,17.99902902,12.16785532,11.57163264,11.37051933,11.19323694,9.778859786,21.25856696,4.032708707,10.3663655,11.54921209,22.12905044,10.72918503,12.25993694,8.562878318,15.86509131,14.02609829,10.63121495,10.08567713,19.01576632,11.72556688,13.48782138,20.37780448,14.33561783,10.56188902,9.050702552,10.92932805,13.01987583,10.59382087,13.48128587,17.71201531,13.82403007,15.59764469,12.53594319,12.53760415,11.98833231,18.24101823,13.00114637,6.960927723,18.55666543,13.9036499,9.12620582,13.52535218,16.4504383,14.91441561,9.347257939,17.1157646,12.60421215,8.767147064,10.98865386,23.56059293,7.009269156,15.25317007,14.58798508,11.77550218,10.25628316,9.030421096,11.03766412,17.80386325,9.549795966,18.63740666,8.632208518,9.853880779,11.17796941,4.455039437,12.80568546,5.748968891,9.494773208,8.522992226,12.19780828,18.4740527,8.659093559,11.509422,10.73640781,13.79160416,11.28551577,13.97796845,14.40797745,17.60788318,16.52737241,20.67577653,11.94413262,12.58871641,8.01592552,10.81579225,15.5014549,12.52269081,14.09165526,15.49160404,13.85327764,14.59387441,13.18153155,9.89930632,10.78830829,16.17154767,12.144724,7.948831879,10.932245,9.423455952,22.50131269,17.39720676,12.77487336,15.38374967,16.81484085,10.52808498,12.04020672
12.36911562,16.01760949,9.208468744,0,17.75584778,8.3630358,13.24564515,7.83226661,10.11067765,3.619936793,14.43683862,12.98753034,15.17661908,17.32230497,20.15605403,6.485036396,11.75637348,21.5454419,20.17691208,14.25651214,10.44465426,10.03289223,10.57424231,13.55357558,8.76779964,13.42360642,9.04428714,13.63846955,12.18859227,14.87854902,6.376349138,6.831916015,16.10754914,13.06206241,14.30771919,15.59374843,15.66522111,12.35971089,7.211640915,21.30599204,16.04983411,10.31085137,14.69766007,12.37527816,8.714893884,9.633267164,7.122642181,19.63906244,13.83890855,11.04312514,12.71377901,18.15899139,15.93714359,13.2352043,16.68783653,8.773039679,13.36756027,16.88645785,11.92759544,11.13110194,21.38242117,15.29361206,15.73669663,11.40001095,12.7964919,8.166262987,7.437279584,16.70354261,11.64586752,16.37860525,9.202935299,12.27711454,14.06195971,11.83317274,14.45830037,14.04024673,16.43422652,12.96910214,13.61875037,15.2544266,9.688238182,11.5332657,9.137833889,10.6375093,11.72741313,12.64369523,17.11038625,14.78956719,12.05265069,9.942360049,13.96093098,11.21640762,9.702934672,12.57145704,9.060030568,13.42447551,10.87484255,14.14383739,11.79837233,9.037923098,14.01924468,20.64382397,10.96218026,5.664065096,12.67993752,21.38477575,9.108274147,4.902259105,10.50139483,15.55653434,8.312769447,11.53216599,13.53160511,20.78195925,17.90510792,13.56207237,19.67119631,13.82134161,11.88065042,8.247878079,8.99161862,12.04712904,12.28238793,11.53687137,9.900606158,13.24792139,17.0049339,13.24456269,13.43584638,16.74868445,14.94229419,17.03136999,11.12242763,17.203924,11.79621195,12.79700667,10.83762641,11.29271835,17.91349912,11.54160881,15.25504664,13.66259748,11.2792384,14.50181691,18.34918015,14.46014082,16.55535392,20.78818719,8.814201602,10.17885636,6.764915668,9.024258505,21.40090566,13.47077227,18.44449908,8.185002193,15.47324477,10.65332435,9.814798881,8.027971475,12.83754273,8.679266838,12.05906583,13.92835411,14.92398356,9.067850529,15.16336919,7.671482248,13.34941563,12.65219319,8.458146603,21.01130909,13.49828299,20.08515501,19.10963803,7.914299308,15.87567022,14.02327969,15.67573205,13.34861177,12.0761423,13.57645379,12.55860064,9.008759992,12.69139582,7.737917799,7.469297116,8.689683264,17.37058794,16.14822875,7.0833512,12.01436641,7.821989495,17.55418936,20.17947918,8.688851153,15.43838681,17.49749413,12.07463214,8.999694697
23.18564294,19.93636223,15.79457339,17.75584778,0,20.71126121,13.77483233,18.6819247,16.87974306,14.77273465,19.41131484,22.73993807,24.46810335,7.811549221,26.57944305,22.25237716,16.43897032,21.57369087,23.36701788,14.48394141,20.49937636,17.21516328,21.81130805,19.814172,15.69735283,18.02678899,15.93156185,16.45387997,13.47548611,13.73845755,20.67709444,20.692829,20.4961842,18.66086848,9.010683695,12.47212774,8.462814425,15.05389921,16.96531808,20.63569334,24.81958018,16.66887479,16.92519088,14.39106539,15.47000585,18.46272183,16.84238261,12.04804678,18.76832806,21.73558597,15.73985242,14.8431741,17.58183898,13.77618584,22.52716461,18.04374826,7.380550098,10.40590372,17.38509622,16.93169604,30.53789695,25.00378666,20.70701246,13.60731466,22.17677004,18.38647251,21.23382039,22.95572193,21.41131453,17.43623297,21.91585897,16.26897715,26.04449432,20.2367779,23.30396761,11.7955279,21.79706203,18.34089049,22.26872508,19.60688116,22.70146398,22.76958248,13.86238263,12.67005782,15.12431794,18.658695,19.69261207,25.35290829,20.92773045,10.14617952,10.0225508,19.67980048,17.77298762,23.56464792,16.160109,22.89246055,13.55876318,21.88762015,13.46415445,17.27449888,22.73902107,25.76055703,14.43490481,17.55903233,18.01074601,19.91337764,16.59198437,21.78834813,17.91351403,19.36796698,18.34022278,15.48849319,13.74053987,19.31737775,17.14045192,11.59934606,9.403877771,18.71256469,23.67467181,14.84946779,16.111447,13.41606045,14.60691147,15.88129538,21.49777975,17.93449763,18.69707714,24.00963957,12.79295716,15.56760987,22.70696391,22.33408373,9.511060385,24.77957709,14.29457397,13.00966728,21.37259417,15.78243253,9.93728812,12.3433863,13.24210452,14.570552,18.22765325,17.61679094,25.33958922,11.9011437,18.34618002,25.00278724,20.75763448,14.73151661,17.55241847,20.33202203,14.46109452,18.494563,24.15616069,19.75617295,17.64227891,15.59018671,13.92768069,19.21068336,16.61435738,15.90713625,18.75114865,12.24628814,26.39191366,15.65466541,27.04264348,14.64430712,19.94548505,11.41599841,14.49621762,20.38326049,27.17431295,16.72865482,26.07720008,17.20432394,10.59949003,12.49436192,10.67277545,24.45907368,10.25845613,15.59568736,26.48112554,14.65341479,10.10044695,20.08946209,19.62433908,10.96696361,15.21616439,10.64429724,17.90155559,21.0116738,21.56451136,22.94532403,16.5637489,19.30243353,24.32560848,17.44916801,14.50397424,14.68140316
13.97963803,19.58529677,6.551695463,8.3630358,20.71126121,0,13.1091533,8.113451101,17.76227903,8.988451362,17.64701287,6.514089357,18.48019961,22.19635916,16.45713536,13.31205762,10.99896582,19.65412529,26.36515957,14.55022152,15.29846893,14.50829042,11.01934127,14.34043456,11.86225475,18.21361165,11.30165107,18.9999593,12.28054788,16.41325803,8.582530062,3.472235462,14.42146547,12.11634726,14.22853345,13.93989333,19.33449342,13.56235386,8.268668054,20.8108093,13.64808326,14.74192055,16.12207594,12.72763179,11.87389369,9.043917985,13.13700332,20.34307398,13.68498772,11.36341288,12.42598942,19.55406675,15.26659433,14.24457215,17.39237263,8.945664167,16.13649675,15.76300686,16.41830098,14.10691965,20.76726405,15.17250377,13.46772797,12.81524041,14.92709196,10.3872538,15.01999329,11.73418261,14.59280593,15.02669269,4.344630248,10.6201851,6.372305059,14.94884506,16.35448659,16.82000212,15.71429415,20.77435836,16.98561713,19.54155324,12.79048356,13.19147922,12.00769969,12.04404344,19.53588295,15.60296746,18.77614454,16.38762586,14.08989368,13.25489675,17.38357281,15.87924196,10.67477108,18.25984153,14.33504415,17.66987914,12.86469078,11.71140424,12.94382764,10.46875042,9.727583394,19.86960882,8.994037257,10.55967016,11.57858075,24.79674697,9.304291577,10.42660273,10.60313386,17.48373216,13.5109088,10.93611904,12.26136391,21.0584415,15.35197818,15.39286099,25.15713676,12.56806577,7.809923377,10.55207863,12.58532022,13.72032034,13.6247171,15.41312005,16.7142197,13.33224652,18.11856559,10.75395952,14.55142179,15.10425088,16.14873885,12.78742523,12.20879965,17.03659991,15.61523401,14.43257614,11.47809949,18.01591973,18.64798988,14.15918568,17.82603413,13.65889785,8.729874383,14.40491208,22.83687043,12.44329376,15.71263146,18.31127209,8.048204069,10.39294737,10.42828792,8.587740762,21.57106236,10.29191134,15.95721255,5.698271172,10.59156105,11.37706134,9.093477327,10.9688978,10.88185928,9.592656684,6.997976474,13.6364698,16.85978662,9.600415507,9.838675919,13.69277948,14.85723412,13.11153873,14.0915428,19.44723801,13.35083276,19.82585558,19.01650788,12.43318474,15.3395861,11.4944214,15.01987474,13.39617246,16.86689509,14.34084843,11.07971741,14.809429,18.52256672,9.987214448,7.355940958,12.51841791,17.47303375,15.37624448,8.308726745,11.88782877,8.781475427,21.97713205,20.76971778,10.04899534,14.70694213,18.87820263,14.54265094,12.99265674
23.17984384,16.03625859,7.030210978,13.24564515,13.77483233,13.1091533,0,12.40347119,19.52512547,11.76652148,15.68825923,11.80821011,24.46609686,18.62222097,21.90383408,18.98237553,12.1827401,23.00007411,25.87671491,11.39789212,21.52366965,19.63982595,17.71381381,16.13768168,15.27113206,21.70974859,14.22387345,20.23606765,12.66725252,13.76313409,15.60652333,12.4798997,18.16254348,18.84228912,12.28411692,12.24404451,12.41527289,13.4267624,11.22009543,21.66600847,17.96140987,19.54821669,10.319722,14.33385326,11.74179467,16.63575626,16.83415079,12.8265335,7.222682755,20.36675111,15.88422958,18.70203009,16.58169874,6.157035093,21.69032222,13.16884424,14.49164936,13.31881629,17.6395485,15.69059709,28.05904283,22.14069915,12.38591724,12.65373331,11.92720247,15.0677996,18.21146909,20.28434955,20.39634499,18.17569135,16.17110533,13.55020597,18.41455196,19.51095037,21.89858857,15.96963075,17.88972998,20.52824914,15.99859838,14.98778368,20.14354426,19.13273719,9.859656332,15.19165906,17.11250948,11.06967123,15.01557915,16.35194944,18.23400801,10.41178964,17.53034242,16.73480658,15.82065772,24.21515506,9.936319456,21.31104474,15.50263065,14.64410276,13.20684164,16.72776199,15.00148231,23.98785209,7.315925348,14.29591986,14.73724054,21.84492646,16.34279367,16.30469912,11.01594679,16.66271698,17.46034196,15.1440787,14.43688889,20.60355415,12.70522931,15.91365516,17.16908266,18.4742131,16.15147664,11.19710063,12.98286652,16.67243764,11.30612422,16.36082723,21.08319466,19.04265738,15.88650122,16.86591523,14.56593518,14.1728146,23.03000702,17.40675564,7.73253676,23.60225607,14.47367725,4.785682116,19.3666154,17.88155643,15.41306124,9.792348077,19.85497395,16.16746332,14.86870471,13.3769712,27.02706372,7.557367154,19.24364106,12.69780168,17.79117639,14.82089334,12.73222491,16.05454471,17.05140732,14.05742543,22.19492621,14.77876533,13.6864084,14.97226907,8.386366522,18.2760186,4.139915956,12.70280257,14.58348121,15.32658959,23.33577624,13.72258555,15.48042242,11.64273845,17.49575149,14.81021181,17.27724841,12.94174306,23.64497488,18.14998015,25.76916162,15.4219359,15.04296268,11.07989958,12.47927795,20.6304168,9.471779073,18.30036568,21.66939648,16.77211843,13.41685891,18.49692002,16.2173064,13.01205779,18.90501116,14.52470855,12.41615906,15.24256856,12.92608819,25.43687339,19.18891095,17.58523967,20.36226985,19.10388397,11.42968308,15.82281668
13.51445202,15.80494826,7.364388333,7.83226661,18.6819247,8.113451101,12.40347119,0,16.09056064,8.088520006,15.15901644,11.58065758,16.41787722,19.90922957,16.56849921,11.51752938,15.88283607,20.4972802,19.44528221,13.70749415,14.49702282,14.98570559,9.118292668,10.17072657,14.5869924,16.83656815,8.58816338,14.35639493,8.274187396,16.67781227,9.199263978,6.571245615,14.00686043,16.73616567,13.70224127,16.18175506,19.16428979,16.70473421,7.613581279,23.84532104,18.38882883,15.13972224,17.49162631,9.633404975,6.736506016,8.734215588,8.99018334,18.89341018,14.26763895,11.64724975,14.65023396,18.11388479,15.53758931,10.78371791,16.39230001,9.352230648,15.58483707,17.31200201,12.55989787,11.0632049,20.5511353,16.17059365,12.24657653,9.954607417,14.13847319,4.776112945,14.16265777,18.13769153,16.75847731,13.09655742,11.30840418,13.92607084,12.53093467,12.68705248,20.85358753,18.06257509,13.08013381,16.28209127,15.99149574,16.00243056,14.842562,16.35496428,11.66556313,11.50853354,15.95465886,13.87348335,18.64378321,15.86787115,14.59739547,11.89970697,15.84708054,10.90848235,13.9383796,18.34187265,13.0564159,14.92868516,14.40189609,14.83605397,15.75237442,8.093092993,9.060039119,24.87722192,9.705424341,7.987166358,15.76031336,23.48780145,10.5466831,8.269245156,11.18725371,18.45758621,13.10830768,13.01133191,10.84893937,21.3934049,16.48208638,15.90684431,21.66914269,17.78013252,10.98292039,12.6116219,12.08638965,14.59982194,14.32527971,10.65875332,14.17119537,12.88843558,18.54477046,14.02453289,16.10454239,15.4200844,17.97107772,15.80747952,10.62642485,16.9172865,17.05584105,13.94593407,8.258787046,14.96437498,18.482413,9.219070475,18.08808425,15.22136162,7.585162565,10.03927825,20.62517148,12.32317713,16.8613272,17.38396255,11.62636158,12.37104651,4.132838182,12.3963736,22.39134593,9.838886908,22.55842674,9.345833731,15.58358855,13.86282655,6.200959246,9.353129866,11.98498923,13.31904745,11.7101958,15.69380283,13.03547581,8.111179474,12.20589798,8.670334873,10.95471634,12.95677865,13.10489207,16.38689552,14.80031238,17.87555074,18.91380807,7.685280394,15.39573471,12.73784398,14.05351429,13.45836444,15.11402376,15.06641868,13.05644149,12.23686318,15.09407757,12.60330961,6.533709717,12.82382617,19.10040008,14.71391686,4.747326428,4.695991661,9.125103666,21.57405287,16.99213785,13.97264713,11.70182173,17.33139679,10.43258812,8.871841728
14.37561704,18.85912364,17.55014256,10.11067765,16.87974306,17.76227903,19.52512547,16.09056064,0,9.836926119,17.48800145,22.59261208,15.61518587,12.66187136,26.56369223,9.541775317,16.57047367,24.29489961,17.47507016,18.60885743,9.136371868,7.908257336,16.57965365,18.69516123,10.48287911,10.03259654,13.42891521,11.1783454,16.873719,16.9748803,13.47738535,16.71125246,20.99922259,15.72615036,17.1099659,19.45425349,14.99910622,15.04712784,14.5264654,22.77284343,22.2493753,7.897899682,18.88590979,16.40258949,13.98692949,15.06878486,8.566225803,22.14614056,20.8167271,15.05073069,15.79396328,18.78326744,19.64176759,18.8584735,19.38846469,15.3495264,12.68856665,19.64600428,12.78547157,14.14627361,24.95025763,19.29608243,23.10915073,15.34228763,19.4026769,14.21799097,8.211430108,22.06139974,12.71590446,20.19772996,17.15625958,17.21542656,23.01050441,13.90267507,15.26864943,13.1372197,21.78667131,7.857178571,17.69767951,17.92717049,12.46139364,15.14055039,13.52217406,12.76338095,7.207334,17.59928985,20.56373448,21.0200108,15.36326238,12.31229393,11.78625555,14.24567391,13.43191119,9.242310691,12.9903936,14.72568005,12.05691373,21.00112325,14.23056065,13.21254581,22.49184826,22.83799835,17.97516514,11.01769448,17.25384853,20.46164208,13.16257989,12.14439937,17.11869877,18.02265998,9.320998773,15.32422381,17.77592561,22.39490476,23.41132039,13.81016579,16.28726199,16.62042991,20.2681675,12.79224087,12.69640663,12.73942704,16.14972093,13.25361545,8.272427888,15.95007173,20.02158709,20.49111641,15.06852807,21.13822054,16.0091505,23.48895678,15.42281044,20.31883131,11.98930091,17.58987544,15.79830243,8.02039238,18.84740569,15.63281112,13.09221357,15.9860118,17.88192268,20.09622376,16.11247834,20.14792714,19.24265404,28.8702985,14.42374263,13.65676632,13.48057534,15.01516963,22.89159451,20.30854531,21.81898993,15.74306773,21.59975045,13.82421872,16.74955917,11.58085641,20.46749488,13.37075653,18.92356122,15.93403506,18.7998629,14.32260411,25.12481836,11.11264877,17.52805941,14.81988425,5.971594615,27.3345543,18.1806138,22.80874208,21.46258585,11.77164779,18.1045604,19.12946467,19.09102392,18.37146597,13.05809954,14.84719224,18.83125252,7.596896906,11.06526373,11.28907279,14.33330512,9.566956962,18.23911859,18.87950662,14.82021812,19.18271545,16.44845199,14.41788711,22.26229757,12.19064959,21.08925723,18.90004333,16.1862895,10.94725054
12.69468102,14.45236225,8.049668864,3.619936793,14.77273465,8.988451362,11.76652148,8.088520006,9.836926119,0,12.66101466,13.61071741,14.43882,14.39719205,18.76290478,8.808108402,10.85694175,18.80334004,19.69697135,11.25001825,9.949158161,8.779971209,9.969773035,11.8827521,7.076419953,11.512552,6.571043921,11.77672846,9.783413633,11.66717534,6.631296534,7.77636541,13.84154341,12.20720619,11.1682308,12.57525278,13.00327077,10.04275153,5.458652201,18.58055129,15.25915524,8.924192963,12.98553712,9.646779802,6.841727269,9.652617069,7.144113912,16.36680632,14.14898437,10.49259259,9.889247604,14.78799455,13.03029791,11.21486607,14.73441266,6.95495375,10.5410139,13.85892053,9.894859824,8.780595409,20.58845797,14.28368903,14.16777024,8.333224622,13.18475217,8.765256558,9.209097579,16.23396267,10.73251219,13.89827148,9.788151424,9.729884192,14.76329482,10.34823281,14.11722625,11.00158893,14.61664267,12.4834999,13.07121855,14.0529639,9.866229398,11.10391881,6.440276043,8.16082035,11.42999769,11.61438353,15.06755991,15.04421996,10.55400472,6.45370292,11.02945126,10.36132417,7.881986834,12.86121953,9.05094389,12.65474661,7.981435135,12.82782261,9.139328022,7.884884643,13.33136221,19.22417157,8.664979919,4.628439784,10.62565277,18.70508455,7.793175958,7.818089958,8.737213383,13.38932573,7.047820835,8.792774546,11.13864094,17.70953944,15.16879559,10.22988767,17.25480786,12.59132904,11.71167638,5.99882751,6.69335372,9.137904188,9.477337014,9.301048692,10.28806333,11.04770697,14.4849366,12.69205326,10.19691907,13.65865228,13.53050794,15.17207687,8.0261685,15.75524274,9.484184801,10.86711634,11.33375572,9.49685942,14.33801956,9.059095033,13.48624642,10.59164122,9.739951277,12.40892822,17.28914229,12.28717819,13.76246642,20.18107702,8.482609298,7.518228563,6.5303989,8.207202245,18.030727,13.29848623,18.37677066,7.474969358,13.62962066,8.006771021,8.343265602,7.600431136,11.63155426,6.915259646,10.58200582,11.17197259,15.09133761,6.576184985,16.1089317,6.670704747,11.64302754,10.14919351,6.936560495,19.1226195,14.06744644,16.89573716,17.64878416,8.693236287,13.24790973,11.51259216,12.39241599,12.73647484,10.59151915,10.78235067,13.16613306,6.780190347,10.17661845,7.798584903,7.492122548,6.328461741,14.22034393,13.43438036,8.102900091,12.00687071,8.64735581,16.00538378,17.19548263,8.174919107,14.59830989,14.47116055,9.557410826,8.027718457
21.35470458,3.715844682,15.17550456,14.43683862,19.41131484,17.64701287,15.68825923,15.15901644,17.48800145,12.66101466,0,20.37486965,14.62501497,18.35127072,17.15336481,15.46879396,19.67514628,19.00068459,19.84408045,8.774853192,16.11932936,17.45719928,11.8966114,9.291129548,15.6148448,14.98137152,10.23470346,14.27376137,15.33921755,9.944244086,11.63246228,14.98153956,12.906949,22.83421066,17.61700422,17.11059889,16.15802419,14.4412631,9.620374853,17.92035173,14.87806577,17.78612465,11.81745755,13.67969424,9.37390896,20.78646625,16.46133505,13.47302742,20.13816922,16.98634479,14.51894836,13.13834442,11.53183216,11.46848528,11.8905551,9.65846582,18.94144434,19.7523355,8.475303544,7.684847784,18.08437444,13.3934515,10.99309758,10.22612429,11.59610779,18.05138603,14.91303916,25.88007809,14.15289215,17.32097026,18.72856997,14.03144943,21.68479604,10.68582748,19.44354822,15.52606004,10.58511651,14.9003152,6.029295594,5.530692147,14.49500863,13.30980794,8.523680101,17.73365528,17.26045861,6.931787469,6.734559291,9.700428976,8.884330311,10.88833171,17.97545674,7.620575954,13.84730028,17.73075429,13.48709884,9.476464663,15.15288949,11.59613422,15.09241758,16.68472104,14.91226035,20.3103646,13.10141286,10.06197005,14.28263121,10.42595987,18.36177571,14.95895661,8.089932389,8.094172289,10.97589547,14.79587555,18.50810744,13.37281198,13.95837442,15.32565534,17.90064886,21.79791962,14.08954496,11.89164846,7.060564177,16.33173085,8.858574748,10.2583529,14.0725196,16.35356621,7.861122164,12.46253295,13.96665562,13.44920741,16.36017907,15.51753304,13.42310824,15.11063967,12.90167833,12.63979298,20.21952123,10.65024065,16.21695654,10.63138036,23.7322481,15.10991766,15.73633403,10.58984187,15.25184999,18.77615352,15.20309862,17.52878186,16.56067327,15.47191252,12.06549841,13.52475547,16.24694521,23.22797269,28.36043895,14.37168061,20.38452883,13.76845612,16.19526955,15.8145534,14.94533793,14.64750481,17.81438137,19.31632334,15.25420417,12.5305287,18.77350477,11.15462591,9.410597136,19.51598628,16.72348759,15.37437644,17.83873938,14.00384481,17.15993862,18.83700007,21.52142026,18.78180943,15.98342824,12.46279727,16.2894463,16.18184394,17.00705628,12.45418021,11.72292083,17.23168207,16.35907038,16.83034563,17.24522092,20.86669614,18.24656758,15.93832942,11.16609789,14.96262867,15.3562277,17.25833143,13.83488067,10.80235013,7.24107309,17.88083316
20.32676837,21.7998072,7.657542604,12.98753034,22.73993807,6.514089357,11.80821011,11.58065758,22.59261208,13.61071741,20.37486965,0,24.34774152,25.97158236,19.35209492,18.24832107,12.211062,23.6123748,30.57906932,16.7337774,21.4958663,20.34646301,16.16179163,17.98252126,16.33678642,24.00723165,16.19687307,24.19595365,15.76669224,19.20997078,13.8011249,7.757979927,18.34234629,16.48243017,17.04124895,15.83391052,21.04397696,16.26170194,12.21780993,23.75437206,15.280363,20.50456611,16.29850073,16.95590831,15.4712515,14.10417023,18.28382008,21.44281446,10.73176327,17.72453475,16.90479832,23.47297485,18.82952043,14.67448858,22.24359016,13.29669449,19.66500842,17.6741602,21.18288519,18.64732642,25.5775648,20.18952768,14.00377907,16.67205773,14.64545832,14.58896962,19.12117298,14.53469217,19.88724719,19.22738262,9.782453211,14.0737031,8.905985756,20.42746634,20.45938521,20.53321702,18.95313783,25.22883208,19.01790767,21.32370497,18.30346989,17.62590768,14.82270359,16.93425707,22.88318504,16.57651934,20.18462879,17.21194447,18.72191497,16.56106799,22.00160255,19.83695494,15.49598613,24.05481554,15.52519283,22.64498642,17.61531788,13.44597555,16.12003546,16.23956525,11.75411777,22.82075222,10.44072832,15.52293871,14.74376986,27.96291557,15.05918186,14.74923005,12.95602992,20.20509811,18.80503347,15.67665459,15.98947315,24.30711468,16.13849195,19.68532549,27.32465854,16.49919613,11.23988562,13.80691142,16.33748888,18.71564076,16.06519691,20.06679386,22.15559021,18.96232852,20.32064483,13.58481982,18.20702743,17.51179326,21.91032465,15.25865813,14.45017412,22.30627268,18.84553086,14.3535455,16.83099864,22.6374415,21.47076,16.61794577,22.20428562,18.04168589,13.3935404,16.85612523,28.51242868,12.57911211,20.16938658,15.02811802,14.26413317,15.40145175,14.31248096,13.63427623,23.33691968,11.67992601,17.87626837,11.41840599,11.80776164,15.97392793,11.0768168,17.2101686,9.026171435,13.24469707,11.0551745,17.36587105,21.90328062,14.64642091,7.73804113,16.84033758,19.1686569,17.14231163,19.44799169,18.52531919,19.13459726,22.73782828,24.42770589,16.43558096,18.26483373,13.40211388,17.53546744,18.43870653,18.13347883,19.56783308,16.51292911,20.0640225,21.56780051,16.11821487,13.46429635,16.50646833,21.51406893,18.11499369,11.43083649,14.76410737,11.29704166,27.42074604,24.07004553,15.52089359,18.97328721,22.94447517,17.29075783,17.7814013
11.85912167,16.68603942,19.94993444,15.17661908,24.46810335,18.48019961,24.46609686,16.41787722,15.61518587,14.43882,14.62501497,24.34774152,0,20.27134576,16.5188187,12.73887403,23.31330923,17.02355518,17.8545215,17.26208468,7.870507408,12.45567483,8.978706094,11.98747819,16.20189502,8.690015221,10.6817267,10.47375684,16.65158464,17.23955133,11.30598244,16.86873412,13.03726741,20.23923295,20.14685869,21.44193655,23.55136149,19.19719168,13.8144552,20.76472178,19.46273617,13.01062919,22.74259642,13.98231902,13.69704838,17.41110655,13.48162514,23.02734173,27.79137304,9.132573197,14.74716499,15.2026438,14.52839349,20.95576504,8.242631603,12.58528741,20.19485616,23.17775553,8.655140722,9.645140855,10.46755981,8.609372966,19.20369568,13.62671432,21.82980167,16.57516239,15.37766289,23.7093099,11.07541674,15.26368366,17.44481154,16.81042602,20.44751203,5.135171399,18.35399928,18.14021025,13.30377133,14.60872335,16.8671309,18.41011949,10.52487477,13.28656005,16.17524516,15.92672832,19.7821397,19.26691669,19.50062634,19.3634947,9.645471517,16.3273916,16.67661011,10.99655348,14.02154944,10.58683541,21.14486256,5.921183171,14.97652664,17.6727697,18.61914874,12.38200699,17.23477609,21.41939163,19.12116306,10.77399076,17.49351009,18.08919766,14.89202654,14.46082356,15.93700403,16.55213583,9.520482572,14.51062062,18.07490612,17.34787954,21.35526395,16.04750149,24.95980365,20.40934039,15.31453391,16.77402098,13.26918603,14.68819903,17.12114848,10.2846677,9.00552026,11.10440043,17.79208537,15.535544,16.92504973,18.2742838,9.342631151,17.72437938,19.00696601,7.89729803,17.86870747,22.78454107,14.63739719,11.87731157,20.309508,17.18305873,21.01230192,15.25161986,14.49331874,15.99915674,5.545378502,23.88607025,13.9142253,28.30538154,12.64015486,14.7022192,14.06245933,13.29910461,23.33619803,23.52504604,27.38635413,13.72060763,22.84289044,14.51622644,19.65696292,9.701136763,23.4952129,17.39163246,17.7852651,19.50879945,7.844521224,12.2949015,22.98967888,16.01411852,9.721964859,18.80147132,13.89281275,25.29833193,9.345975869,17.85050682,8.411373361,17.66057938,22.07234195,21.55083116,19.66825957,8.102535925,23.33089084,13.13749288,11.05918924,10.68927347,18.06455321,12.67765918,12.75256983,18.00741431,17.37026551,21.86246022,18.97668729,16.64374183,16.07756213,9.531728375,17.3575178,14.74418316,10.83884373,12.88345898,15.29664149,15.56197064
20.54970802,19.3121125,18.87033321,17.32230497,7.811549221,22.19635916,18.62222097,19.90922957,12.66187136,14.39719205,18.35127072,25.97158236,20.27134576,0,26.79534083,19.87595308,18.55250023,20.65039387,19.95712052,15.79596443,16.24084934,13.38827048,20.57328844,19.43376478,14.22545992,12.63019605,14.88425097,12.09965475,15.14135062,13.56016557,19.53122653,21.75979581,20.10781807,18.39777739,12.05862943,15.31513718,10.27577836,15.187356,17.29453238,19.55222885,25.00790829,12.84195415,18.8182608,14.66862101,15.63627346,18.88871846,14.95956083,15.16530405,23.14376349,19.60344497,14.92041922,13.0427219,17.18871572,17.27221089,19.97527798,17.82899851,8.008057264,14.04966276,14.37743479,15.12157279,27.84675055,22.64497395,22.86470187,13.72669392,23.59041815,18.85486597,18.80073013,24.19539881,18.10261705,17.61112363,22.32279296,16.85202911,27.38721397,17.14451178,20.8416036,9.919148034,21.62646962,14.05685444,21.48102013,19.27382668,19.83142634,20.64983912,14.28170351,12.30827412,12.93047316,19.57074524,19.86475997,25.55030194,18.59928649,10.51300109,6.944544843,17.88859854,16.43655631,18.69888742,17.30295574,19.39667014,11.9160044,22.6311783,13.64441945,16.26548542,24.29382916,24.22442824,17.36448056,16.13388346,18.09576904,16.99313507,15.98493683,20.84924735,18.68595697,18.14954194,15.1229649,15.01662026,15.50598646,17.98088601,19.87396182,9.973840768,9.271876017,18.50971617,24.0827502,14.99594377,14.9970758,11.50413556,15.13724961,13.7817457,17.42056178,16.12901421,18.35555037,23.97561021,12.21068066,17.11747727,19.14282206,23.20518319,12.66566835,22.14574062,12.83894496,16.5639855,20.71647649,11.44211506,11.06739292,14.0537625,11.81300534,13.71647413,18.9510486,18.88777719,19.92063983,17.21397594,17.01776201,29.06254089,19.50808453,14.12969059,17.66770188,19.40071743,15.80278899,21.7753764,25.0107921,19.66035462,20.53836833,14.57658987,17.09992807,17.05126255,20.67687207,16.04053343,20.04034809,13.0521901,24.01676794,15.37201616,29.36622561,14.5506105,18.65881692,12.49768181,11.27172198,24.31626094,24.77636769,17.11625645,23.01596132,17.25614115,13.4606061,16.21663681,13.54472825,22.51298653,12.84948185,13.470872,24.9373551,10.99181482,8.698292569,18.00745664,19.12838848,10.75604888,13.87315358,13.88979119,19.47786768,22.10208392,21.96095786,17.32659213,16.58446794,17.68722865,23.4232943,15.39459228,15.10861306,13.93795593
19.48067876,19.046736,17.07094841,20.15605403,26.57944305,16.45713536,21.90383408,16.56849921,26.56369223,18.76290478,17.15336481,19.35209492,16.5188187,26.79534083,0,22.20126143,23.56721736,11.92734169,28.07783154,14.49803966,20.00240367,21.55121404,11.0591705,10.83005933,21.10033082,20.3643369,13.68651669,20.63942682,15.48433131,17.56307444,15.28499399,15.92421249,6.840690239,22.54592409,19.08346652,18.19965276,26.55676961,20.70600569,14.25131996,19.55105576,16.17755906,21.87457229,22.28093783,13.43829809,15.88441661,19.40379225,21.37489449,20.01986932,26.35690264,14.23550081,15.18461524,16.00088517,11.15978308,18.72475388,10.47898299,12.58840548,23.68009421,20.84692008,16.59614976,13.94265046,11.05260228,11.00497351,11.3963736,13.90538427,22.19709216,19.64757382,24.71637822,21.37137412,18.84309714,11.88663605,17.02565195,14.83294274,15.16263282,14.16773451,24.0694465,22.10496835,7.649139855,26.26664647,19.86332047,21.57621201,18.55203636,18.00548901,17.91671724,18.86038051,28.73735207,20.21239992,18.92999387,19.63562746,14.28284423,18.90208988,22.15945277,17.31623566,17.04823193,23.92541652,24.9234867,16.79165183,18.7573932,12.90833496,20.24869243,16.25192038,8.878053424,21.96270612,15.41548214,16.51340781,16.69178389,22.08382649,17.80168624,20.50522098,14.33290414,18.12712395,18.50321785,14.77088596,16.30827297,15.54684149,13.78056717,18.97607901,30.34889312,21.90203414,10.71656576,18.97485997,16.98712978,18.45924472,17.07229126,16.09613395,21.95386591,13.44580279,16.91810077,12.00780666,18.28573923,12.58063276,16.18631176,8.340785005,18.42593874,10.05836524,22.48151724,22.04260725,18.24487845,22.05988697,19.63721885,17.78285637,26.29998978,15.78194665,11.52018989,11.98533344,20.53144147,20.02626706,12.40867888,20.65399136,15.5931342,16.44492763,17.16210415,15.04711316,20.83668344,21.164879,27.92419674,13.46773352,17.59883632,16.57604444,18.02359839,16.74230816,19.41426566,19.25220569,13.76607668,20.06396192,14.62225527,13.22667919,16.47796266,21.00287968,11.31096036,20.14939776,22.30244322,17.33145566,14.70085929,13.39647758,11.43312544,22.8411697,21.43697723,18.00184568,16.64659362,10.58880791,26.90548685,16.07153044,13.04860319,19.70661292,23.9282776,18.93471337,15.2140873,22.48158819,17.83678377,20.34464816,20.55643576,15.50854339,16.77812027,21.71134331,14.98351368,19.46369804,8.288249586,13.8070252,15.79549022,21.00757829
12.01362085,16.82404328,15.22129869,6.485036396,22.25237716,13.31205762,18.98237553,11.51752938,9.541775317,8.808108402,15.46879396,18.24832107,12.73887403,19.87595308,22.20126143,0,17.42643539,24.28834046,17.85414081,18.23889776,8.867943209,11.10953962,11.28544891,15.10473112,12.48580008,12.98224577,11.67831997,13.24768504,16.38257844,18.46863217,7.921686161,11.2323511,18.62120657,17.18316394,19.51897246,21.05535533,19.93093622,16.74257288,11.2569155,24.42629453,18.85646222,11.63442495,18.8330157,15.89349334,11.6249891,13.39656959,8.000786375,23.94684792,19.17772655,11.79286596,16.51698811,20.75470881,19.05631487,17.78066092,17.13790437,12.11431433,17.86302669,22.44716792,11.99227909,12.55151492,20.35601661,15.3173378,19.33837771,14.91286542,15.15867275,10.9714768,4.930417969,21.24638436,11.84924192,19.56382704,13.21842275,16.86867286,17.59857401,11.38884068,15.77537082,17.67499753,18.18584152,10.82998382,14.18372156,16.14756206,9.023573998,12.34188422,13.30613947,14.81849988,12.24272893,15.17934309,19.55849365,15.56884103,12.71226373,14.30837,17.02749447,10.63994099,13.00783458,9.30070288,12.55896093,11.17682481,14.65586449,17.52034757,16.48461478,11.63903465,17.27876464,22.88189118,16.59441254,7.4107431,16.81928085,22.3545477,12.99257939,4.153543361,14.2520386,17.65617666,8.427599598,15.61351098,18.14426267,23.29465838,22.63140605,17.30035026,22.19146697,18.06013892,14.60309855,12.91356906,11.65655991,15.58137956,16.28032448,12.62109984,5.690087356,15.55151386,19.66425107,15.56074539,17.53999924,21.03381139,15.22219712,20.65083682,16.51439167,17.30487283,15.04236684,17.88304871,12.16941202,10.94017091,22.23099262,15.29475236,18.67985642,17.49783368,15.04414549,17.50905788,15.42142672,20.58783859,19.42013784,24.76841732,11.34402347,14.45182654,9.322299351,11.8989848,25.56924608,18.59719746,22.65408308,11.94328171,21.20706288,14.50823064,15.39466203,8.867503346,18.53935817,13.53740881,16.94340355,18.83674807,12.66572279,12.73348021,18.44853298,10.15088684,14.24263782,17.41232972,10.41706172,25.01412974,12.23330141,23.21866556,18.91380754,10.37129877,21.02985526,19.88004075,20.58594557,13.22234941,16.42924696,16.51790367,12.39036359,10.00001531,15.12654746,9.493732939,10.23517561,13.44553248,20.89884683,21.27643792,11.60029961,14.18855599,10.36178994,15.98571285,22.7805381,11.5694901,15.94777259,19.40344056,15.06713865,11.73690534
