0,20.12370542,38.75114007,71.22866347,18.64359978,37.93382696,70.06585363,34.28244723,30.12614991,54.91654275,50.55631242,56.71393122,66.62268449,55.96739877,32.0394751,21.71467198,22.27822265,51.78800996,23.30886586,71.4829778,44.04272497,24.52320503,60.43466955,56.33374602,50.93170411,52.85223762,31.99262958,27.24752396,52.66639675,39.9496443,58.04980738,37.32976245,70.16084167,44.43054697,34.60272389,87.49277543,47.9585792,61.5633213,41.49299237,43.28234958,25.49757669,47.18779301,67.98208408,57.54774416,76.89307396,58.95010729,48.8237268,65.89853711,9.41112397,85.15538667,34.96634594,49.23574334,67.50654539,39.62059828,61.44498984,34.75106774,63.63881615,27.535554,31.47314197,63.7189942,51.37438051,40.85678846,47.78886161,27.07235156,57.27916048,62.63628496,44.70757099,62.06910834,43.94667834,60.73111655,64.71205133,51.7783905,42.35092769,40.23861393,62.93316021,45.28052644,40.02356697,59.40977893,46.18422469,67.87024539,45.16438893,61.36660893,73.148346,83.40131942,62.00375431,31.23341742,43.09744597,73.04931855,52.42729403,44.87490207,49.51687319,80.28701942,77.4468421,78.70440722,50.53215664,32.79932864,26.48077151,53.38007846,49.50483859,56.44250579,42.1824529,30.03884614,54.77266909,70.26361025,31.75680288,26.24601011,40.30380017,37.87158408,58.93400775,33.2775567,33.52688866,92.40515386,47.9274878,16.52535331,59.84215636,74.72350303,16.05965699,48.63050472,56.49517413,51.2024849,13.12720622,28.05335948,34.20345217,38.64342701,33.39505022,19.5110162,18.61428162,54.35363577,35.08096199,37.76647293,34.49521613,46.13840434,44.19477251,47.91913459,36.82558501,38.80680617,42.23473766,36.21938266,35.25767838,40.76079056,44.07909559,61.96704152,30.00386633,18.37208463,50.77566992,63.01722751,49.94864328,60.50395889,61.69850143,73.85196192,49.16577741,85.1301803,57.64953097,10.56947986,44.26214742,56.64371134,50.85147327,42.23019356,67.70389685,57.87368404,36.53930599,67.05183253,47.52973999,58.89568602,39.93581538,39.4131661,46.27299479,50.53420407,62.80428215,52.92332712,62.86554189,74.14446822,48.04229681,33.54163733,58.93764524,71.18649319,43.58999804,40.06278743,60.25674305,33.37008246,29.92357192,55.34040804,60.77665422,62.80636807,47.64940784,56.02269889,29.73001612,49.50660408,49.21514093,70.2256696,25.68471646,57.54490176,52.64023606,30.97440516,60.19349662,75.81293617,43.60126823,33.51772273,76.2923959,49.54671639
20.12370542,0,52.44691031,68.68255845,24.33941447,37.4280638,66.42988408,42.90240281,19.0292552,67.03246662,41.03545589,64.62012016,72.58881743,59.08998041,45.97260974,23.88336627,38.61555192,64.51442995,39.63525815,75.95450163,39.51523917,32.09240269,59.27148723,61.19003093,67.78683737,49.95095986,36.33174595,41.84814081,57.19940104,29.19683939,73.44300942,49.13587501,58.60766209,54.92787961,32.20699837,84.81519168,54.63741445,74.29391672,49.11441716,58.93070111,22.01703656,53.117052,73.34362699,61.7564582,88.10606386,75.77940212,46.40962881,67.17628543,25.30775663,93.30178767,37.0582617,45.75916132,67.43260257,40.63463181,65.98029895,36.61520052,61.18298956,29.69242436,37.77430303,60.53306506,50.38330988,44.24920003,54.09171357,37.8441354,46.18441268,47.35556772,51.92495442,59.3798468,48.46088549,47.51050977,60.5031211,56.66245725,40.98370651,53.54340976,66.28383681,57.98647922,41.47052538,70.11046749,52.96525848,58.20131062,40.35048888,69.0404194,75.1158685,98.01182671,61.66960698,43.85935288,55.15928867,66.96113512,65.83708984,51.19900558,40.6947241,78.89635745,80.62856141,85.2884338,40.38510837,47.70016537,21.44196808,38.45120284,58.79221923,64.74547182,52.21068005,34.11980063,54.76626592,68.18049212,29.55392539,32.50634883,39.47325824,45.62710203,64.51979747,41.17152933,38.53765558,99.40614705,52.97282679,33.51487483,68.64326412,77.35259716,24.01478253,40.83517714,63.43284671,58.59913978,19.25138902,30.92601026,36.00831626,35.56404302,41.42101282,26.74623384,20.34815329,61.71302372,31.0410953,53.28246972,39.86298902,49.83380526,42.06848215,61.31949004,50.44051198,37.30559826,52.53565391,37.48670187,43.99217057,52.68934566,54.84188651,74.61053878,31.00169042,32.37600926,52.27849661,53.63638516,51.80701613,61.57940997,66.09796373,78.9430914,62.06852516,73.67910431,58.51630011,26.32935526,36.53281985,66.98164003,41.84382237,39.31523764,75.62548708,46.98295762,36.37957836,75.85550853,63.01190501,57.73488444,40.10426813,25.41344703,52.2755829,50.8722442,66.77925692,55.22493375,63.40850527,78.16321914,59.06580129,23.12062652,64.38797767,69.16152246,39.92502602,46.46046377,57.44217334,42.88784951,40.7598616,54.66199463,60.03224992,66.99072818,56.98427994,47.99193287,33.71656712,56.52708537,44.87570199,70.50853488,27.1566687,51.57970367,54.70099166,36.48623355,47.55854437,77.26399193,54.35186237,45.08060388,75.42345089,38.75111856
38.75114007,52.44691031,0,72.09546512,41.43272194,51.75541358,63.80220947,18.99945542,52.95360907,21.25102447,60.13571995,40.457234,36.532536,46.36321493,35.83719722,54.65808808,31.85773486,17.57173133,26.5757833,63.60579443,54.59080404,32.27694877,47.39740543,40.51565719,44.44703064,49.46994695,42.14216704,23.03856456,61.01791196,55.44730395,22.93409949,45.93682746,71.27981111,20.15904351,50.85134416,78.59339076,54.10759048,41.30767755,31.71411811,40.72007285,61.27705842,23.01308922,50.53330046,44.73941744,59.5853577,50.94337671,54.49797995,50.20867545,34.58047525,64.58412179,56.39432788,74.50320719,80.41539897,40.93437647,39.65598477,38.38273241,54.81843673,50.68637987,33.98873131,66.26654007,57.21345151,47.99360979,44.84120442,34.53251301,66.6474282,75.39064931,26.98579498,58.93794737,37.03564844,89.63664992,60.45599427,51.97745902,70.62082214,63.10801215,42.92971801,42.40584928,31.57382641,46.16827709,54.9025502,75.23972372,45.27445799,42.70465428,51.03069028,46.63100306,56.21544431,34.61288899,26.84187861,64.75964255,33.5273246,33.68622054,60.84998487,73.90893321,71.82891812,65.10548797,60.56887134,38.16196836,49.65719325,76.60024645,40.5647548,62.66841671,45.52814181,35.11257814,52.31039951,71.00913418,63.33615936,26.62312884,33.81627628,18.49042744,49.13033846,34.68952969,32.71722011,62.28719734,30.49522252,42.91120043,56.10997835,66.01009047,34.52077773,58.85241443,53.46223451,28.27372833,42.71237201,52.85929472,57.009427,42.86015633,43.8927427,37.43701528,55.05045382,34.48631244,51.52268076,50.26931456,32.4910829,42.7384667,49.57150557,38.39785916,38.44929419,64.26240353,20.67916404,50.98900399,27.67401793,28.31015178,13.53416146,43.56592851,33.86668954,24.85884075,48.15065652,74.95557727,52.09075713,49.54784881,38.68948599,65.23729599,32.53713565,102.6693003,53.62832152,29.59713027,60.62019339,36.46652016,67.82787574,50.72544456,49.52802624,76.40392492,59.73895528,48.11661629,43.06643283,80.29675132,68.39423877,69.82083508,51.82568972,55.6864628,63.50167029,41.96892472,65.52034959,51.39039512,39.06509282,63.67040785,58.944727,70.65322058,71.38988706,39.08532552,52.15752786,48.45563809,44.48431901,58.0105183,58.04577866,42.19742572,27.43358562,63.71619639,34.93131266,30.14766147,66.45771903,50.84079996,35.92119889,63.10062871,47.20913472,26.92181864,68.35884677,54.0994707,39.82105164,45.26730659,84.10285751,75.79814912
71.22866347,68.68255845,72.09546512,0,56.15678349,37.44360926,50.87809934,61.978391,70.25865083,83.5031871,49.50304155,59.22530071,61.44020349,63.82402451,62.02217804,64.99841519,83.40572915,78.25941399,63.97397487,76.07891213,52.34070514,56.57656413,42.14548597,79.48511823,79.39611262,54.36445152,64.74294154,66.5200444,78.77829869,46.32722489,80.11140603,60.28690572,60.8385699,58.64843782,91.23556381,31.77099575,67.73796113,61.98675664,79.81308121,67.88830999,84.26000006,61.47996781,52.02324833,72.44743333,109.6370128,77.89599518,30.81291929,59.58257934,68.38115959,65.71994072,98.7343292,61.71199599,43.24272838,88.44219082,89.46315275,76.56628375,42.78131141,59.36151274,85.43874699,109.5629229,87.14586758,85.33671301,72.27466787,82.29648814,37.30413335,54.46645433,64.13761976,44.05583449,68.31399473,74.73173905,35.42916372,48.23971886,75.27388572,101.9120216,63.13287205,65.5431408,59.16753811,59.04100942,76.34692683,98.76218304,58.59623752,58.30700532,72.10290007,103.3000943,60.00910964,84.47696503,55.73634739,47.19970398,85.39560885,71.92084466,36.64722854,19.61840914,90.07471544,113.0598806,77.00033693,74.76911572,53.88652756,59.58164537,104.8830672,112.4434825,102.2645423,50.77681669,46.67843077,89.62706571,87.18608292,68.58241471,56.55806308,58.59612967,76.55946753,49.39595376,67.59036343,67.67760644,66.96656221,74.43818902,70.00830096,76.62870066,77.23254042,74.41078987,115.1498241,63.41821118,69.31114409,64.04294075,96.91330451,41.7941786,49.22465381,74.50825651,81.78021343,49.55826734,68.04293523,86.88182467,64.78267256,55.17110988,52.54692532,79.4889513,74.9124607,51.39919203,63.11661661,41.32607888,70.0936447,56.26205911,72.22862388,62.19353451,55.67519588,75.85028912,51.33687685,67.89976475,24.00152998,47.52720104,75.17186054,112.8897573,85.03798119,64.86738431,57.5090689,65.93834486,39.51888152,73.84684398,72.57926572,84.44340617,42.89822331,46.58760928,56.3089575,60.79721717,73.05995336,91.76956475,80.81521912,59.60884058,94.20539623,39.95803899,88.1719018,33.48598875,47.43712815,47.59511153,72.75290926,70.70463458,78.69324653,37.12317573,60.46113552,40.20815546,50.5473026,84.88651914,68.53972612,46.74937264,49.81758063,79.56583633,80.302876,63.4973141,45.28332585,77.31767183,42.40974754,81.90492231,50.4124081,66.76473149,70.09670049,52.67279043,49.08270545,58.08514362,58.45656153,58.15967105,82.13471691,90.89679743
18.64359978,24.33941447,41.43272194,56.15678349,0,24.20351824,62.734314,32.1324639,30.18550444,57.4024248,38.3991954,56.27409631,61.86760683,52.97502996,25.29269532,16.86420317,34.61668977,52.89384943,26.10117431,65.06628714,33.57572883,21.71132595,52.79791641,62.90972051,53.30564366,42.07420762,38.61703598,32.92378267,60.75077006,33.24883364,57.9633181,37.31777848,64.25963448,42.28561755,44.37385441,74.13876461,38.00675141,53.90062531,46.33692173,39.89050922,37.03857587,46.02541051,55.08165583,60.37872608,87.8316123,57.65998131,31.70759038,55.55155655,14.57864039,74.27662257,48.70303562,36.51564442,55.75115602,47.86441971,64.04965193,36.96375481,56.75625777,28.33780647,44.29298104,73.42326497,52.22251855,53.95308113,47.08174752,32.68422935,45.85205075,56.36793257,45.86921252,57.80213913,37.29960974,53.32728867,53.92443066,35.58604975,39.76957993,50.61184959,60.72004588,47.05009626,39.64346121,55.42268338,46.80416825,76.25519579,40.92146981,59.16865027,68.27069755,84.58457392,53.71563384,43.79440804,34.40508443,63.91902516,56.04796737,43.51132616,39.98384884,67.78726417,84.34461536,79.6292165,47.89878359,37.22209231,25.03803168,51.07022497,60.78415657,62.24290389,57.10350785,16.98043989,50.96171348,78.01467125,41.55747592,33.45729165,36.27534158,37.4210746,63.87803226,19.31426568,40.08262371,84.94759035,43.01444974,24.02459825,54.2066279,72.00341094,30.03262711,53.64677675,68.87510484,47.16366425,14.52303009,27.59285677,51.29714095,27.64767746,28.08007704,30.6724102,27.87244459,46.89119278,40.9721846,47.65240899,40.41152997,45.36020101,42.50988071,47.04907883,32.00000139,24.92683659,38.06473367,27.86666334,34.21257156,37.78145906,47.62005818,59.21128279,30.14590242,28.40970036,49.05382813,59.74819339,34.9232715,56.73706276,64.93572413,85.36909829,55.06822703,71.76443934,54.28822705,16.92717013,36.6267095,60.38901407,54.78482928,52.57722699,57.96654929,43.93215664,20.99727657,58.65624847,49.55992453,53.23186327,44.60631354,31.14151374,48.09010497,42.15502541,57.67572443,40.70462328,56.81085491,63.39026945,47.04228127,36.54466326,65.17194596,63.63719425,37.67295823,26.13882733,55.69332875,47.37295399,26.93682596,52.70686459,58.69253006,59.52694846,53.47198988,49.63248292,18.39479976,52.47700032,34.96827077,73.14640891,14.73360624,60.65147851,57.90385414,23.21507835,51.46821872,66.17247234,42.55470634,22.07721723,70.84421682,52.66486282
37.93382696,37.4280638,51.75541358,37.44360926,24.20351824,0,60.83497521,44.01314256,45.90883292,65.05779101,40.03573966,54.15026407,60.29187449,60.54141289,32.83116578,33.66139776,55.20899647,64.12014393,35.38869874,75.92482846,27.21330591,24.83495149,45.98712344,66.90510607,55.25239686,47.3204575,42.46003643,42.27106235,59.19565069,25.27069632,65.16736043,36.36501154,58.77870702,47.041851,61.59714985,55.91028771,41.12001406,50.88970418,62.49044035,50.39210059,53.26501606,50.30665498,51.44508845,55.20015024,94.03702492,58.35946857,23.70482179,55.27209846,36.80656168,66.02758519,69.79994675,34.96499829,34.8108056,62.82472181,72.01918376,55.26068168,50.60483931,25.55075619,56.9889302,83.81827638,59.19896322,60.14492544,45.17474324,55.02974012,37.2127154,50.22349073,44.8890165,44.21371796,51.56259449,50.61749146,47.72256875,40.2764118,40.31747134,65.76245976,54.06006536,43.86751677,45.46123428,45.84827497,44.4955399,81.95712795,47.93520129,57.66300922,65.70234288,91.63788425,45.83229427,53.10448113,38.84010757,54.26070926,60.64490518,47.9467519,24.04571887,50.64959309,79.49400043,91.48849971,56.97353545,42.55285389,24.15161554,44.59685551,78.98564626,81.95833654,76.20707836,25.73141477,46.24384323,73.78827824,50.85741515,42.11212588,41.48873041,41.39617371,67.88867891,28.64972327,42.6015344,80.53811123,53.56230051,43.03843478,47.54408434,61.45892771,47.45164635,59.76205216,87.80833638,47.58235289,36.08933961,27.29080144,66.90508704,22.62220729,28.13026986,41.13714328,48.20741694,40.00997218,48.12085537,54.73060753,44.12553368,35.8143913,31.58316397,52.63708692,47.7605101,26.27636759,49.14611342,14.79640726,43.33257048,35.27144663,53.57245259,53.58392566,31.11586966,45.74721878,37.14324843,48.49178438,22.30661345,44.93595543,66.56098945,97.52763543,59.39837521,70.17158971,41.3492625,34.14143501,24.73605573,63.99755777,58.57578506,63.62533767,51.46835372,32.82133004,28.25409984,51.49575203,56.26632401,71.59184349,45.3073535,33.94362111,70.214283,21.81888216,75.80065176,33.76144595,36.8303648,58.29217139,46.80723776,37.56575703,59.04289906,51.29618347,29.30156542,19.95040713,44.80388139,54.18950542,46.06859446,41.25141758,47.33429492,70.65763079,65.19622329,57.69753125,24.28367726,55.93823582,34.68305667,75.18461057,24.2587066,54.38072191,57.77513506,30.37575436,47.34732095,62.93428579,45.70998264,33.6975159,60.60287243,59.16813298
70.06585363,66.42988408,63.80220947,50.87809934,62.734314,60.83497521,0,49.1534422,58.01113231,76.98618048,46.64834503,48.96247483,51.30636257,28.48362068,76.42106118,71.02191208,72.27613347,62.14776782,68.00022274,48.14803614,69.85827487,65.0942926,31.44343755,55.4353215,92.98392192,43.57257484,56.98533576,61.86152609,76.73725977,52.92570358,76.95263339,72.16151642,50.07739222,48.21595367,79.13405313,61.06248118,88.62789193,79.87241754,52.95887999,70.05104865,77.96673876,44.53138045,65.87764759,75.03559232,90.4865539,94.97933752,49.20342912,61.01195438,67.47537394,89.86293078,80.83536314,87.13038396,85.63863497,72.01319655,75.9188445,56.45468151,19.03656002,72.24300457,73.84467798,94.73230226,91.30105231,73.59010622,86.61714729,71.39823701,39.81896567,47.06347991,64.41367847,47.61345457,58.27649517,94.11878298,17.58296177,58.64729546,96.41983306,109.447795,65.14392977,77.37832815,37.92476216,79.42652584,95.82802564,72.10231529,33.36474754,44.09588128,70.6651082,95.90975564,77.35021651,83.87479815,63.94788762,44.76801792,91.27569222,76.25750318,52.77540127,45.95553939,81.95698867,108.9695025,67.36387337,86.56883091,59.35334305,61.7117762,85.80834081,108.3803639,80.24523634,56.50733032,31.11726958,81.95224585,93.36714754,60.99294064,42.80602724,50.33526062,50.38829099,55.64269995,63.68366454,59.10802424,52.863854,75.67923243,96.21376892,96.1659682,66.61089074,46.85601944,95.36006595,66.79251233,70.63852999,80.32109552,82.34481629,48.81600944,57.21587136,74.79792056,80.1867914,61.90413349,50.99235042,95.65437745,54.18571332,65.55584864,62.5977684,91.95602575,81.932165,69.73531818,51.12773059,59.20506984,72.90226018,67.42424151,63.27086945,73.95662677,53.95170273,70.0087421,61.09540719,84.41174531,47.91584732,51.34113318,52.56163225,77.42512671,88.732218,67.80079396,74.76486249,65.92837064,50.05235198,56.52985878,51.42596357,58.78999084,50.45482175,71.01283503,73.42345609,81.76647818,72.0444019,87.56125082,97.00986976,69.17406303,80.52770081,67.57170146,69.60112078,40.73199048,76.57260068,45.98187166,87.62335318,79.88250318,84.7247873,38.38429434,85.01442121,59.02532917,53.87423049,84.30922361,63.49859243,50.6727778,49.79520149,55.85998448,53.98785689,35.03364794,46.31634386,74.8734288,51.01470687,52.99062666,52.05098402,58.77419418,52.41444791,52.67995206,38.32319603,53.45399552,54.18664827,69.97520407,111.5285972,96.85512935
34.28244723,42.90240281,18.99945542,61.978391,32.1324639,44.01314256,49.1534422,0,38.66825349,35.67358808,43.37709179,41.27907186,36.85596522,33.07768801,37.29679019,45.5677466,31.3452652,23.96600393,29.91180698,50.14397889,47.4932244,30.74235934,37.92044078,42.51853089,56.30143957,32.95677278,39.17313812,26.45698847,63.43416195,44.8911859,37.49528952,47.66459704,59.37195231,19.42405598,45.60014591,71.60426456,52.86200968,48.37932911,23.26410897,40.08091924,54.16118317,18.79292472,46.23450522,51.91824353,70.3282181,60.99007932,41.18096721,42.81798121,28.7496026,68.11949064,50.62767272,66.22743349,76.44605938,37.42217022,43.04258049,25.00899347,43.47712317,48.23581854,36.83997562,66.49791866,56.36838863,50.54133409,50.85893267,28.68766357,51.5308994,61.25326866,33.79153711,54.13203481,24.21855506,79.95815555,45.62971638,40.0579734,67.811852,67.62955848,46.8066371,49.94115357,19.89484421,54.2991116,60.37830093,68.9856786,28.23088115,41.44976741,51.32988561,60.75143896,54.46831725,43.83877194,27.06597112,54.74151022,48.51596247,37.36029434,50.87962422,65.48078181,76.75089971,69.01553457,48.64598734,46.38656041,42.04790041,65.7869618,44.84972369,63.95570195,46.67502949,24.27065856,43.37648645,73.60098714,61.88065735,26.12599103,20.54030332,17.39899929,47.50635681,24.17560308,35.17752628,61.84351076,19.37426119,40.28347365,62.48583208,72.0072458,30.35222617,48.23947154,56.4763956,32.70675751,35.20412397,51.23929026,55.04808972,31.64200459,38.62462106,38.30144061,48.33847787,37.0071488,42.33989982,58.56124439,31.66482363,45.2564718,47.3730086,48.07122739,38.21594291,53.82210573,11.30252025,44.79670924,29.85099389,34.87827831,25.81417716,52.02602077,28.79461714,25.48494324,48.49664804,71.11251549,42.12043438,48.26422429,40.81743908,65.87048338,47.622498,84.83395148,55.81566522,26.38222042,50.12802782,40.91679572,57.07632319,44.19195977,46.47870542,64.62756046,49.78136692,53.631226,46.70877655,67.31214508,68.41748821,57.42255079,44.00899283,53.26654205,50.31487499,31.97971578,65.71097596,45.07595523,48.49716235,58.46174318,65.86918674,61.81461537,66.29769319,33.43200521,48.4785048,53.64524415,35.01898443,53.56461368,54.69637782,33.20505038,27.12041425,45.09489919,21.90080429,38.67932151,51.40038261,49.09034687,23.45325557,59.10133359,46.21342337,16.70046727,52.53685306,47.4802588,37.65025786,39.38693344,85.61321298,70.6175351
30.12614991,19.0292552,52.95360907,70.25865083,30.18550444,45.90883292,58.01113231,38.66825349,0,67.28231618,31.83185572,67.31129133,69.62144079,50.25238701,53.06622628,32.11521778,40.07426449,60.48616091,47.95258773,63.68829829,44.93324408,41.35494508,56.26077247,61.89662106,78.45856962,38.68058404,44.8061122,47.7607183,69.31880716,35.56537667,73.93856284,60.51363573,53.60406366,54.30500037,30.2244125,85.2420042,59.92751079,78.3992936,40.97248451,61.23086167,31.61327723,50.14624126,70.53052893,69.68831059,92.33069224,84.95939486,45.00757391,61.17071329,30.47032577,95.23845029,34.23163293,53.62292688,78.78920398,36.43116201,62.20680365,24.15708093,57.3276417,45.97628573,42.22208848,60.34433609,53.49924297,53.45188042,63.4391202,33.12465051,42.91295698,44.7150639,57.38407793,64.52633749,38.53591777,55.30520322,54.22657901,52.21624373,56.04851385,65.39030962,69.6484621,69.39727224,37.44475572,79.25855117,66.62886982,56.45233272,29.11888944,69.30043824,72.81443051,96.72043714,64.98557057,54.63382817,56.31950759,63.13815844,72.64086467,54.18261286,46.53770687,79.57634334,89.43694915,81.42096225,31.04796981,59.87914203,34.58258734,46.23779785,55.22756995,63.14808737,50.95378714,34.32127231,55.35461804,77.47293188,46.04306919,37.82262969,34.0736486,46.73193775,64.84746744,40.64266756,47.03065162,95.33842871,44.26722347,41.53954212,78.4817543,86.21726124,28.07590435,37.94254746,59.67209473,59.88642598,25.49794367,47.34184943,42.65403111,36.79307972,48.92742056,38.77486072,28.49337878,64.91816215,34.24642053,67.49183445,45.59819573,59.8667817,52.56445229,67.97730977,51.94851774,43.8457116,47.4642944,48.01314462,46.67762481,60.21115658,56.69310674,81.47859895,37.38566015,36.191568,61.58180459,63.50901663,53.96421497,66.44484738,65.20642133,75.52327501,70.06841462,65.66550672,67.93819713,33.70271571,43.79674582,68.61063067,42.79467484,37.73496099,75.53986505,50.49650272,40.81630396,80.03527265,68.36328619,48.66835549,58.50690526,31.83182817,41.9504579,61.40489675,52.38837894,53.40135319,75.1451445,73.32697933,67.83512312,40.83449571,77.60717574,71.05378548,55.47720301,50.46362113,60.70974039,57.06037969,39.24232178,62.09990117,66.19002976,55.041928,52.95503857,32.57024857,34.10968592,59.99419887,43.02650684,66.57578641,28.10007212,58.83035256,58.79214066,36.27387404,40.70702336,70.8746487,58.11779925,48.79530512,86.48787804,47.6389887
54.91654275,67.03246662,21.25102447,83.5031871,57.4024248,65.05779101,76.98618048,35.67358808,67.28231618,0,71.05752687,54.71520465,36.33072059,62.77958557,47.27737745,71.83905659,48.89656151,26.57868548,43.71340775,78.49882179,60.69048,44.19187588,55.46681366,49.95866552,52.5406236,58.11828188,59.55537485,42.3587169,75.25750169,67.54819564,22.48743193,62.68591261,76.2589767,36.93387663,58.0650352,82.41034065,58.10316024,43.42858679,47.23523967,58.92033874,77.8516524,33.23504686,51.32693225,43.84448262,65.77462972,59.52616252,66.64039076,48.78446977,51.18522406,59.84573725,69.73237377,85.96770832,91.50577998,45.32630053,28.7598469,50.98995888,66.47344616,64.67553589,41.42386296,63.71453702,54.61112642,59.23802859,42.94719727,47.26719484,78.55505214,86.56514202,30.40442675,68.88651977,45.44868023,99.32520939,72.74720347,64.68600859,79.98429909,72.38363002,39.70775953,54.68488339,45.62193552,51.1313171,57.47977984,82.55903439,57.97664303,56.81388327,41.48057532,33.80166342,53.39414451,41.86717167,37.33133539,68.1879576,25.84353082,29.85512101,71.97392829,84.08096098,79.80138495,52.67059502,65.77133762,46.55851462,65.19213427,91.1250833,42.20371134,63.08225465,58.08399939,47.71354478,68.51228783,76.47812993,73.04043596,38.81987292,43.88452577,32.33879651,64.52664973,49.84380392,42.93499165,63.83706319,36.75120284,60.82739487,55.42928251,59.47722772,49.10357702,73.54835734,54.09055849,24.4186652,56.70795493,64.42377584,70.5634737,53.61510892,62.85316509,47.86613016,69.71271319,37.42371173,69.11264177,61.49915882,47.56056305,50.35558682,58.35939505,36.38669237,46.91325815,80.62506662,35.85705562,66.72196334,30.22263975,38.79586034,20.07177277,52.23328738,46.20575724,38.09489515,56.81732415,78.15560571,66.51511716,56.82579338,43.31415793,75.13801611,28.15258244,117.3285804,55.18574578,45.86380192,75.96436163,50.40577767,84.69989646,64.04955271,60.81519187,86.32997237,73.40829941,44.55176002,61.34298566,94.05930115,78.34054826,84.49655521,60.45804025,64.66265322,75.34838008,52.12070652,72.56652714,55.3135064,37.54482977,75.24274861,66.46117129,85.46821746,84.31771854,51.04278344,55.80347865,60.91309267,63.97054758,72.13562227,69.8169677,44.7259675,41.66456991,78.13230711,51.87557927,23.01471342,83.93105962,52.59714323,50.53465691,73.54820035,59.82377973,39.7003106,79.2358511,52.52268944,59.40708326,61.74681685,82.40603965,81.47983868
50.55631242,41.03545589,60.13571995,49.50304155,38.3991954,40.03573966,46.64834503,43.37709179,31.83185572,71.05752687,0,69.18175126,60.68328297,51.95713248,56.66240899,47.04297652,61.99348622,65.52348835,58.33274473,62.09408674,35.3767773,46.32328925,42.27546497,71.28886978,86.04704807,20.18904435,58.7751502,59.91138806,82.86295358,32.00473413,76.44026808,68.55613471,37.81459092,56.00948038,53.62918959,60.40768707,56.31560162,72.37095631,55.61719576,68.30801663,59.62921634,50.13079244,52.58336268,71.37039887,107.1780857,89.45671541,25.22814521,42.73022459,47.38381321,79.78382806,65.01356315,50.89452311,69.8678115,53.64631199,64.5611819,40.56908999,45.90237706,55.40253589,61.25835113,75.37812996,57.54281642,72.31577429,64.33694915,51.91064156,22.03740333,34.18186783,59.20009828,57.77594124,37.04614341,54.03582935,35.81166427,40.46560684,63.38714499,85.54393296,63.3433379,75.8376363,41.38527096,76.55647736,71.37947702,71.26474629,27.5463774,68.81750649,60.77921707,98.14306598,51.62500643,70.95629319,53.03774275,41.42509932,78.20814756,54.26052993,35.40732693,60.11844215,97.86591647,83.78875207,31.94265502,69.89009273,43.71948431,50.16993106,74.54969577,78.85192725,76.82831971,31.46924851,53.84045939,86.60159247,65.59173074,50.50966719,31.4753133,49.48108922,74.74490446,38.04573727,57.15288246,82.18321319,41.06351065,60.19253982,74.76067002,79.78861428,51.3909665,52.70046052,81.20854531,54.88975009,42.85248853,56.11427486,71.7351351,26.16636035,54.23228339,55.3413135,53.85893855,56.14349664,51.92152316,83.54767308,56.54505401,60.18668082,52.34259788,71.23945143,57.57455519,44.91735444,48.83788403,48.35439069,50.34488536,61.25093618,62.42424218,80.79914008,42.63878191,53.22560393,60.16403082,58.46593042,41.35550817,59.91222173,68.25627536,94.72862879,77.91575647,49.89284448,62.50163776,48.37448091,41.07650423,75.92529414,57.33648973,59.23562212,65.29156582,33.99298358,40.53732574,69.66140016,78.48925956,58.27945009,71.47622039,36.90479239,57.18030066,54.31023137,56.63922611,37.68072242,68.52563482,55.45589632,69.35697997,53.71437038,85.93758601,62.33466799,59.37170348,42.77391881,50.86109346,76.35759799,52.61571206,61.46454762,63.93069884,51.8944331,64.81799434,29.20548735,33.52554491,63.25569393,36.25967142,67.97336606,29.48721791,63.85201906,67.35355151,35.21382439,22.35686626,51.412973,64.60393511,52.70816401,80.19007452,59.79716195
56.71393122,64.62012016,40.457234,59.22530071,56.27409631,54.15026407,48.96247483,41.27907186,67.31129133,54.71520465,69.18175126,0,41.46184828,40.11241534,56.95618283,65.82099574,55.33976435,44.52664222,41.32261082,65.9231133,69.54286087,48.21974428,39.98977377,32.1003977,54.53868545,63.76221527,34.3197225,32.63604551,43.95627876,56.23153377,49.26465504,40.63074315,72.80019745,24.55327,77.16989488,69.61885945,79.03812078,55.03259708,48.61330529,47.79757051,71.49451731,33.19555858,65.59986693,48.88004169,51.95814489,58.23339548,59.00956193,69.35585706,55.78907722,76.37641505,76.63441537,86.84813105,73.98201209,68.66856986,69.11542349,61.56102992,37.58475118,53.95076228,57.37955412,90.51606307,86.55909553,49.63150424,66.64381112,65.16242994,63.15661756,70.70898048,39.71038656,37.94635814,64.25993207,100.6970557,49.46405501,64.10537134,85.40346584,86.85219187,47.92584855,38.0202945,36.0769456,44.7135265,73.07291411,77.13175111,51.99469598,10.11616288,68.33539156,70.59227738,73.18977749,55.94159199,47.47854122,63.19135132,62.12921759,63.36887962,56.94434746,53.0002078,48.41527855,103.3999077,81.55290362,57.63747455,50.42508823,68.19038443,73.63115199,100.4955712,64.74033233,53.6575656,25.95370335,60.44101861,80.34252007,44.10084019,47.30093673,31.25831861,25.65146444,50.33904575,40.72053154,52.70949406,56.37918294,58.24548493,73.39651977,76.93917874,54.99999441,53.45579849,85.63099397,51.97045539,64.29394118,63.81590817,69.08248122,51.03810233,37.31772009,57.18203473,74.00411167,43.1342247,46.19599012,62.06981945,30.17959372,40.04549385,47.33380402,68.7331551,69.52787902,69.04997082,42.74057961,45.5405773,59.87399459,37.02103306,37.56541905,32.82436488,41.44072116,54.08460619,37.74263862,81.30958156,46.33896947,32.87014405,34.00588696,64.17386926,57.45273831,100.913581,56.57932001,50.1524297,50.86882354,16.32590349,56.63418207,54.98884143,34.74471827,82.32421965,73.50451037,62.69188307,37.27663153,99.83914405,79.13456273,76.33354468,83.26682748,52.32168001,84.05278654,42.54945859,56.46196711,50.94793418,62.31495135,71.93495776,48.3536896,40.36244587,74.91954774,48.31480157,48.81974172,54.44678455,56.77750022,32.43966311,31.43292689,65.55290068,37.38817508,66.87006366,42.33559517,55.6771487,64.06794262,50.00837622,50.00305662,48.62148621,28.63225266,46.3370968,66.98380233,63.79395449,24.1492047,58.3451631,99.4697103,95.79490739
66.62268449,72.58881743,36.532536,61.44020349,61.86760683,60.29187449,51.30636257,36.85596522,69.62144079,36.33072059,60.68328297,41.46184828,0,48.26548652,58.62546725,77.50603138,65.19737825,35.26764923,53.98995148,66.98495892,60.56017435,50.8172831,28.48733662,45.86289624,67.80809971,46.84746321,59.62935787,50.02898002,76.45287543,60.35381237,39.13773878,65.81911376,59.58178157,30.36953597,73.67986162,55.58468217,69.24786476,46.19773463,51.45517218,63.4967664,87.23127509,22.90893907,39.60694259,46.30524338,73.80248336,70.93104073,54.542583,37.66756508,62.426489,53.34225136,84.45248538,89.00478925,84.67473965,60.31163969,43.31251275,56.94375557,39.78285255,69.10341321,59.01596873,80.09343775,70.89719708,67.75683917,57.43427688,63.31194745,61.65805905,71.78661995,34.55177735,49.84805938,48.55803849,101.3068927,47.0684559,58.34230717,90.56785848,96.33880066,29.91400788,60.02207216,37.07841102,51.01499149,72.89276633,81.59959735,47.25786848,39.37130353,32.85414444,51.2951277,51.80706493,63.23173067,40.24161511,43.5647034,53.3661741,45.59669367,60.14760045,56.01759876,75.21010426,76.54465368,67.8668327,64.72847404,64.50492831,83.14448085,67.16952091,90.1246552,75.40790699,48.45003446,50.10959082,75.19023226,88.22327765,47.67594912,36.60693377,30.08828932,56.20548319,49.08311963,48.93774859,33.94867071,35.85733084,73.04490186,66.22259832,63.137238,61.77436978,67.39445929,79.22380459,29.02825708,67.53042913,72.96128773,84.37705452,45.56712713,59.94586006,62.53575854,82.48992573,28.48135465,66.60489256,79.88086629,47.70554869,47.76385909,53.99460865,59.38200362,63.69155523,79.55330737,35.42588721,61.83893582,47.21681359,42.7067976,31.84534157,48.81162567,45.65451191,55.66492405,48.79349874,76.71424082,52.30535165,38.42709677,32.72683139,79.3710826,53.63464305,102.6335032,52.04373291,57.04907069,65.45967086,45.18595782,77.7591843,66.73231262,39.73321951,79.25871549,76.06671638,44.21444344,65.24994554,99.99958866,90.47597026,83.56440297,75.41774572,57.87197845,77.18357506,32.15723933,64.76491653,25.13023258,54.96519521,81.31802954,69.79031141,62.08794745,87.02585198,46.81769586,39.6689492,74.840148,68.77797218,58.13460449,53.24805306,41.28184856,44.33377192,66.17410685,46.9207102,40.03523179,73.96813589,40.08133689,49.79576932,64.6469111,52.44649877,39.79303588,62.69369685,27.74795782,54.68377846,66.28562669,89.83038985,93.32109789
55.96739877,59.08998041,46.36321493,63.82402451,52.97502996,60.54141289,28.48362068,33.07768801,50.25238701,62.77958557,51.95713248,40.11241534,48.26548652,0,64.3079295,60.49118544,50.53939193,41.65291004,53.22425075,31.57425267,71.05804397,57.23278061,41.09322943,44.9489956,78.51548729,43.7778421,46.86979525,45.0767194,69.05398635,57.34046995,59.73724375,61.10684812,64.88204196,32.76566064,67.29859173,77.50039066,81.53429668,70.98111397,29.24795641,50.54750177,65.46215088,34.42483586,64.83186627,72.34559013,73.61768848,80.65315569,52.72384347,62.00056754,52.28719611,88.64966055,62.91519356,84.95635925,89.47078409,59.84883829,67.15236582,40.89354822,34.46774102,66.56375416,60.23989881,87.2840562,85.82574991,62.85486557,80.96873177,52.37903841,53.78929314,61.68908132,57.74050914,57.16831076,46.27116761,96.81609705,36.72089623,52.03733917,91.38416681,92.60570741,65.81881097,66.87381403,29.24008474,73.83847396,89.19564131,71.41641203,30.98707,34.97061977,72.0279619,79.52348717,79.89064935,69.86889589,52.21398677,60.82629039,78.73583012,68.80660944,61.42625855,62.0461647,79.07385292,97.38885328,66.18474166,73.93097737,55.77728769,68.48227785,66.16939293,91.31062551,57.44685725,49.2905722,33.51927077,81.96101898,84.63705206,50.01532496,38.6939483,39.7828125,36.95318378,45.36788541,55.63822349,59.31820387,41.618189,58.38692405,90.88342265,97.40774688,51.4703447,43.49587183,76.56713392,60.56780161,58.753905,74.06188679,67.05516914,50.02992176,47.64612399,63.9575458,66.88297222,58.80142975,42.78576131,80.51801492,44.12136734,63.82837758,64.17933906,79.88934387,66.6794985,65.48111899,33.23826451,57.08737975,62.48912133,58.07624874,49.90792572,64.86390534,49.02501415,53.8854723,62.36574475,90.78494335,49.60203515,56.52073084,46.05313749,59.18286417,76.30767764,78.50065119,77.10191875,51.9300609,55.15313043,40.5066103,49.88660206,47.67154625,47.26759996,78.36084938,67.78217166,78.20410064,52.89808258,75.73288707,90.6244902,68.74256129,62.35155338,70.42671208,52.86166757,43.05392536,81.03745026,49.58183037,78.85741399,76.81804851,79.7993596,50.87268811,83.2849788,54.37219479,61.63031181,71.33146695,44.56237794,54.47072083,55.49795717,44.13920011,31.71970393,36.04655939,38.49186819,66.71277283,51.32557686,51.49008416,45.24263139,63.08380509,46.98637156,44.34662133,52.8700912,58.37274865,38.98208709,56.84398843,112.8620963,93.47358606
32.0394751,45.97260974,35.83719722,62.02217804,25.29269532,32.83116578,76.42106118,37.29679019,53.06622628,47.27737745,56.66240899,56.95618283,58.62546725,64.3079295,0,36.73060126,40.28015099,48.58792231,21.50060521,74.52619142,40.17454316,23.32838971,59.60186902,67.96760119,34.41157205,54.07586782,49.07653455,33.31847091,65.7389982,50.09216236,43.42576574,34.57344649,78.57688879,41.24118251,57.09374705,75.33677821,26.9618932,33.80287431,55.50415916,34.63382984,55.83808807,48.89025535,47.73629321,56.73909071,85.54804377,37.10260248,42.41884274,55.36734275,26.77406665,58.03442676,63.58894553,45.20865533,55.13363541,57.01198162,62.9837465,51.20810463,67.17226391,36.33368448,49.89354937,80.86331276,53.80006054,61.51496277,36.99495077,40.36110477,63.5421826,76.18879978,41.75494871,64.75926838,43.71806442,68.08058972,66.51670192,39.02783028,44.03832999,46.21994383,56.97881508,37.67033705,50.65544896,40.31362732,36.4996823,92.40820769,57.65928047,60.22294411,64.93160216,69.69842901,50.21379368,40.34893676,22.00706923,72.10119021,39.76182618,37.2880045,53.35432976,72.06414317,86.68290551,72.99801072,63.41775388,23.29022158,41.84937978,71.10898538,62.95805988,60.81991196,64.48926739,26.05282168,61.82998695,83.98357532,50.79604145,39.92723968,47.16782376,38.96475001,71.00271713,23.84048816,44.04100203,79.7910675,46.90080145,30.98220732,35.65526858,62.72025681,42.28090283,72.40927056,72.69784443,39.19445377,31.20035388,32.13646775,64.4761219,39.03218838,34.70375767,36.45985335,44.54044878,37.65974555,59.13974587,39.40957545,47.52770495,44.18368365,48.16955813,26.97186603,21.08174224,40.54118021,38.66529446,36.8890091,28.98394394,25.89241299,43.25195713,46.25179531,39.33461356,32.24174605,50.68224639,66.74100215,40.62230806,58.66776759,67.68766023,93.73474443,41.88299787,91.70302391,51.11729521,24.92819554,53.10832018,60.31590098,74.95665592,68.16723239,53.59473854,57.90219233,34.11084392,41.91679631,45.16062583,68.34022789,48.69626628,53.47627254,56.10803435,42.27876056,67.82484164,43.81597137,54.56025324,61.72179425,29.80357637,50.94076368,63.14661722,73.20758455,46.40388506,22.93549496,60.06355051,49.86762972,38.20335231,60.6224661,65.23480249,63.87324542,58.00478632,70.3236832,31.52696193,47.1503489,53.44659698,79.33176043,30.7806089,72.1199219,65.66695638,29.03424852,70.39071272,66.03901547,44.9830408,21.91443282,64.26496611,64.69499841
21.71467198,23.88336627,54.65808808,64.99841519,16.86420317,33.66139776,71.02191208,45.5677466,32.11521778,71.83905659,47.04297652,65.82099574,77.50603138,60.49118544,36.73060126,0,38.06450619,65.41073077,35.71256087,70.17392617,45.54907371,35.52736292,66.36477679,72.13461238,60.60640436,54.44554214,42.7945299,41.69539014,62.32942863,41.02862917,71.34140282,41.00693698,74.48333866,54.99708904,48.71301032,86.95852297,48.56800394,67.78032511,53.89812835,44.48705091,27.65063749,60.02696303,70.68883897,72.99927537,94.08785149,64.64255746,42.93833588,71.3558016,21.80282459,89.38692918,46.12251492,35.29212296,59.28481028,56.56611688,78.13565419,44.71458577,67.42580953,31.67892443,52.34441977,80.72960537,62.45715933,58.12055794,59.95671101,39.13059769,53.3681841,61.34746446,60.09964739,67.58667435,49.81841683,50.85141168,63.86602304,45.3513503,38.63389174,47.45441603,75.90596922,54.49918159,51.1718884,67.34830433,55.23091974,80.14482248,50.6879229,69.01888866,84.64154333,98.25978804,68.56574059,51.313774,49.25553052,77.24970335,68.86476986,58.56671745,48.44613115,77.79565197,90.23232511,91.44344359,56.06903692,45.40071636,29.05338159,49.92601769,68.25710096,66.58036464,58.90415763,33.39409667,58.15479613,84.25978785,39.48943863,44.51526185,50.02111139,51.51788694,69.70989439,33.62360527,50.41072983,99.05027473,57.25449684,21.56600154,65.95748291,85.30924475,35.50686285,56.42658435,74.5110784,63.66065787,19.98939871,31.32709866,48.73679717,41.83074781,32.75035438,38.18660519,21.05396392,62.8660375,41.97321393,49.19955105,49.21484493,56.93264062,52.64381475,59.42419481,41.82670088,20.39341992,51.27757184,33.86511051,48.97129496,50.98982943,61.2919057,70.00473369,42.30100994,38.10348238,59.794614,67.72063113,45.00770152,69.01717478,77.00906806,89.07879684,67.05492616,69.86732539,66.99109604,27.16873924,40.60479382,69.15514009,53.58311974,55.92040611,69.68425747,48.57660138,22.4097011,74.08099666,53.15747142,47.61714321,42.83417592,26.37336312,52.38170591,52.45887473,61.29494164,55.34074437,65.94670224,78.30642936,60.13503862,35.98018185,71.56689472,69.68457757,35.11424224,40.77987072,69.09408727,49.12074683,26.68092977,59.18674239,66.9871063,72.28411323,62.55369493,53.88712388,31.89982916,66.89487357,34.65259731,85.01617799,29.87914476,66.68283261,65.28683653,39.54149859,58.81174485,82.0373511,48.24350144,27.21379636,79.44216081,53.56821584
