0,85.63241488,57.32523908,51.78077373,81.40995242,82.95473489,62.69420812,54.2505426,93.80710026,59.62464789,67.87407646,64.8632577,34.54293133,58.1093164,49.60296088,61.55094522,69.06028155,66.75076117,74.95956552,71.67389519,42.86297105,45.85485579,78.17000945,24.94977507,70.19088629,68.52392654,92.40435678,78.49433389,32.50386781,80.12336531,50.29804868,86.35174177,71.6651269,53.38667296,63.06107754,57.93438049,50.66696054,44.8860117,44.32691188,36.89857805,67.25252537,51.34964668,66.52552197,58.43911543,65.69843227,50.46034138,53.68324503,89.35981465,82.81949806,79.61813165,62.47001176,61.37767804,42.64245548,98.41247823,98.14818178,53.041008,38.29303283,64.08629653,98.60611462,78.18492045,58.14352353,106.8982067,58.65605583,68.76889841,72.75316477,41.37203884,89.09416843,48.65150408,54.44883896,46.74650205,105.3766208,45.08666027,81.26744724,85.56911308,63.1045288,49.98186666,58.17756362,55.99498068,101.7428707,69.73081531,48.0285392,67.42703751,54.04465703,69.18688136,83.6970874,109.2479014,64.84168687,80.4196325,67.84902351,59.33452509,46.8300994,77.83643834,58.35715852,51.26096264,74.00828172,75.22922384,49.54628589,91.94436859,59.47461129,103.8819651,70.2916242,64.52252475,80.90144805,79.51270404,95.79144373,79.97666475,78.64852864,72.69083679,52.92479817,58.51463287,51.37754703,50.97611596,79.8787444,37.53599875,79.60065058,79.16907787,49.30638368,72.75187255,76.67371078,78.57555927,57.44397481,48.01760654,62.51965529,64.29627932,47.22238311,107.6580421,71.96499277,62.4448066,79.00836783,58.80132507,53.99066981,53.25408039,59.32583061,51.01846775,31.58309596,22.33446037,47.95492703,73.03996926,79.09744264,63.4079216,70.67775492,59.09186498,74.60184059,58.90943413,92.41531049,81.78274249,51.81349092,119.6823836,77.71380795,50.06208266,58.51187297,52.0992726,77.04691726,33.39584962,67.64677261,65.5951737,69.14349443,39.79696806,77.83734482,64.97889291,57.5791061,61.89557882,86.84865496,35.24234311,41.53531853,28.33925777,43.40499564,80.15570823,46.33068619,90.51700549,53.01539509,74.86124377,78.14448403,39.99196634,68.65266705,48.39355834,64.81723654,86.76072853,77.72645438,34.50938453,86.1507737,73.94286626,73.58897311,37.57598134,68.71111951,61.48686079,114.996389,78.56336288,105.217527,36.73553527,54.52501128,78.24338006,67.93669274,130.6242661,78.6258205,77.79287912,64.2996205,120.5289294,62.93756756,29.80484145
85.63241488,0,82.47962765,101.7237674,47.77652033,61.00124656,62.32828185,61.58909976,77.55137148,87.92819579,148.1302685,71.38788625,84.37645055,45.1308909,103.2899116,96.71472274,120.5916413,91.96051632,82.75735876,32.75979117,117.594317,78.97657301,77.27454194,71.17518165,79.25189984,71.9988399,85.04433996,81.09907533,98.45269606,63.40464533,87.610731,113.6803567,65.22882396,84.42633535,79.07425223,62.43127453,61.00564597,79.85812919,62.73298503,61.7125085,39.59745947,57.34981587,101.8110217,117.7773339,71.24113351,61.28095735,83.51296975,81.21987385,41.96000006,65.50345228,87.85826569,69.24386522,115.290734,125.6701749,52.48043866,100.7300426,91.1807253,116.7386616,78.56972835,116.9270648,94.59284198,106.9199406,49.06931559,128.5825902,65.86363982,96.26799518,39.90524667,61.03818804,73.69860376,64.66303178,148.7139556,70.32718149,73.27143703,62.35921235,77.47115005,57.30787583,75.56014323,76.89181819,71.46408095,90.80455359,45.59496672,67.95409239,77.05067041,58.3429891,68.2962716,77.30520136,64.44628077,82.93414272,79.60485172,96.29843215,54.18711292,51.00252848,65.35802192,60.85344368,64.79208812,78.23560942,56.11919565,106.720094,83.37282664,97.24228767,52.35045903,68.15901861,108.9465026,54.43795438,114.9793037,85.15553272,97.60961039,42.92284861,67.8705928,58.57301663,53.06082995,86.52142504,91.08470815,80.03583216,56.9780829,102.4039421,116.812806,79.58298598,43.15603532,78.01871169,53.11320592,65.78747176,96.42298425,95.91124101,84.94299034,129.8383812,87.50072304,70.14841553,96.85664752,72.35270977,64.30694016,85.4853069,77.82714717,104.943139,59.71889011,76.70242321,63.3686223,97.04591159,114.0879871,82.27752862,61.32012501,101.553739,81.61900262,56.44322696,70.27394597,105.0206525,87.72419334,154.7318054,45.58722709,120.5362208,101.3378954,111.925608,62.7025326,56.99016618,81.46788067,105.6387372,72.70633762,71.96326709,90.1173228,82.93341588,81.4335482,60.7060058,57.60433157,81.46779535,76.27635,93.77595263,78.51439122,27.67915272,56.415355,71.30426761,72.42759478,94.58341959,105.4986544,56.5518967,48.95992019,80.27131216,76.2315104,102.2395721,119.719024,83.73605253,53.17543284,44.85695287,79.17992411,73.69190582,41.70667974,86.36598609,97.63261497,80.661137,47.85755484,60.82957612,97.28143002,60.40538309,66.53459212,144.5597477,78.39473953,68.03873969,104.3753181,123.2656364,69.84700073,80.23123136
57.32523908,82.47962765,0,99.62518521,79.73488642,94.11295693,53.5494917,61.27712473,70.877043,100.0823663,109.1859892,90.50391667,74.11005902,81.61329168,87.21779777,92.63959495,122.6896211,78.81403565,82.21864433,71.44724392,95.42253477,78.43516195,66.6884149,59.7616048,96.85663391,63.98024142,103.3683699,116.5655244,52.3553935,88.9239151,83.14556907,64.365077,73.92490914,69.58667735,47.13641412,92.14477215,43.4575758,70.13998674,48.9296332,71.23158727,69.93037234,56.47613173,98.58502311,86.50080257,87.58583807,68.57244639,82.17309533,80.4967922,68.63394667,88.43743078,49.44599435,28.78195078,87.92040813,129.5354777,87.14528699,85.2244836,80.19083993,118.3429672,126.6315129,74.57914243,68.95864212,71.41763615,57.13252737,89.27131684,63.4727208,50.93185912,99.74799052,46.93772351,72.76183821,61.259765,153.8473497,73.2721004,89.71534117,64.18958534,28.220681,82.35952663,47.16812355,93.57840035,113.00489,97.61123452,54.918083,98.82447398,37.32070108,48.54596689,98.62447896,134.3231989,72.14938744,50.43073543,54.04039903,102.0433742,59.5712324,64.13921639,64.08385621,57.42922471,72.97083034,112.4226855,75.89178306,55.489823,65.54340088,137.8391639,64.72553947,77.8230054,109.9502068,84.16997919,56.13311514,51.47577722,40.19834471,69.93352454,61.41280395,79.0233963,47.19032029,75.28808374,92.21676874,34.13022778,91.21963076,89.43905642,86.89989081,85.30405332,87.1539434,104.6405689,73.11585863,64.85474837,94.89561117,108.912541,58.53204938,111.8721462,83.35709191,55.94232486,119.1702157,85.82726782,21.61627737,82.07224027,81.37698234,76.88841074,56.84961297,42.72584564,86.61634349,80.75212115,123.0557621,62.48877027,94.78360146,91.26615675,94.14351401,44.22351835,86.0176014,81.70989041,88.73856851,145.5794015,59.24712169,80.12733808,74.08942188,53.01007005,106.3252375,44.04527751,84.48176565,92.05843319,94.07594191,63.84397362,72.66615044,96.66690514,65.30540136,89.40009334,53.20718175,55.47139872,56.02847785,51.54592778,47.80212152,83.64579307,61.59034802,86.2204512,55.01156275,96.18946062,117.9535407,71.2072433,54.1551897,62.58554959,78.41019392,85.23767677,92.14354866,44.68968715,63.84573534,97.15821204,90.50022123,41.87548431,87.49565136,62.23840296,123.3847488,43.68962192,107.9622619,48.971933,69.75227104,101.7201862,95.50408494,152.7817201,85.23465953,54.92003906,40.97469368,109.1731146,87.3409988,76.89051592
51.78077373,101.7237674,99.62518521,0,111.3645676,101.2904631,88.09087422,68.66105865,116.9745938,43.83099558,65.7988609,67.8789476,53.99391918,72.71039782,75.88907916,39.18076715,49.05018704,69.21471277,89.53272388,81.81551155,35.74958563,47.54231067,111.7414616,57.75518196,48.24750572,104.2256642,95.12137682,84.16813591,80.92810447,93.86091583,36.48562074,115.1658377,79.51434708,66.73052114,99.01872695,51.00739691,87.66877497,40.39492008,81.19707791,61.80363254,88.30385078,80.71725932,80.74937352,77.71582235,72.24295603,86.69900452,87.24299854,110.5755146,103.6466306,75.719104,90.91878523,102.3344081,54.49099486,86.77087449,118.588224,60.62564648,69.70366312,41.88134129,85.40067366,94.66542027,83.46270402,133.3264524,90.94256927,65.11361829,99.93066682,72.71000591,84.90674214,69.36632246,68.99824022,64.77622705,84.37238839,46.59389312,91.57638476,113.3899605,92.37079409,67.52907495,102.5988915,49.09292622,107.3208309,43.98422042,82.39321032,53.43025237,78.99908843,110.9407892,72.81616931,116.1905593,101.7144292,123.051974,114.1828487,34.72669508,77.44264245,102.6630026,64.16471014,86.97517148,88.2512241,78.56073683,54.64653427,127.4205711,101.1529632,103.9087262,90.21635596,88.04250336,74.55358241,88.85697334,144.6322192,103.7924837,112.1493594,97.18245748,79.06370025,83.27589061,91.49364883,85.77355848,68.95472171,74.20741607,91.00227124,89.99210478,40.76197654,90.91726649,99.20603299,100.478888,86.96362705,60.86598442,82.80688605,51.88724458,64.87165113,134.6449499,102.7276853,104.5362125,43.92610166,69.4301314,91.83678581,61.16169527,82.77875128,66.68341341,56.15122031,62.77584973,52.28938874,82.43926331,72.68850303,99.79744539,79.85843101,65.82164806,89.89099318,95.01390198,106.4816061,119.2494093,38.60639544,134.7763898,96.45363037,50.61629121,64.23531347,89.34429696,57.55627441,71.48182726,70.0069378,60.42315917,61.52938048,79.4317538,115.3593123,72.96476128,79.89299515,55.86866612,112.7150664,52.09970665,68.63776984,72.89260887,63.78360146,100.521091,54.54693777,89.24448775,90.99393721,98.51451008,81.48468652,53.33032381,97.92018912,66.47268118,77.20314221,87.88069303,69.87512589,77.68616584,121.6714223,74.76029635,81.57938041,62.52576433,74.34355945,93.32186129,122.9863958,108.1444275,117.6920351,69.93256085,78.34597794,77.7977269,54.07014456,152.447989,99.95209576,115.4860437,98.7427995,131.4433478,64.13743086,46.68211666
81.40995242,47.77652033,79.73488642,111.3645676,0,50.78306077,85.29658856,79.25637762,72.76750838,89.23625395,141.1102849,84.67608152,81.08222608,42.82889969,77.6559409,104.2104205,124.990351,91.70489073,69.61601077,64.73959352,113.5754345,82.50682292,51.82292939,62.94586928,102.4905551,37.08535227,88.29080428,67.87834745,80.40358472,47.70442821,96.618125,98.12247955,70.14018374,90.35353487,71.08740355,72.3417349,44.29283494,97.86463486,51.73952108,60.3247222,32.35042069,51.12389313,76.67939353,101.6631034,61.88390584,50.49783337,56.29619463,63.35319898,48.63992079,78.3543525,85.96267782,59.76717857,102.1663075,116.8208144,55.36517244,109.3465698,70.6473403,111.7420551,102.8797844,111.9282385,80.87847928,106.8195167,46.44184872,135.4381439,47.46318086,102.003091,76.73701761,78.23193393,89.40914445,67.70399698,136.6147681,74.23362566,61.16531798,48.57215929,84.97496685,49.57495274,68.87806656,93.31801389,65.5166819,106.0911872,43.33030601,86.82317058,81.8777183,43.22709548,84.029601,65.58413731,33.39425261,60.24265097,48.94756807,97.88775888,61.88838894,54.94616321,87.40636293,52.71284963,60.08683023,74.58244317,76.61224551,90.43553552,52.83370457,94.78367723,49.42814114,42.20097682,124.257962,53.82986635,93.00375255,84.91287156,106.7498534,33.85749446,51.07785676,37.84512387,36.45158966,55.34882227,110.6518878,74.19765191,65.53548262,108.561278,117.0304366,88.63396046,28.19938874,52.46224264,32.31181406,76.15635114,73.07850007,89.50928492,81.18601324,98.36830283,49.23156957,58.75045031,109.8633748,85.21426209,67.70701569,99.07977605,89.38651957,90.74808733,67.95607656,70.6945454,65.07372303,95.46304682,97.60649939,50.7177832,48.1757602,87.30497367,55.42354781,54.95388986,66.29005406,65.38663963,103.5892384,125.1515239,61.52162552,122.1470247,100.6777561,97.72267079,90.72295,53.8782645,78.17842316,121.2344994,76.53457531,52.11836644,51.81839768,79.92615152,65.99276817,86.82538704,66.5873838,94.21157871,66.83115967,80.02616236,89.47856806,25.80047217,73.76177244,104.8597698,77.71757844,60.22416994,88.13726557,58.74394685,38.52022858,94.50569516,64.50074227,121.0979431,130.5223753,72.4781725,34.98142443,68.79190229,70.30429727,83.46047147,49.56732467,68.97513599,88.45442393,77.39579171,76.95934053,52.35352664,78.48976197,67.73046268,81.87949343,104.4313816,50.4856963,42.45684132,95.43342117,112.1077399,73.73797348,71.84591525
82.95473489,61.00124656,94.11295693,101.2904631,50.78306077,0,92.89659738,96.55708537,70.27290807,68.16317035,131.8600557,51.71224381,61.49782927,43.61599266,84.40072671,94.39992298,122.3937609,100.8001854,56.61570317,59.99025369,106.2731129,61.0392526,50.80747261,74.11394909,106.14608,61.49829405,48.87907945,62.78270826,93.97918337,47.83113709,79.3642708,112.5019297,66.33047736,111.1376323,60.78215542,55.32116332,65.51858711,90.05981375,48.25374832,71.26051257,51.07034783,39.98708239,70.48644065,84.47280589,52.39067701,67.0003016,77.56311767,67.16389487,53.00124084,78.21729621,73.22169421,88.20199513,101.5584418,88.64759152,95.87713573,85.90003139,80.2684548,98.73755792,71.72842236,98.58559179,62.91831677,99.68046561,79.35035842,119.498169,56.95927597,113.5624711,65.27619934,90.02213804,105.9492879,51.6951545,118.1794644,70.80904136,57.76275132,75.20764569,98.86767864,55.8042811,72.68774339,72.75915349,39.37164319,88.00009939,52.80957369,62.03109695,86.32333102,77.98792238,87.94897722,65.92562752,43.28558998,70.95435936,82.53025026,84.31030352,58.64773758,90.88954498,75.50854228,83.61299206,67.63036285,49.2792701,64.94268437,103.6717446,54.9539791,113.8801039,54.65958887,67.19976032,91.19893084,64.21387463,108.5535755,92.139172,126.5179357,33.59826899,57.66087057,32.92023563,59.9788972,67.29180141,85.88722794,78.65230897,25.33847803,136.2899642,109.8566511,57.05022612,62.56519323,77.35331945,36.72834278,56.73157423,53.64943699,71.90571738,78.40384441,134.3533598,67.29048848,59.36945239,108.9930933,60.59699491,86.80081523,111.9171594,92.33369812,88.83888591,62.29372054,75.1885845,68.93920832,71.32807786,84.09486637,64.36243961,43.42976767,73.17350597,62.01015916,53.4256852,56.23805334,81.68785718,108.1627112,100.1615443,75.77272309,119.0504041,87.77740629,115.1260721,82.56392185,68.52186975,67.42177119,96.42495296,62.65229497,54.03347922,82.36455292,42.26482608,68.84475743,72.72599872,82.60803131,98.52956296,60.59210702,77.62629935,81.58422283,41.23892646,70.00734042,89.74288316,81.60578529,81.33825569,61.93810688,55.46045302,59.96179085,79.0344737,62.24155004,98.03274815,109.7017753,93.69856266,78.43513902,76.90772841,93.64461518,81.61333193,53.12195917,100.9817701,49.06330245,86.91445494,63.69973563,67.67729547,89.02273798,35.17316238,62.03304626,98.81819623,59.37203458,62.00520814,113.9783972,122.5323768,45.12790871,69.17702144
62.69420812,62.32828185,53.5494917,88.09087422,85.29658856,92.89659738,0,45.23489718,95.90537839,97.17871139,123.1669046,72.81367411,74.65680476,73.10385525,104.8972208,94.84046877,104.2503027,95.08835554,102.5982959,52.90360273,99.38963642,78.13485304,94.21638331,65.83833614,75.37078493,90.58734564,106.4637012,106.7226586,77.84533692,99.89995173,80.94952315,109.925804,84.51043246,68.14529319,71.59016927,78.47914631,67.0457689,55.53596351,62.63450937,59.19720896,74.17057571,65.16270435,116.1728033,109.8804895,95.95018803,59.64709652,89.53614346,107.1686646,75.03632426,89.49887372,75.14463905,59.88443711,103.7458893,140.7396307,86.37047369,72.67743315,88.49892879,115.3792265,95.42625721,105.8879753,93.55516163,102.6684707,54.01302997,98.22847872,87.93518046,50.14489515,73.98542058,35.60327929,46.0674591,66.14586195,158.4922955,75.40891908,104.3722324,87.83627319,54.30641491,74.11859059,52.68340273,67.06155078,115.0351453,91.1108586,48.45201369,78.06907827,61.78154646,60.16583523,93.35314895,121.5559512,80.5712042,85.45361293,80.14608668,101.0580593,40.54640999,67.41509603,51.89414293,57.37502461,89.22140191,98.06904151,49.00094434,103.8261166,87.65514272,118.5586534,77.95397183,92.34437211,89.30510727,90.48500184,99.30284908,84.290685,53.56596145,75.77425917,81.8221417,81.74389165,57.95685487,94.42074159,85.93463339,64.14419829,81.2094195,85.62691696,97.17100623,70.49705458,80.07559907,101.6189835,74.04113135,60.43400567,107.038773,108.4627334,80.4812126,140.7212102,107.4734571,61.26134799,103.6235991,62.08906519,41.08406047,56.7875157,46.5235045,102.0069663,46.35822548,60.87840418,74.52223843,98.38310646,129.459183,93.79739882,95.38497488,108.1731857,109.6774316,52.69015528,101.1422957,116.9941743,66.70784551,166.783981,64.27989285,92.48915651,93.22190607,89.31594884,76.5442803,47.88016402,97.39324223,76.61671244,94.58545927,71.78788101,104.8872769,91.50476267,91.25590692,56.33554903,69.2961385,45.32942377,76.01321613,75.03749309,51.16433001,76.34532067,51.38524977,65.40039499,35.77740525,114.9473915,121.7899924,65.46137802,71.22801241,47.05066091,95.60676691,83.59673338,98.6733296,64.86280328,76.09963979,67.48213183,99.26034131,46.19772989,78.37277707,86.24872142,131.1653768,79.68586475,76.0241744,61.67386576,99.01978497,91.05979859,83.65814609,170.4156932,106.8617598,84.01283879,83.99488454,141.3918584,85.42955318,79.47710879
54.2505426,61.58909976,61.27712473,68.66105865,79.25637762,96.55708537,45.23489718,0,93.55783078,80.87689071,109.8858768,82.28689901,74.87811779,61.21663329,86.20196087,69.98250494,87.85299889,60.83014039,90.00504,53.46991467,82.42770476,70.60780076,94.32408702,45.49885438,42.90472083,79.6335215,106.2873396,94.07933717,69.38281987,83.02268925,67.98528647,93.44251504,66.80242114,28.12708616,84.18574933,65.61887036,55.50506941,47.24121821,66.11496837,45.96251991,58.75331946,67.86700518,97.88273445,103.7384245,76.83851872,62.1858859,75.37628402,93.61737193,71.83265671,63.39236908,82.80373151,53.93585397,82.82643164,125.1660519,63.79918409,86.44858716,73.08955887,95.78246536,100.9393645,101.6430467,91.5288431,111.9860594,40.09261005,95.42931995,77.09773152,47.1853244,69.22907601,18.85877275,26.64015948,63.469201,136.8184696,51.51135153,85.3311101,73.83309652,48.8259309,59.98293787,77.19333916,71.10738569,106.2543719,74.40539166,54.02489856,73.11936818,53.19315295,63.35178577,61.14083126,111.4140133,83.57277788,94.05854174,77.88018456,77.93919885,57.82735633,44.05755744,54.16227142,42.66994039,67.92762018,95.63598591,51.59832174,98.8995698,90.36450549,95.32786071,65.52667704,68.18352841,105.5602674,66.82909733,112.7551163,74.96942305,61.515403,73.85620164,65.59304951,75.97937463,56.8598612,80.94590408,84.6439691,57.07035854,89.18226901,48.66849702,78.13623126,94.27801748,66.64352563,85.83677198,71.78593532,63.10120084,100.7123785,89.61531322,63.92159557,110.9283505,91.43194725,82.00058961,70.65869049,78.11738072,43.03251661,38.12058881,65.91325109,81.30295063,46.87185102,50.7829883,52.56992337,94.92111822,108.5035976,83.44247548,78.45199058,91.22221521,87.64515609,68.40137608,92.39970526,106.2220311,41.59402422,162.4238808,52.37469334,75.58045961,80.62950551,72.00122395,61.05089406,39.39841931,77.51088587,88.83452221,73.68283618,71.60785604,89.82203985,94.70693987,72.94713239,58.50642395,66.61335596,33.87639581,66.72190715,74.11341667,55.6074899,71.74981983,39.16987802,74.4719092,65.05356648,91.30821604,112.2078455,50.30743209,61.30217094,66.65844842,75.06873346,93.82046027,96.35864967,48.21673509,71.23036996,52.26203187,61.09862418,45.9060468,58.97537689,57.44808358,130.1835602,75.40227468,95.3584619,43.42727389,74.43872373,85.8371767,69.51043059,162.2817843,88.84775329,83.37034544,68.62592207,115.9343836,78.52817323,62.07034415
93.80710026,77.55137148,70.877043,116.9745938,72.76750838,70.27290807,95.90537839,93.55783078,0,92.45469119,135.2591681,89.14303445,87.17510648,79.68446834,102.3531021,91.01096869,153.0194716,78.59684734,44.8148657,64.99317154,119.8060582,76.84984725,40.50893127,85.32872494,111.3511725,58.59451532,62.59953112,116.2898721,96.59222718,55.13987379,84.96211991,64.81748999,44.34160755,105.8648584,50.50618682,87.84963345,57.12261454,91.90312938,59.2153356,97.8037527,57.65143687,53.4710372,89.65116945,89.73127555,64.96704593,98.41082744,105.0400261,32.16823136,35.85661032,64.91189287,49.89997863,69.00937746,108.9760146,101.0099466,88.98956607,108.1514954,105.0616457,127.7074457,118.9685102,64.60705833,59.5231228,43.54801286,85.99546281,108.414501,34.01347801,109.8955594,85.17164697,81.5504364,115.1858433,57.4858568,146.3107698,74.07831838,51.5523595,42.38558041,65.86291953,92.01662871,85.97754912,107.5763718,68.21570059,89.86463662,75.31567054,93.92523938,55.30801949,79.33529776,82.93704358,121.91838,77.9986434,52.88737876,84.06555528,99.70081823,85.29958874,78.84283845,70.37552087,93.21950918,43.90193475,109.6799622,90.25934007,51.07251567,74.71770908,152.5345176,36.50919425,74.43308167,120.3444129,57.21509896,87.25221201,37.1522979,101.7054574,47.47738184,52.94642677,74.55807042,69.44721519,86.38538568,79.23409892,61.80062392,70.71503159,129.8231368,106.2616013,91.52107323,91.12263636,115.8505666,75.57720853,66.75052501,89.71530517,102.5723179,59.91381464,124.8433057,77.32217227,80.66414826,125.4730235,99.30802573,70.62923895,124.9200114,122.7589793,80.70907228,78.42508582,72.8796092,98.21201054,55.71067511,114.6871955,58.553816,77.62929828,81.37113652,75.07552641,57.06278654,28.20659874,78.58958517,120.1420247,127.701104,48.33169147,109.6337916,69.79803216,96.900884,108.5344356,75.4447285,59.02235071,109.9458318,72.65448354,83.14934356,75.26429755,89.72336381,52.60484491,100.9828595,41.15827052,96.55720228,56.8566181,82.11265113,72.00510455,71.36905746,71.29948601,79.72608692,100.0735995,95.70276719,107.0007117,77.69303032,43.58884851,89.25468633,55.07667013,80.80464058,94.77395479,90.78306089,72.35153263,107.1195313,90.99701975,72.26000759,76.63951553,89.17083783,72.71325215,33.80683409,103.6140659,68.42249112,75.5948318,79.83189412,81.94155248,137.0075742,57.55420047,43.96919213,80.24686994,72.40278017,68.95720855,91.41756651
59.62464789,87.92819579,100.0823663,43.83099558,89.23625395,68.16317035,97.17871139,80.87689071,92.45469119,0,82.09923003,50.88741748,41.78490693,51.68593724,64.37783663,38.45206985,77.86523882,66.14440942,56.53003153,69.83538509,54.44810447,26.35242253,84.47435976,56.14789641,67.30959454,82.46095088,59.21555348,62.68032722,83.45615065,60.91648689,30.88870746,105.5604646,57.31320409,84.30053967,82.23380944,28.54018065,74.77753043,56.47740707,64.34096183,62.29643026,67.27601962,59.44232468,51.6586947,60.699853,37.8903331,81.69515768,78.65054567,81.59742607,81.18960049,58.37458396,77.32900931,98.66224729,58.30463085,51.43672639,109.8292555,66.01296166,64.9274842,42.03248094,71.15292792,81.8965186,59.70662952,116.9884849,88.52923917,78.55222991,74.98929391,94.41464396,70.23911329,78.35867792,89.08474812,45.4540605,67.51787295,34.65146654,58.64130429,94.5257192,94.98053256,53.52844767,97.05875029,51.06209503,67.87044987,37.83761368,72.21048944,37.64290669,76.18238368,103.4579961,61.46660584,90.40394989,80.66888711,104.7903182,104.4210309,18.68532098,72.46930972,98.33882421,61.99908378,87.50895652,65.65949889,54.12776791,53.65064651,113.9388061,80.75878172,103.9738521,67.08647067,68.42946718,74.67699585,65.1836561,135.158313,92.44238826,124.9646809,71.05965449,56.95615964,56.86660724,80.21512009,68.20230127,59.86327561,69.41791006,62.44772763,111.1823319,57.19432808,77.44818488,83.99768359,87.19382527,65.29571969,47.27126296,52.67392934,19.56070153,53.75011911,127.5724995,78.33847154,92.66995371,57.08166232,62.71065559,92.66129367,87.16232521,93.87490121,54.63458346,53.12653198,60.63015535,46.24091072,58.04971603,44.94588793,77.90913591,47.71949082,37.52333765,59.45958026,81.2035128,75.19478787,96.84343362,69.61579745,102.8336444,84.96027634,72.43712197,53.53393118,96.21658667,57.767103,68.46735405,41.18703179,69.7216756,29.63422557,65.27049395,97.10185929,43.95104981,58.25805885,57.86359123,100.6260951,72.43068815,50.18850396,67.76682512,66.2261029,77.99756256,51.83492263,85.72418675,94.45055051,78.4133996,47.2045083,38.94029851,79.81163041,70.55073919,48.92597134,84.07888177,72.70456711,83.01995501,108.6795864,72.68654731,72.99578223,66.62722221,53.09156645,92.10261792,81.69346946,95.7231658,102.904222,61.9990332,66.79142515,44.0203663,30.16423866,120.2512622,69.59125389,94.60200944,101.983102,112.3867399,29.97265228,37.66438189
67.87407646,148.1302685,109.1859892,65.7988609,141.1102849,131.8600557,123.1669046,109.8858768,135.2591681,82.09923003,0,106.9180215,74.42922843,114.0629483,76.66660319,74.51461304,83.15617619,91.50968386,106.1626071,127.4906922,36.26364449,79.38002169,123.3667554,83.63588222,106.3745193,118.4693199,122.4957842,120.6105026,77.5635232,123.315734,73.54115609,109.7148606,111.0147125,97.71233269,109.1275732,100.9459216,107.4651622,83.18213902,100.8313013,98.92322953,123.5326946,105.4212256,87.15979825,60.26219508,102.238439,115.1327533,104.4453085,126.8876853,136.8207339,117.3254349,98.48127208,119.1633815,43.87590339,95.73099968,156.7014806,80.39651637,82.12979611,64.78364853,138.569096,86.47031942,85.12488642,139.7741766,123.5174323,57.36106356,119.3978934,87.21205699,139.9247335,105.2094202,109.8142823,93.17973941,88.46771266,84.937203,117.7582132,136.7278988,110.9840764,106.010639,117.5017876,97.52886623,141.5711341,88.34195707,113.7996726,106.4157191,96.85690362,133.5706957,120.7948618,157.5683385,122.1410269,130.3873783,124.8075471,73.39270079,110.4598647,136.8357014,102.8798121,115.1474559,116.149949,116.6775796,103.4059981,125.5030504,107.8106306,147.7733769,119.7609565,112.4239247,102.5800538,125.5778906,138.8126597,117.4602207,126.3429618,128.1961159,98.99919417,111.7571074,115.3514075,94.44523341,103.0683776,84.3387588,127.7476327,118.0399683,39.51047482,117.8428778,137.5676985,130.0363315,115.8625092,93.88183458,91.1416519,82.89968022,78.70318846,135.4418601,112.4517955,121.7025161,101.1692806,106.7048371,113.6920149,101.6350382,117.2696207,63.1976894,91.69078291,78.10773936,98.59114878,92.78341649,87.58387106,106.9467943,115.7406881,72.22465144,110.5913962,117.8018539,132.4890483,116.1641907,89.63083194,119.918826,131.5909089,42.67523755,70.88133101,78.78499859,120.5678068,99.16410576,95.31108191,85.28690679,101.3665158,96.84152612,121.9293878,100.2102081,92.73262744,110.7641862,140.2175992,83.38946895,83.74069839,70.81061074,86.72018274,140.2651259,97.48381403,132.1284844,114.8691474,110.7455536,97.57248533,94.03159504,124.645184,93.6136093,99.45969932,109.5295523,77.50241517,89.30013933,148.3065816,130.4144544,112.6722013,87.19690752,120.8562295,107.1185795,145.8489055,121.2963635,164.6176188,95.50091781,80.65738747,120.9910306,104.4768945,152.4598686,117.7201202,130.7639617,96.82152379,139.0858127,99.69044976,74.13834227
64.8632577,71.38788625,90.50391667,67.8789476,84.67608152,51.71224381,72.81367411,82.28689901,89.14303445,50.88741748,106.9180215,0,38.61428605,52.87786632,89.78741101,72.89915168,93.61189235,96.05384031,73.05788289,52.03747655,81.28335953,37.4331701,80.68778278,68.59891956,81.69908996,88.94071184,53.30922811,73.26889684,90.60530067,75.80270389,50.1311169,121.0059651,70.130234,98.61632678,64.96223134,38.66073715,77.56125133,55.38789632,53.78653851,63.28039291,70.52894369,47.23119386,83.55210068,77.88042067,64.01754421,70.14955824,88.5744188,93.3425364,72.36461025,77.43273962,66.74833376,95.41793901,89.55602461,87.18704361,112.994237,42.9126667,80.63581945,79.10575736,44.02216559,90.57121367,64.80673553,105.0813748,85.28007268,85.62447641,80.71016806,91.45895198,55.88929295,73.84328886,86.60237613,40.64469061,110.5773664,59.09739326,79.24035432,98.52003275,91.45393892,59.25037713,71.40819573,29.27160125,72.44339112,59.60615199,56.00540566,28.81237106,77.4093711,92.46517786,84.39228054,92.20543246,70.34169472,92.99571087,101.2685794,65.86414507,45.36672238,100.4502841,47.70646113,86.99547055,81.22151123,48.29362841,32.88198292,117.2700528,75.60385014,116.7679779,70.68387934,87.39973459,42.40410027,80.46259102,122.5869037,95.98141234,114.6548801,61.86810375,70.89512918,56.03852503,72.34109897,82.76407711,54.61107075,72.58105525,32.68177054,125.4711985,84.50713903,30.94554078,83.42732821,95.82751653,58.09743581,31.67367063,65.69203663,63.49322286,71.32646911,153.7399799,95.14228236,66.69494,88.65585411,21.11948134,83.5533105,88.30389761,69.72426173,85.58186177,41.07341507,65.92506214,60.87630175,64.06027185,86.37839343,87.25473239,64.24669812,72.53910024,86.1763517,58.26431426,78.99347843,109.4750143,79.3739184,117.6556094,81.57269437,92.59160443,72.75547445,110.7213767,58.38418458,65.20846311,69.14597798,48.91454655,59.79137046,60.49615212,109.0793343,29.05277641,78.53097587,36.33581329,92.60803685,71.7657559,59.59334569,69.69674562,56.19120758,68.18843876,49.80130055,63.50331519,67.00274493,103.7353285,68.54017978,47.01940101,78.91628234,42.43913154,73.74011707,67.29592086,77.31203824,90.17428235,102.1313125,68.5754756,101.7623423,60.01333648,61.346109,108.7115524,79.19059155,94.35977279,65.10707614,69.39584347,94.30113698,38.89846623,43.39125906,133.7028062,88.41759612,89.27350211,111.8392334,137.8728921,35.70791015,59.3685751
34.54293133,84.37645055,74.11005902,53.99391918,81.08222608,61.49782927,74.65680476,74.87811779,87.17510648,41.78490693,74.42922843,38.61428605,0,51.95681515,57.10518903,60.14672459,78.30893197,78.45964773,62.29405186,66.66811822,50.53817259,25.06365162,69.91832788,44.30295721,80.48826025,71.77432599,65.93222792,68.81741807,57.81488898,71.36544646,39.86211112,98.14150126,66.88103863,81.21440255,54.80846816,43.63594677,60.70793402,49.66581857,39.09713899,49.4734412,67.27213561,40.14529821,58.19279832,45.74493023,54.71701697,59.03711934,65.43359818,84.1167855,77.6268306,77.77262636,55.00593789,79.85567088,54.32117197,76.8279696,110.597905,36.78555858,50.96169733,57.97144722,77.23533881,72.37262982,42.75415918,101.7282156,75.73625618,67.87230339,70.39639493,71.31097872,79.33030108,66.50622398,78.0242854,33.04618127,92.68554338,45.65298665,72.60229053,90.82508818,79.66367368,49.82055976,61.55506207,41.42548193,82.12472824,59.74366054,50.48361387,48.86295452,63.83279846,82.37704271,85.070517,98.7140943,59.89575609,80.61015887,82.00106208,51.31156745,45.13294081,93.90896038,53.83311831,72.225866,73.59879665,54.39199423,43.00814095,99.3436336,54.79126552,112.1065443,67.10150494,70.79805881,57.90161624,78.14076069,104.3870927,85.38745235,102.4161652,63.87521408,53.11601144,47.69704965,59.83861862,55.40800999,64.73240025,49.46790623,55.85051322,108.9435785,57.43233958,49.6515532,80.84651659,83.85840521,50.85620961,32.33428266,43.03164656,49.08117197,50.08871089,127.1996423,73.35377182,59.56014643,83.5253639,39.43089075,71.76744166,77.24166823,68.02728086,54.98200982,31.62837194,39.46138187,51.40209176,55.20515394,66.96908555,65.31608759,60.17118132,47.11254312,70.33159951,55.17884739,80.73025805,84.48201,69.48403408,98.72929903,82.49367406,65.5070369,53.32123608,79.26898424,72.55879627,49.21981542,58.51978268,51.5300408,57.40897796,38.48518552,87.01652513,32.66000742,57.90165183,54.01414034,91.99410425,57.2012992,37.01194306,35.89381968,45.94819455,74.83067265,47.9152105,82.98732672,61.1167798,80.67964364,55.04135508,37.01915802,72.09234779,42.01147122,59.5330868,74.75474828,69.15645973,63.9932778,96.02315842,76.71365465,86.47549041,47.09295863,64.41928451,85.36294865,88.80288498,83.91732127,92.8856636,50.50691063,65.78656498,55.95076221,53.00795039,117.7767755,74.36743477,78.75071046,87.04580331,124.0950122,39.73504185,32.22585858
58.1093164,45.1308909,81.61329168,72.71039782,42.82889969,43.61599266,73.10385525,61.21663329,79.68446834,51.68593724,114.0629483,52.87786632,51.95681515,0,63.7651181,71.54526141,89.63987471,74.0843633,60.17687525,46.30857547,82.0398455,49.49803583,64.74818116,41.64107353,69.6397241,54.48206256,69.67559353,42.76455121,73.24097575,42.88553456,62.21071451,102.6455783,55.06670762,72.94176612,70.0002567,30.69915639,47.81939741,66.26000336,43.71696518,34.60327457,30.08977277,39.70005486,61.11276679,83.53576463,39.34509418,43.60398366,51.3099067,70.36915278,53.11288924,57.62940965,77.45307928,69.81775202,78.29316807,91.33370593,69.5119572,79.5118882,53.70030436,75.56931002,69.12624658,99.79889299,68.64557772,111.4629441,48.48133879,108.2608302,54.95303002,86.04393928,51.28313292,61.59703416,69.04636062,44.32199439,106.0062281,43.42066606,52.92341975,66.14299293,81.0547566,17.63679726,70.24906496,55.51629167,56.59541263,70.82472448,34.54119342,47.26970141,71.39123408,62.64114769,59.84339815,57.67193718,43.98317452,79.53459214,69.8780701,61.14682704,44.6764877,62.40895038,62.24726158,51.42882771,54.04993687,43.38734715,42.45424282,102.6922706,58.95086878,78.05481381,46.46384885,41.87226068,91.91046531,45.39030408,112.4184445,85.18735078,106.1020885,37.49638167,43.22300165,23.33563768,43.00215737,51.3408156,81.85810237,63.84355867,46.63208076,96.33688068,87.84450561,69.43588008,34.28438118,50.36002013,25.07060054,49.08236675,56.43892261,54.20953484,63.31729529,110.0663973,58.20651853,62.88229524,72.72565143,55.72732212,67.58042933,74.29623057,70.19415984,72.8424429,40.45363795,54.22274418,28.05424539,77.60205104,70.38813334,59.73677447,24.72246891,64.37480907,48.62643986,54.79358036,65.40626921,80.61732588,70.89014526,117.6834265,60.33782517,96.0837738,78.53378736,92.49214001,52.79203662,41.46632397,56.73139955,89.45133394,45.78582916,41.52990873,71.78702434,51.15001863,57.1570855,50.76653327,75.21155728,69.9399884,50.58966705,66.76709117,68.42889237,30.49042544,45.6501265,83.57089332,68.70047915,61.43273276,63.19074047,22.84055586,48.57175008,70.15195836,50.14196003,99.05913644,103.343578,65.64894516,65.20296825,40.39144655,59.07340435,63.63646731,20.1905021,71.26549286,82.13237589,82.51845547,68.65023074,39.95143361,69.25320142,36.85197267,44.55441253,111.1364874,54.4774312,64.90558516,94.71094235,114.7303397,42.6678373,40.96985763
49.60296088,103.2899116,87.21779777,75.88907916,77.6559409,84.40072671,104.8972208,86.20196087,102.3531021,64.37783663,76.66660319,89.78741101,57.10518903,63.7651181,0,76.82078306,83.72981305,73.25822641,70.24438531,98.18809516,55.8490269,65.63378061,76.10081301,41.87802627,96.41875089,58.1080982,99.95562678,65.04220235,44.15074966,71.20967958,74.6510891,87.68959841,82.05025859,76.64090106,82.87014388,71.35932503,59.55389261,85.84188633,61.60211671,56.25441253,71.72685541,67.47294812,33.05585002,55.05889422,59.29224269,65.08019314,37.11428768,82.97030459,95.29362435,89.80999776,86.36339441,79.36343292,35.90536667,85.84403116,103.7529045,89.91672353,23.03807211,58.91290297,118.4354618,92.14826156,63.33600061,125.6966373,74.88002442,100.4240128,72.22347621,84.32053329,110.2450914,86.05597333,88.94534464,69.03629419,82.21804348,60.44329603,73.01300883,88.02794914,94.23883483,53.30376612,85.17339688,86.89277757,95.58659838,91.01644997,69.67070836,88.96878519,82.53771068,82.87214352,92.83340909,96.45058673,63.11612239,87.5912492,68.19945002,63.51203785,78.55390932,90.8319892,94.72784473,66.36782592,76.34714337,75.45874424,83.22909194,97.88083141,54.62843711,96.95640962,78.1853034,49.05083427,113.3736674,80.00892391,105.8990763,96.55812321,115.1683613,79.46289109,51.78131344,55.15289242,64.64592618,24.53909653,108.5193885,62.96306457,93.78680059,97.46937643,69.00619826,100.6402062,75.99830934,61.54459499,59.45969549,77.71245533,43.72912549,55.10731731,62.40544428,79.25060649,43.05070884,82.17495004,88.71774658,89.32639091,84.59375806,87.370968,94.43629638,44.38856094,67.55878349,52.23872155,56.93551516,85.41481439,51.29103749,51.21803097,60.91356781,46.5515944,49.58009315,83.00136306,94.82060682,55.49954522,84.52515747,90.90992133,97.29487803,77.06041092,74.64535045,62.70846759,99.32862307,59.87599766,68.88606334,104.6421877,72.63372015,46.00886863,58.09837792,73.56281126,54.24683385,94.46542854,106.300749,80.43432045,53.67402874,48.65306784,83.82974329,85.63147795,78.34866977,125.9487518,89.55541006,37.61497703,58.45162619,56.56945768,77.05758261,91.6946813,59.28426612,121.4238032,107.2249392,54.00691055,92.24226084,91.67205966,64.79915963,78.49288381,74.49310828,59.68333673,109.1561485,95.11696564,127.0731223,52.14435404,42.6000335,84.89355545,83.35834622,91.39566105,60.34709676,80.21747396,80.73038847,112.4572314,73.82565027,36.15508662
61.55094522,96.71472274,92.63959495,39.18076715,104.2104205,94.39992298,94.84046877,69.98250494,91.01096869,38.45206985,74.51461304,72.89915168,60.14672459,71.54526141,76.82078306,0,85.34033156,41.37828204,63.80480635,73.01648773,53.64732191,40.60238138,95.10039397,59.82136012,52.79305524,90.83206266,76.35822907,93.41546048,84.32675912,73.64873394,25.08784568,89.95981333,51.41426954,68.94143337,88.31070015,51.95724101,76.48873711,44.60406356,75.30161499,73.60641822,75.25710009,72.01073549,70.61126087,69.57349213,52.88696981,96.69107537,93.85678114,83.44778541,85.24050527,48.28611655,75.57514605,93.85443479,57.32385939,67.19101432,108.2059272,76.27998014,78.79881896,59.6277478,95.1355867,70.20634287,68.19331343,109.9234442,91.01753028,61.05896979,78.78744187,83.47107465,78.90777646,67.16764353,83.70510734,53.060293,86.14408356,30.51725282,65.9549669,92.43987404,79.17789152,73.33964642,106.7444296,68.44023238,89.49260808,23.61310202,84.17976695,57.2343354,61.08329706,108.2986264,51.00574491,119.3032224,100.5690143,110.7386683,110.835788,27.26701837,85.16493969,93.09064824,55.43790739,90.57519451,61.84085139,88.98354834,64.10262012,104.6578816,97.41063674,119.29453,69.00955443,76.30166791,89.17567981,66.7745615,136.5848298,77.65807849,110.0539706,84.27314315,61.81454456,80.25319677,88.39600095,83.01351445,52.11261812,62.56137761,85.32988127,94.89985806,37.81446384,96.52826517,98.51754075,107.1966295,85.9756668,54.49899186,80.43136516,51.34983867,41.80852346,124.4578136,91.43740138,106.7588376,52.3985287,82.56430408,86.25139607,82.17140153,104.5782358,48.5975138,60.25272995,58.34451489,61.02772554,58.59962488,70.53861584,85.51679895,70.7746712,49.49417173,73.91629477,89.2757293,79.79898756,106.2846256,60.9371958,128.1211146,77.83200042,50.14798361,38.47612711,83.35515882,65.48760147,71.47582355,40.29915373,72.12854248,39.47360886,83.00832412,102.6150758,75.60085333,56.95225482,68.57252363,93.4157292,59.77493838,53.79243463,72.61478362,57.75677443,94.05439833,47.22716118,78.61512366,102.477005,90.59229984,82.17405258,52.31709271,81.80366213,73.52129012,52.31361365,74.46954575,55.50304073,78.63393889,112.7177518,83.53319195,67.61142084,57.455768,66.33692946,84.86572842,104.4159347,85.41715382,121.2506081,62.91918574,60.24862294,71.42808567,43.8412831,148.4925008,79.60283212,100.4810403,84.61532451,96.0939804,51.93412112,52.06575397
