0,0.523440028,0.628039928,0.700423044,0.714493762,0.790346274,0.734514611,0.77711358,0.5169598,0.800177902,0.982058564,0.913079199,0.731143989,0.427504641,0.454726618,0.35282158,0.935393939,0.891341529,0.648626479,0.497192287,1.19298165,1.082181765,0.879972407,0.297222381,0.34714447,0.790509292,0.841553489,0.740311207,0.871843528,1.138505913,0.956761487,1.034352262,0.736000396,1.367696329,1.340404145,0.944333225,1.04988196,0.850096658,0.681835526,0.399671052,0.784880581,1.240456423,1.036212188,0.911512241,0.873641225,0.689793778,1.015938466,1.020801486,1.047765834,0.901493308,0.794443019,0.971228619,0.590204425,0.86027867,0.501799813,0.68776838,0.446676345,1.144078034,1.175644572,0.551354023,0.534738243,0.471422957,0.582375062,1.141762117,0.651525732,0.765515622,0.655285743,0.949610562,1.046508013,0.572130453,0.389107697,0.404542788,0.716193552,0.97585414,0.748538082,0.703228581,0.793786985,0.910043853,0.871621795,0.577094089,0.429178372,0.817247756,0.601310094,0.630224417,0.785623802,0.804731534,0.540692531,0.609744041,1.084088841,0.748084551,0.543762307,0.636944606,0.97628694,0.48837545,1.02279929,0.590858223,0.597473609,0.738480851,0.896640081,0.895172127,0.879081744,0.86541089,0.586038752,0.85642508,0.89762687,1.019956902,0.859773262,0.657942004,0.230875214,0.882045418,0.728301505,0.850310098,0.989119124,0.916045703,0.729639857,0.370123314,1.113654275,0.879465158,0.697161182,0.760774619,0.850474678,0.730723999,0.511561223,0.80435913,0.552065932,0.424803996,0.286732563,0.716937251,1.238585692,0.744316623,0.822026216,0.522702832,0.572042864,1.115312577,0.441500933,1.036500303,0.797386931,0.655225128,0.8836446,0.673817679,0.908106364,0.468639792,0.41646442,1.009025914,0.831435129,0.700546178,1.037709942,0.837027336,0.848115363,0.940835318,0.711551913,1.174834128,1.308216369,0.955301196,0.640048809,0.972398635,0.995983084,0.648647483,0.724918296,0.856034894,0.829762693,1.107772309,1.177462781,0.582169209,1.178119325,1.074596025,0.817294958,0.806089645,0.865651877,0.571056484,1.009832442,0.700012838,0.6162741,0.755227212,0.556135486,0.681051793,0.814922712,0.836729932,1.082769555,0.534056141,0.859962613,0.85616614,0.839099298,0.689400941,0.650757563,0.409188537,0.321157606,1.230020872,0.690781584,0.399750511,0.60052749,0.842342101,0.986333146,0.687719118,0.742608361,0.977916812,0.643882351,0.737423861,0.797561296,1.078371079
0.523440028,0,0.514757709,0.841431621,0.816057665,0.734398018,0.763937056,0.707025039,0.787419458,0.748498839,0.810362151,0.689316107,0.464430254,0.725566758,0.617269086,0.832326817,0.746760779,0.869061199,0.529847162,0.620444438,1.310438477,1.024568671,0.980739751,0.563405544,0.549492859,0.932520636,0.530576436,0.798352809,1.065847823,1.202148556,1.215201747,1.218016393,1.029713385,1.216730821,1.421420491,0.95770581,0.759529806,0.89137316,0.620188828,0.644817848,0.506565756,1.097241273,1.141491719,1.078532673,0.808063415,0.43649984,1.032541553,1.142233169,1.202843776,0.8643835,0.597068023,1.010436739,0.379315582,1.025172451,0.480462012,0.674409362,0.380614493,0.9604828,1.422621643,0.592222515,0.530575725,0.600622345,0.701362675,1.07457988,0.715300434,0.886349086,0.824111438,1.227995622,1.33346264,0.753274748,0.450092489,0.550310953,0.699492004,0.767542757,0.613856059,0.700187759,0.962173159,1.141453562,0.781973172,0.662989872,0.597080061,0.944653562,0.700233768,0.687470756,0.686578555,0.708319244,0.359536137,0.796013793,0.827145113,0.657669633,0.538230866,0.653913454,1.281331563,0.527071315,0.998965724,0.699291358,0.691520637,0.427972619,0.9517997,0.907669204,0.969652932,0.882812672,0.706534095,0.495196632,0.708643486,0.798326943,0.67458369,0.696871885,0.454394346,0.912533888,0.700669542,0.592736761,1.050555384,0.690231115,0.43745118,0.582383068,1.16692262,0.978670347,0.567129988,0.783054155,1.00289156,0.659400291,0.571246188,0.651435698,0.663433623,0.516191311,0.56447785,0.795099125,0.963334826,1.016532294,0.813660082,0.478741256,0.485378754,0.927374632,0.833400964,0.940726271,0.753866549,0.851009195,0.709411582,0.434529302,0.946694456,0.754599746,0.476367111,0.948747175,0.705007982,0.740255863,0.93134449,0.964550547,0.908103783,0.787983209,0.824093553,0.959724346,1.142623182,0.956226427,0.557792137,1.158704655,1.046216999,0.572861764,0.742062654,0.731592614,0.748794114,1.313698306,1.107907007,0.673785658,1.125430688,1.031337409,0.785700029,0.85903776,0.980571178,0.809980789,0.872257294,0.585976024,0.78036155,0.922299781,0.717001913,0.552642093,0.654339374,0.766402282,1.162148776,0.731923136,0.631717773,0.900973667,1.042274819,0.244694259,0.690404198,0.584427132,0.588564729,1.461173093,0.540608979,0.539863944,0.738278921,0.994089128,1.047370385,0.472303635,0.546326657,0.72680029,0.717418058,0.833404935,0.774127934,0.738592507
0.628039928,0.514757709,0,0.52162707,0.471313208,0.42416035,0.810373179,0.492190221,0.750641112,0.790026331,0.476528887,0.495032483,0.507816059,0.645131562,0.566361101,0.876697694,0.413810947,0.591497072,0.388635649,0.70820026,0.844237805,0.784941498,0.588831648,0.82390909,0.582687387,0.654507761,0.712076627,0.581451977,0.842466079,1.110031201,0.882499836,0.835754182,0.724534775,0.889522797,1.247631725,0.807531272,0.777635404,0.691955221,0.428353852,0.436900568,0.579098066,0.76913471,0.872906423,0.711180849,0.5228678,0.376135087,0.695638978,0.745054057,1.002513714,0.659304066,0.752319758,0.62520499,0.297612931,0.650279968,0.279992346,0.254962682,0.301450643,0.633194407,1.030124771,0.418090084,0.346434883,0.383500968,0.623195521,0.768004161,0.37915928,0.612034764,0.470971189,0.92562843,1.111902255,0.416371273,0.388519564,0.591186222,0.453506945,0.821664266,0.596053961,0.423522654,0.603600546,0.849743153,0.866661894,0.621701904,0.661275961,0.581083648,0.634644637,0.926365253,0.53176405,0.746808005,0.328439773,0.947878297,0.716389503,0.919964978,0.618169879,0.618581322,1.123958136,0.401474235,0.965668074,0.315388501,0.469492035,0.419205997,0.551952533,0.55668273,0.742157517,0.660080698,0.466551108,0.774780645,0.544390629,0.630137315,0.553049632,0.487463372,0.554150009,0.758731136,0.496000537,0.276606989,0.768043832,0.794331504,0.307054986,0.39917575,0.76003966,0.637879139,0.547330781,0.400525134,0.615964849,0.688583177,0.637777213,0.473603675,0.68156605,0.637334865,0.555787024,0.431722617,0.927575906,0.781270705,0.359313597,0.579827561,0.338023778,0.587421149,0.692597256,0.737447322,0.590172914,0.628438596,0.456954876,0.48755625,0.763057805,0.687836488,0.589312052,0.827961847,0.418355623,0.868049352,0.854831284,0.616105632,0.628996293,0.360498112,0.658184884,0.694471197,0.808698122,0.795533237,0.211558742,0.895740633,0.895564221,0.348805155,0.389044873,0.62011105,0.628493449,1.288178847,0.899970282,0.59303876,1.006601502,0.873225285,0.439441698,0.787607453,0.667618195,0.482835668,0.414801871,0.589402412,0.458687649,0.56468193,0.545853931,0.49561914,0.398276956,0.356377737,1.073120083,0.744867264,0.672945239,0.783296799,0.7743268,0.432793394,0.345641144,0.36684608,0.596532999,1.280839447,0.242750556,0.55296838,0.448117925,0.63692201,0.822416448,0.64595018,0.389137362,0.618771106,0.325637133,0.451701673,0.582874434,0.660433932
0.700423044,0.841431621,0.52162707,0,0.431424078,0.586431504,0.873670815,0.61691391,0.768278945,0.698402415,0.631519398,0.600221177,0.872772543,0.556366718,0.807881237,0.791379656,0.809846372,0.780378247,0.707722215,0.948361276,0.583955324,0.991934907,0.637811517,0.926929581,0.618061101,0.584413945,1.186158309,0.824347954,0.442461255,1.007070579,0.804761853,0.386810379,0.484819676,1.130848351,1.304950749,0.576343182,0.885924147,0.736783322,0.787338317,0.619287705,0.885743426,0.994653472,0.87935824,0.775573325,0.821974167,0.683621921,0.690078104,0.746482596,0.771944268,0.819445408,0.941257983,0.310833165,0.730358992,0.517207822,0.603877705,0.510252584,0.608808946,1.016111369,0.622033709,0.554553209,0.715589092,0.300317236,0.747320013,0.814860141,0.598880161,0.310922686,0.172615284,0.51561631,0.927943415,0.443565411,0.677167372,0.676415554,0.64927048,1.197455913,0.702095561,0.65377202,0.268444029,0.577096651,0.919208814,0.695545458,0.818899069,0.400054611,0.96414052,0.894866893,0.768299925,0.720375544,0.557363462,1.066865013,1.176610363,1.23483305,0.871317777,0.719300492,1.093963932,0.539507613,1.123677482,0.447684922,0.53555775,0.870728672,0.723987253,0.546781943,0.900880884,0.808778372,0.653177656,0.993291695,0.916120295,0.850037728,0.736300728,0.429684206,0.586632627,0.795714367,0.635275597,0.711124185,0.744124914,1.004267823,0.692551469,0.396066457,0.719229208,0.666958613,0.809645574,0.489944186,0.545683962,0.766361466,0.562557615,0.806422809,0.960319938,0.950905094,0.722806654,0.420738956,1.301384144,0.533487141,0.40059291,0.78947513,0.410865289,0.836181737,0.488467181,0.670760876,0.917683235,0.386133199,0.924810513,0.670656441,1.012166186,0.578177229,0.805563557,0.783581286,0.510154716,0.860735741,1.085020092,0.523813909,0.587683067,0.721209158,0.517322265,0.70303755,0.753468699,0.955393018,0.610379843,0.58679208,0.671301639,0.555584498,0.198292089,0.909684582,0.750723575,1.214818182,0.743931149,0.48264756,1.078984167,0.937224421,0.667823765,0.608350935,0.550516512,0.534072344,0.61168699,0.611113554,0.186091547,0.607323126,0.774067928,0.69916735,0.648720638,0.479249005,1.26403075,0.993617769,1.092276186,0.612315464,0.671615625,0.863687449,0.678845176,0.520771815,0.734590286,1.114408726,0.474270887,0.649975533,0.721197538,0.798827634,0.833318762,0.882014325,0.636858261,0.801641669,0.446934377,0.184892684,0.742159018,1.119920626
0.714493762,0.816057665,0.471313208,0.431424078,0,0.768494064,1.122445549,0.644428357,0.893478831,0.953206711,0.755937551,0.650447018,0.933340187,0.567616072,0.846526195,0.828716905,0.743487956,0.952833805,0.589090286,0.998802603,0.612196738,1.140364245,0.76495644,0.886060094,0.666598189,0.715289726,1.105490278,0.890608185,0.865915133,1.077570243,0.754637757,0.663231005,0.734841819,1.189160808,1.55795218,0.943396333,1.0553602,0.89665342,0.785433182,0.566429313,0.932887582,1.131507694,1.101561701,0.775240001,0.916666043,0.726677128,0.93457223,0.923721311,1.136593919,1.031102201,1.143780786,0.466844592,0.738891949,0.56019572,0.521777165,0.429699057,0.628486883,1.013864352,0.883839385,0.741037098,0.694455691,0.512871804,0.820726714,1.069809726,0.641873972,0.448836275,0.42520949,0.788654035,1.205799736,0.533334963,0.646959242,0.837588622,0.820347786,1.228920801,0.947716713,0.542465882,0.617553021,0.792133715,1.201759175,0.926290137,0.931917112,0.640420661,0.885901047,1.125689734,0.746878992,1.005769406,0.66521787,1.218516772,1.11801584,1.25411076,0.973384338,0.915087171,1.19910676,0.498623039,1.320675388,0.325075951,0.582210995,0.877047799,0.784611818,0.787625525,0.98177812,0.89560785,0.641477607,1.142197844,0.978485239,0.912234793,0.954416634,0.410062609,0.659981663,1.073716663,0.798875601,0.709892714,0.684542323,1.019221519,0.654314742,0.536101185,0.916490749,0.755356408,0.966432144,0.501678803,0.724196391,0.929484257,0.795440851,0.916918272,0.988166192,0.796868003,0.744336594,0.654851827,1.376767856,0.8467695,0.516963845,0.935747436,0.52239,0.894873374,0.674795288,1.003673413,0.987346664,0.716437556,0.864104393,0.770465061,1.113932262,0.807032971,0.779078488,1.126168352,0.671860333,1.141017415,1.266418841,0.426835936,0.888541626,0.693035436,0.867188515,0.875985471,0.911730666,1.114750208,0.590790405,0.856894413,1.069382778,0.637954159,0.428385509,1.038087055,1.003692864,1.404725509,1.032213296,0.513770428,1.368915917,1.13509095,0.733754368,0.943567575,0.846222868,0.594639463,0.60026327,0.792389,0.486817606,0.603092663,0.816334074,0.889795257,0.751585309,0.30982009,1.320545149,0.954803064,0.921731631,0.992405449,0.894587845,0.814353145,0.438827254,0.571081847,0.78333237,1.391285252,0.563222431,0.611253632,0.560820992,0.826596288,1.076345457,0.991874956,0.797292022,0.95219523,0.569798283,0.4961208,0.889702931,0.995239025
0.790346274,0.734398018,0.42416035,0.586431504,0.768494064,0,0.691539875,0.740913842,0.830994475,0.841465969,0.341404533,0.710537536,0.452441383,0.878265189,0.58189419,0.968400727,0.631607632,0.3593467,0.749692253,0.763698568,0.909485511,0.64742382,0.360096519,1.045218308,0.66600767,0.505144667,0.860442541,0.590413428,0.690320353,1.314191073,0.868180914,0.791396539,0.589895283,0.866632889,0.920611567,0.724705622,0.839689509,0.429383408,0.576818126,0.611917787,0.751560354,0.511889335,0.726900028,0.807651356,0.360545986,0.597566218,0.308325792,0.554729984,0.829989921,0.410050795,0.632641523,0.708805263,0.449378849,0.615593089,0.615042564,0.42733737,0.534740001,0.573143787,0.933148816,0.267382603,0.443477497,0.482366178,0.767904821,0.518251485,0.491423423,0.674389422,0.497081783,0.813732587,0.959837005,0.400138671,0.526289511,0.632312525,0.310648288,0.879853054,0.386151245,0.541541695,0.489137109,0.896266572,0.629446321,0.490708023,0.688896785,0.405494625,0.71708596,0.917036951,0.526350849,0.692804403,0.420749584,0.872011354,0.832702328,0.908594664,0.539862213,0.614574615,0.945531376,0.714199576,0.841319244,0.524430646,0.688954079,0.529769161,0.535789661,0.450278893,0.514293648,0.748851637,0.470789723,0.756072983,0.374499612,0.782742508,0.340544022,0.779843563,0.685099717,0.528454236,0.527460287,0.416222726,0.78280135,1.030725855,0.613071689,0.471978815,0.648945173,0.45509947,0.419468581,0.624387453,0.575290467,0.793033662,0.700542048,0.300158194,0.69515233,0.895966371,0.695972436,0.312431824,0.865973116,0.680384866,0.324034915,0.556259178,0.553066497,0.425441493,0.750651105,0.475208054,0.491791738,0.463018956,0.541970303,0.515994241,0.571939495,0.583641634,0.687084146,0.554910916,0.30877502,0.72577553,0.666671738,0.709360791,0.305666643,0.495511795,0.463869157,0.659707369,0.807030776,0.728452684,0.333352578,0.922111813,0.698960692,0.541213701,0.504987218,0.361732587,0.357500597,1.310456566,0.870223295,0.73251738,0.662043877,0.851438981,0.248744231,0.577225143,0.509617365,0.504339452,0.486503535,0.53831063,0.502445192,0.722690271,0.557103075,0.397922343,0.236472617,0.619390286,0.867250481,0.881766622,1.001350697,0.531047547,0.724581069,0.641215356,0.656842729,0.435092294,0.622338621,1.165856197,0.337087774,0.697317028,0.693615839,0.564900364,0.43120321,0.569117206,0.356745103,0.666328197,0.358750756,0.424813685,0.599038034,0.774240278
0.734514611,0.763937056,0.810373179,0.873670815,1.122445549,0.691539875,0,0.774552687,0.512110261,0.58222162,0.950765126,0.932701211,0.720875224,0.816095313,0.628967895,0.961452625,0.910384844,0.586845626,0.838093614,0.532045327,1.342562226,0.664001244,0.91542095,0.875776115,0.842919164,1.01216272,0.920380401,0.597747437,0.76815103,1.096538635,1.33284492,1.140812441,0.837231884,1.065280342,0.846816738,0.644279083,0.772953174,0.936523276,0.646933957,0.775561307,0.621212815,0.945615384,0.637094664,0.937567393,0.683921356,0.649907302,0.857949007,0.845935541,0.627887831,0.478462424,0.368187399,1.116756874,0.648521792,1.144768039,0.746718089,0.957174367,0.597568108,1.01324689,1.206932266,0.516316754,0.731812323,0.627247883,0.541166395,0.723497668,0.66541786,1.074685776,0.865505677,1.122997178,0.76889205,0.806445087,0.765086709,0.351155835,0.483196322,0.696035538,0.500700028,1.062160142,0.829045218,0.870743112,0.459517177,0.253549216,0.400258751,0.912565536,0.89979238,0.495240308,1.050838394,0.430547633,0.644228437,0.494691539,0.958017516,0.873422105,0.539104863,0.265324265,1.185389627,0.753242335,0.412819486,0.953789172,0.68583386,0.689331427,0.805209874,0.647000922,0.96032961,0.650141237,0.902202486,0.654720487,0.796393347,0.81076943,0.522790036,0.895304329,0.723675418,0.34025095,0.473956302,0.839795414,1.351530075,0.823642563,0.797303782,0.655925373,0.871493118,1.039729362,0.398086334,0.823804041,0.759580068,0.473759709,0.506835592,0.612817848,0.641409642,0.938908237,0.609995373,0.629086128,0.839697147,0.624198512,0.908066916,0.326037469,0.706745613,1.075498866,0.694991185,0.691136571,0.629063712,0.716751469,0.892648659,0.803835103,0.711715148,0.660222747,0.880618188,0.50287994,0.862191388,0.311302775,0.496113289,1.222402323,0.577049081,0.914061861,0.438079759,1.059566086,1.175367874,0.510017251,0.81301651,0.860610436,0.589163818,0.606864395,0.832135217,0.669880954,0.401835336,0.799733229,0.857360007,1.020090061,0.593422335,0.606574321,0.885862086,0.746091884,0.599400394,0.770173905,1.07379248,0.81691246,0.726446172,0.855688325,0.635148862,0.369660066,0.831360277,1.104299705,1.181157635,0.75297696,1.022371331,0.557677129,0.630597966,0.841171386,1.022842422,0.706240497,0.720851394,0.833506394,0.791385531,0.94186112,0.925157147,0.896153881,0.834512787,0.730788693,0.539316969,0.674441956,0.666752085,0.81721371,0.484750305,1.228442925
0.77711358,0.707025039,0.492190221,0.61691391,0.644428357,0.740913842,0.774552687,0,0.632281337,0.577361644,0.801656761,0.423069898,0.860383666,0.545884551,0.813874145,1.059010506,0.457691552,0.730192873,0.302456804,0.801309813,0.898948233,0.763000885,0.917522613,0.879876959,0.891507081,1.038216384,0.933205948,0.625592402,0.862476212,0.643983964,1.227870232,0.912801422,0.899313177,0.808185667,1.338880284,0.656704612,0.605447146,1.095051943,0.491689703,0.660064488,0.43989274,0.95706524,0.774313448,0.64061426,0.74316479,0.334856206,0.969397351,0.841913668,0.859227335,0.751869325,0.838923948,0.713222109,0.586028889,0.994627866,0.383407927,0.708395198,0.436484229,0.872253713,1.059108975,0.683392198,0.713077632,0.492588146,0.440187718,0.775682597,0.455194888,0.857835338,0.679839395,1.09951196,1.02774829,0.745444362,0.759396544,0.60294427,0.590037085,0.796482426,0.793459976,0.896430101,0.741109718,0.626863072,1.002295535,0.708245617,0.721501725,0.868937403,0.959816542,0.907049308,1.009555427,0.651204564,0.608245019,1.059477124,0.791679519,1.211301756,0.884985797,0.517086892,1.456258969,0.314017946,0.873523935,0.684806566,0.252968266,0.644891249,0.625484017,0.515783677,1.140183657,0.413196457,0.892670921,0.887893983,0.900961933,0.343290181,0.699325663,0.331235671,0.757408135,0.75871772,0.367293274,0.574129309,1.183755527,0.468469377,0.381963523,0.629119876,0.692801851,1.040800801,0.713533314,0.259279766,0.59415876,0.411262654,0.591860549,0.741077125,0.887830584,0.846550518,0.66215889,0.564059232,0.960276151,0.74717651,0.67802162,0.689694212,0.402533559,0.954727518,0.707419552,0.810539837,0.797908492,0.835288585,0.749359884,0.809707476,0.982327878,0.914429787,0.956986225,0.848989235,0.75713354,0.919794009,0.88852789,0.966479535,0.773609998,0.533860292,0.709866611,0.784831364,0.781091857,0.670667168,0.677441842,0.633205874,0.822954543,0.22978555,0.486429816,0.935241478,0.752710596,0.979467815,0.639093342,0.865836187,1.090777721,0.576031987,0.86412363,0.991055266,0.636893604,0.705332184,0.705220066,0.881358089,0.532784136,0.484040793,0.739952587,0.598631239,0.804006941,0.647967247,1.481730775,0.826041643,0.638892436,0.871818142,0.64040359,0.721694519,0.674257988,0.69221564,0.894566481,1.067695965,0.604809263,0.901041361,0.648769514,0.875160614,1.130773381,0.973666939,0.514459947,0.45946543,0.494735271,0.619975498,0.428043847,1.062277278
0.5169598,0.787419458,0.750641112,0.768278945,0.893478831,0.830994475,0.512110261,0.632281337,0,0.693020343,1.086170519,0.948251961,0.906503163,0.44839668,0.544819029,0.734761491,0.8632274,0.731322653,0.650205083,0.434522328,1.179310961,0.798889861,0.918609707,0.636373083,0.778418755,1.012788442,0.963772176,0.505309899,0.805653478,0.857023887,1.16326833,1.040508808,0.729998079,1.127190284,1.094713499,0.790271065,0.978286018,1.058113104,0.557071681,0.517525644,0.687082478,1.141685035,0.660007953,0.651835944,0.78266582,0.675509191,1.016651669,0.821114089,0.727700767,0.715998251,0.775272126,1.039004727,0.685774103,1.050010172,0.554086757,0.884863937,0.50902065,1.098869579,1.080709691,0.612439173,0.679455809,0.53396874,0.236995351,0.935439887,0.51254397,0.995989407,0.75894995,1.035576738,0.679144944,0.705191273,0.688129245,0.305511364,0.591878533,0.800648181,0.81159268,1.000115768,0.784716009,0.619986618,0.890063365,0.465061215,0.325255278,0.913357693,0.77872116,0.672908459,1.100236426,0.710038645,0.730648951,0.589450033,0.99367772,0.988121299,0.673684102,0.37824443,1.141428787,0.519292335,0.677479805,0.794680886,0.423235748,0.793032826,0.707009664,0.692551659,1.016486146,0.514405708,0.835457543,0.968604529,0.97208043,0.847815742,0.824592204,0.686223532,0.635407909,0.62987436,0.491562749,0.908084509,1.300024313,0.782050386,0.786680966,0.54580838,0.855459792,1.045742744,0.658800527,0.64110531,0.62038646,0.507290362,0.541530436,0.797083503,0.582593124,0.712758458,0.344831816,0.625818841,1.081000247,0.512348644,0.902284899,0.507850095,0.673287892,1.21468088,0.405693691,0.974208722,0.710535661,0.743686737,0.903230783,0.943777087,0.802765075,0.662197805,0.844265556,0.874987655,0.979610359,0.674990827,0.811916371,1.093017789,0.743992847,0.899552547,0.601386779,1.212927787,1.268734833,0.587002446,0.801698657,0.690715827,0.824170257,0.542070226,0.775308165,0.902880598,0.737039261,0.620763468,0.972225312,0.945726615,1.000788634,0.693825662,0.943279484,0.948988411,0.624694682,0.57714663,1.084989058,0.96698295,0.606741344,0.551446412,0.500491075,0.620100658,0.969060224,1.008115704,1.274571324,0.475778504,0.865782559,0.824821059,0.465582223,0.909151076,0.81330081,0.599165991,0.638481606,0.771462084,0.847978926,0.849922917,0.648622227,0.774761181,1.034398685,0.947495399,0.71813728,0.848471721,0.581073781,0.771923374,0.498845585,1.305204716
0.800177902,0.748498839,0.790026331,0.698402415,0.953206711,0.841465969,0.58222162,0.577361644,0.693020343,0,0.922910256,0.605118988,0.914740836,0.680687677,0.947945938,1.025974151,0.920661099,0.891341555,0.742892894,0.891783807,1.183543481,0.970989298,1.100262545,0.874040865,0.871909372,1.102788352,1.133735188,0.900720723,0.69489739,0.763825369,1.428274545,0.995726553,0.963115525,1.168266458,1.331869346,0.373587435,0.458959211,1.104989406,0.831781886,0.91333909,0.598458265,1.15212287,0.913586891,1.052081108,0.971617163,0.554257324,1.029461577,1.06792041,0.710822456,0.826250979,0.646279415,0.870657443,0.783602335,1.158391053,0.736931915,0.966312028,0.642966917,1.200661122,1.151149892,0.72095167,0.934784868,0.559900069,0.651661261,0.863477605,0.799800969,0.908716469,0.800862649,1.093962338,1.024485075,0.914815502,0.906232838,0.556842151,0.73353337,0.985720085,0.637922179,1.103404689,0.807299649,0.774988007,0.71423627,0.62886148,0.739145107,0.951030928,1.184041424,0.504233426,1.120084909,0.246211097,0.62349433,0.950644921,1.146326078,1.20742143,0.891249342,0.492681055,1.494817709,0.612327181,0.868621794,0.951010136,0.612006618,0.839531066,0.985072841,0.694384038,1.26147363,0.755856732,1.0610741,0.672488882,1.051691592,0.664045109,0.665249994,0.60571973,0.706346395,0.708944897,0.56374743,0.851569718,1.321885552,0.612334248,0.681661797,0.70172446,0.946794707,1.179995961,0.72736376,0.725704251,0.854783273,0.330735703,0.307654556,0.877935102,1.020573597,1.063577268,0.801434254,0.722394771,1.120238224,0.733406664,0.887451691,0.645806336,0.490038825,1.140404377,0.723010347,0.669588031,0.998994441,0.771847691,1.088079248,0.752696062,1.147673635,0.814201674,1.002035235,0.628624967,0.815623824,0.584569688,0.929496416,1.158947641,0.781741427,0.941299517,0.567816733,0.825930623,0.908640348,0.831296489,0.911671351,0.681623417,0.537613932,0.549825921,0.637934494,1.000749183,0.688807367,0.92099177,0.542683121,0.858370989,0.981302271,0.675419837,1.044123165,0.743344911,0.719999769,0.935241781,1.001804126,0.742614683,0.648930247,0.893986626,0.949780872,0.582270182,0.903343561,0.945650809,1.552699955,1.039356345,1.030454423,0.610758094,0.781346104,0.85565334,1.060933661,0.841637202,0.939010953,1.029950291,0.729744649,0.947810337,1.037337812,1.165673726,1.113484333,0.883954653,0.588898102,0.535988137,0.754750183,0.740160187,0.644281615,1.299355802
0.982058564,0.810362151,0.476528887,0.631519398,0.755937551,0.341404533,0.950765126,0.801656761,1.086170519,0.922910256,0,0.59548304,0.579379531,1.02252818,0.864345774,1.157278095,0.663261784,0.637339841,0.820760892,1.039489948,0.858060663,0.865726371,0.561359245,1.207360021,0.797245217,0.608219817,0.985351253,0.859317457,0.823842073,1.388266129,0.968755724,0.805161778,0.812229228,0.918825779,1.205686963,0.799596138,0.806508268,0.558469611,0.777011921,0.827588352,0.848259914,0.584604824,0.979717953,0.996908364,0.611954445,0.661299806,0.46724605,0.783062181,1.031481588,0.68647395,0.813704226,0.606888589,0.604781857,0.656751705,0.740687044,0.45497719,0.697090031,0.630913901,1.017213229,0.554407894,0.659056474,0.633399861,0.985520795,0.64503508,0.705155644,0.641085128,0.588636938,0.908536656,1.235250468,0.602354126,0.707332107,0.876762085,0.593655841,1.064621008,0.543444498,0.563602943,0.614612584,1.047988848,0.80991173,0.780497376,0.966195553,0.510288538,0.945435166,1.0905418,0.519904638,0.804890699,0.507541109,1.169982667,0.932892853,1.111604926,0.805998331,0.846235592,1.184682138,0.816191466,1.103162284,0.603944275,0.835778455,0.648608648,0.739386437,0.607721395,0.742536974,0.9358071,0.648083049,0.812631313,0.532327836,0.798717895,0.483238102,0.805754903,0.82876804,0.801068911,0.718936266,0.391518478,0.710529931,1.0902761,0.61597842,0.666654359,0.783146727,0.569786128,0.669778226,0.7056284,0.775879702,0.932857416,0.83754064,0.531916389,0.979730453,1.061002846,0.940007816,0.53849201,0.993086957,0.920186534,0.320198766,0.803887444,0.590244806,0.25560391,0.966113989,0.510892129,0.768744695,0.647858043,0.665019055,0.50530409,0.876954009,0.815179421,0.82913058,0.703050052,0.185779703,0.946938703,0.911356786,0.683987449,0.572937805,0.510395367,0.695948104,0.41099984,0.598672816,0.973972076,0.45722203,1.045146626,0.831068717,0.663043028,0.50418503,0.603324786,0.602790606,1.550505117,0.868439521,0.729602366,0.885868323,1.011126286,0.399466702,0.67197441,0.729483384,0.749037085,0.300021267,0.536586715,0.637519537,0.892456803,0.849286953,0.613782686,0.242151583,0.498245106,1.074125531,1.140905051,1.077106731,0.686926074,0.966225504,0.665477925,0.742195586,0.657217404,0.860178065,1.415621526,0.312620363,0.791147836,0.863680838,0.818635813,0.655845916,0.680609265,0.47834756,0.683664804,0.568597122,0.499045923,0.805125566,0.690871319
0.913079199,0.689316107,0.495032483,0.600221177,0.650447018,0.710537536,0.932701211,0.423069898,0.948251961,0.605118988,0.59548304,0,0.807983432,0.775938644,0.984706973,1.164263823,0.576627949,0.857839776,0.527789094,1.035341177,0.892429616,0.962585444,0.953530937,1.026598475,0.879131501,0.98268702,1.01063926,0.900644024,0.881673455,0.914797267,1.260178185,0.889820738,1.004370117,0.940398567,1.490620708,0.650420329,0.461026976,1.014590492,0.738634711,0.855582016,0.580738542,0.949871274,1.030934441,0.962567237,0.856793561,0.401661225,0.929060227,1.007905474,1.017347706,0.873007784,0.853090945,0.575135013,0.648221604,0.954790456,0.582859881,0.667267974,0.587773716,0.904077748,1.12527935,0.73795159,0.812922373,0.571454353,0.793875693,0.821363923,0.704074975,0.733747938,0.686562314,1.097014396,1.284089921,0.811396727,0.820327832,0.796673544,0.724837058,1.001655011,0.721198375,0.830347308,0.765551841,0.885861834,0.963924623,0.846687979,0.942819596,0.83141268,1.106887818,0.961508924,0.880007608,0.645663408,0.533185171,1.235312983,0.932467867,1.26675361,0.969230342,0.73719568,1.535973229,0.532200484,1.103804997,0.714373887,0.59527909,0.684767899,0.846716676,0.644622244,1.17096616,0.774708505,0.922110435,0.775664599,0.88498353,0.46213164,0.651493416,0.438066098,0.787183314,0.904040546,0.60788508,0.497819916,1.040526991,0.645528115,0.363080437,0.710212476,0.856978201,1.006640316,0.79027312,0.511018832,0.818453897,0.624526962,0.645687032,0.779931373,1.082944827,1.006235433,0.892770189,0.668540748,1.054774073,0.93969158,0.60652838,0.814561982,0.354465121,0.7934241,0.903022278,0.691905975,0.957595475,0.839547913,0.834337452,0.626886443,1.145041828,0.964647984,0.957425876,0.826933064,0.564887809,0.970732297,1.033854926,0.889411704,0.825795904,0.57903027,0.780043187,0.45428396,0.523103064,0.948903076,0.677081094,0.842529261,0.83533688,0.453688584,0.419540838,0.946267309,0.785137578,1.325606605,0.615451438,0.742379889,1.138472414,0.831937272,0.83158323,0.876775971,0.798313018,0.880119569,0.552134755,0.693958253,0.618344752,0.799374421,0.959358121,0.660346627,0.672056262,0.505495847,1.50754699,1.109063204,0.831435627,0.830680111,0.929144149,0.645532429,0.780061597,0.785329039,0.989749786,1.35639179,0.460839236,0.871691999,0.869447367,1.057530112,1.111758494,0.882014036,0.501867723,0.437539516,0.643976546,0.605412821,0.704599211,0.926479576
0.731143989,0.464430254,0.507816059,0.872772543,0.933340187,0.452441383,0.720875224,0.860383666,0.906503163,0.914740836,0.579379531,0.807983432,0,0.967730955,0.534414694,0.972716649,0.711586058,0.610947776,0.743026606,0.652904713,1.275718543,0.824235794,0.719085562,0.904315979,0.626434752,0.741746973,0.51530318,0.702131933,1.017273504,1.448415839,1.092732133,1.172668132,0.920453762,1.05659644,1.112736964,0.969759035,0.850892122,0.592730326,0.597878428,0.681986606,0.655462088,0.7538631,1.007344401,1.055785668,0.527489186,0.570118227,0.716788682,0.932251932,1.136032029,0.615269091,0.487411219,1.017500551,0.313502086,0.900116265,0.632442191,0.58254667,0.508107488,0.673086812,1.345454852,0.424665372,0.403310039,0.662856634,0.830845174,0.84697373,0.674682987,0.899722312,0.796568704,1.151487705,1.251829061,0.644380913,0.43647211,0.641597534,0.520673904,0.72917031,0.415998528,0.59093653,0.871386385,1.199591268,0.602583193,0.572316551,0.642960401,0.776625511,0.603102077,0.846563393,0.479920906,0.757516056,0.374151529,0.765783197,0.725497618,0.554920674,0.359031111,0.682970672,1.071393358,0.762331432,0.886338337,0.686962571,0.829945682,0.317316081,0.810510199,0.794776234,0.6383014,0.902563656,0.550260873,0.509817522,0.292354184,0.861640281,0.444287748,0.911524208,0.63804605,0.74055037,0.688738729,0.456036423,0.933443808,0.96148117,0.571337282,0.607516678,1.026650898,0.724727388,0.357103535,0.842036048,0.92120388,0.825010354,0.74425106,0.325666692,0.581416663,0.718434327,0.67656921,0.67143632,0.763202872,0.981181623,0.668393717,0.454490658,0.635701536,0.607536627,0.926319681,0.756151552,0.504916305,0.749541281,0.503807092,0.395313398,0.65158902,0.701063319,0.504668718,0.77095915,0.528259916,0.711211093,0.698930455,0.918758642,0.684630735,0.667580421,0.728195124,0.867408609,1.077550526,0.862515157,0.396337998,1.224906269,0.971557639,0.651630386,0.768353627,0.31370719,0.510750175,1.428823705,1.123633183,0.788701105,0.823179693,1.01946745,0.485310612,0.741750729,0.866583177,0.733177885,0.731926856,0.533185314,0.791580493,0.953964829,0.618872707,0.428751842,0.365226449,0.78611603,0.823054461,0.808424173,0.8478651,0.769507891,1.008379976,0.344121756,0.714860279,0.534672731,0.566900341,1.4273427,0.461189844,0.633885438,0.768607549,0.798281955,0.697783655,0.268963694,0.4361959,0.73459385,0.636907687,0.772491615,0.746202438,0.548824204
0.427504641,0.725566758,0.645131562,0.556366718,0.567616072,0.878265189,0.816095313,0.545884551,0.44839668,0.680687677,1.02252818,0.775938644,0.967730955,0,0.704498707,0.605499677,0.862329558,0.932297382,0.534345656,0.708629026,0.971592539,1.061150974,0.947935153,0.523849743,0.639211052,0.930227206,1.059750558,0.752769008,0.780703255,0.766605077,1.033314263,0.865045313,0.732604946,1.260034173,1.432529394,0.800028611,0.971621657,1.054817137,0.69416491,0.490972896,0.766264122,1.272528306,0.940531244,0.729569519,0.94909607,0.65640935,1.080131177,0.964965198,0.913104856,0.952831032,0.961620391,0.797106169,0.72850422,0.893490629,0.462633046,0.747378216,0.502301509,1.190144645,0.991604286,0.693836343,0.721524935,0.421137159,0.46451322,1.086846807,0.593605061,0.736504251,0.592322681,0.904700061,0.945293478,0.650069507,0.652406827,0.502491166,0.758127713,1.052518055,0.893777987,0.856185251,0.711586055,0.596989335,1.05193555,0.698836328,0.607377836,0.840125688,0.863041935,0.764487242,1.002746428,0.788092469,0.671405075,0.889979018,1.129329583,1.128263495,0.840978704,0.62553845,1.215246564,0.314334436,1.053818322,0.616047548,0.362431325,0.869777964,0.824444502,0.777364121,1.099889819,0.70508205,0.790501476,1.028041241,1.076619144,0.869635351,0.935700994,0.378918863,0.494853938,0.900678201,0.639903435,0.88186998,1.0943802,0.783430969,0.701675956,0.463272522,0.953906678,1.005226183,0.850748988,0.542816108,0.697508608,0.614862199,0.501795198,0.936272468,0.806980637,0.667953531,0.455175597,0.671287816,1.313597339,0.630464938,0.802789827,0.707916195,0.506038963,1.191857076,0.34561305,1.027395823,0.933187237,0.711497561,0.978201981,0.852633636,1.061038958,0.67599973,0.775549928,1.026967533,0.892927631,0.862330502,1.120365379,0.855023076,0.872560092,0.888186094,0.716934768,1.104103559,1.151244592,0.907021271,0.761902743,0.659251982,0.919994496,0.539785014,0.591756191,1.059250625,0.919083788,0.929614342,0.964820755,0.67104828,1.268228683,0.918527597,0.946049822,0.925958519,0.758774265,0.596892388,0.967367684,0.864279066,0.485376024,0.54324396,0.690615422,0.76889019,0.943641715,0.767558893,1.393993847,0.683742636,0.849647458,0.898199346,0.672863382,0.861380613,0.674251604,0.570560167,0.667513109,1.066005232,0.743664522,0.670573836,0.602686137,0.891100994,1.146996723,0.978192319,0.777702602,0.896652513,0.598822948,0.651926777,0.709807128,1.252076209
0.454726618,0.617269086,0.566361101,0.807881237,0.846526195,0.58189419,0.628967895,0.813874145,0.544819029,0.947945938,0.864345774,0.984706973,0.534414694,0.704498707,0,0.666669654,0.772276774,0.573982528,0.683071484,0.284406053,1.200311564,0.770135006,0.638878767,0.676555166,0.549366684,0.718798792,0.639885053,0.433974811,0.927498932,1.299843636,0.895068544,1.086174849,0.67283585,1.109335371,0.991228004,0.998332208,1.082363488,0.69732447,0.453975346,0.319017941,0.742698148,0.925686527,0.804551464,0.752389431,0.522138735,0.67817803,0.793943718,0.755172164,0.992468198,0.607134675,0.680561105,1.048961398,0.420755292,0.827372457,0.506622777,0.613732504,0.428515363,0.821527698,1.172941377,0.383085502,0.265379729,0.559698571,0.558522262,0.920514604,0.46732121,0.904792014,0.700493037,1.006174326,0.926301641,0.469208689,0.306367614,0.423366622,0.465880926,0.72817281,0.654599536,0.642506005,0.774053378,0.954488146,0.781689998,0.430660663,0.312965975,0.74460381,0.285345939,0.812945066,0.700084195,0.853971834,0.557918491,0.480077621,0.809631319,0.573587283,0.277119629,0.56080994,0.805923197,0.634473825,0.776894215,0.582758609,0.63972797,0.542120296,0.634258309,0.753156179,0.565953439,0.724816803,0.429092353,0.85336453,0.578965456,0.959337601,0.692611133,0.840151337,0.534002215,0.669937156,0.610682111,0.699425522,0.999082706,0.991624712,0.720353203,0.434611527,0.929637406,0.707955653,0.455906205,0.736558691,0.707570986,0.783986765,0.706033042,0.501386221,0.166554356,0.469786979,0.27811134,0.578483805,0.938225733,0.720038425,0.730169381,0.391098648,0.692133245,0.908523521,0.603618328,0.946118141,0.39406245,0.660433332,0.577366156,0.715048007,0.471037271,0.51977961,0.469424614,0.894471027,0.772810186,0.705428053,0.722886626,0.882620002,0.657369358,0.75342371,0.657320376,1.154176251,1.284870772,0.709660416,0.469838085,1.041516722,0.984249153,0.616713739,0.786888545,0.523726573,0.623683245,1.124228371,1.196028288,0.818233417,0.908192998,0.953727247,0.580859087,0.849407622,0.730690876,0.411092663,0.903733263,0.778063564,0.663523037,0.677089507,0.187425229,0.529451317,0.663726484,0.870602935,0.773650172,0.361514264,0.816780179,0.82967943,0.730667454,0.651293352,0.574994252,0.317079383,0.273202841,1.140065515,0.660969004,0.585590429,0.471452359,0.513367847,0.739850167,0.618347613,0.622888321,0.916481609,0.501102612,0.735913309,0.636836013,0.911617436
0.35282158,0.832326817,0.876697694,0.791379656,0.828716905,0.968400727,0.961452625,1.059010506,0.734761491,1.025974151,1.157278095,1.164263823,0.972716649,0.605499677,0.666669654,0,1.224530821,1.105586892,0.960030597,0.765005013,1.250528735,1.330091311,0.963724125,0.511789545,0.413415089,0.778528204,1.143718342,0.990209609,0.902582527,1.349055147,0.862955095,1.037781922,0.724523449,1.634195525,1.458719086,1.108714655,1.331773575,0.888931722,0.981724603,0.599471556,1.125382809,1.448918509,1.218787357,1.085135783,1.102649019,1.009321545,1.117676587,1.149846668,1.161985215,1.122150935,1.051324366,1.065454516,0.889956292,0.846601282,0.80223902,0.844044134,0.766156086,1.385782865,1.152804895,0.749282403,0.77118158,0.667649915,0.865592813,1.344836239,0.895922066,0.77923071,0.729786264,0.850551551,1.101931926,0.670147781,0.609750948,0.677854222,0.953491129,1.300579296,0.950295842,0.809326683,0.85668267,1.02086073,1.039335995,0.791044594,0.694457452,0.860559096,0.776214509,0.800700618,0.893983414,1.034200218,0.791251711,0.758034149,1.398304746,0.926175114,0.76293934,0.91100337,0.839522995,0.773363858,1.27404612,0.720795353,0.856653819,1.048775861,1.100102516,1.098363799,0.936339827,1.136407661,0.679355242,1.119210048,1.119965744,1.327304539,1.100339863,0.872129555,0.427431923,1.081076468,1.001770072,1.118014293,0.966503864,1.246020841,1.03896882,0.54155334,1.28617172,0.910197226,0.962041915,0.994893499,1.003711456,1.024729479,0.729288129,1.051141067,0.776061653,0.677258211,0.568981895,0.89186981,1.544488123,0.820089092,0.965817437,0.804949308,0.82072486,1.29007862,0.503137839,1.206454591,1.039316531,0.68985731,1.147268481,0.86792308,1.08890776,0.475642181,0.552352521,1.187128857,0.991723377,0.864272309,1.291751939,0.837731148,0.990127323,1.194773201,0.852432155,1.36720205,1.498337128,1.212774787,0.854241782,1.092001515,1.127624665,0.940195338,0.890821004,1.058929085,1.046241953,1.272557074,1.380536059,0.620249951,1.35260667,1.337986651,0.959922016,0.853368223,1.021735634,0.692671788,1.195297874,0.82821714,0.750377582,0.943984279,0.765317253,0.949816197,0.997410137,0.997621823,1.095467211,0.773061682,1.190135244,0.965390881,0.993401131,0.983328353,0.84426417,0.585204252,0.450117231,1.334281393,0.901060479,0.476763341,0.80555831,0.96926345,1.045657097,0.877018604,1.015274619,1.272495455,0.849288493,0.853115948,1.073649055,1.303709154
