0,3.278699545,3.496580456,1.251303695,1.966856943,2.513258352,2.925282544,2.327309817,2.808797444,3.038113364,3.016070144,2.996309476,2.345540722,2.964446194,1.94439009,2.158628283,3.662141224,4.056409743,3.759852555,3.265589865,2.475019556,2.570712371,2.062350901,3.03814852,1.551155186,3.773895385,3.198989032,3.377646306,2.15377993,3.272388383,2.37276881,2.245023893,2.566059836,1.974405904,2.592114001,2.676360973,1.996025858,2.668983833,2.819613778,1.612405407,2.399960361,1.61356552,3.656398487,2.732998716,2.474034973,2.262386031,1.8696497,1.81701731,3.376868426,2.728165523,3.024782578,2.423267179,3.489158703,2.09081035,2.845008409,1.98243142,4.055166117,3.148398471,2.851879996,3.478771451,2.083901805,2.888199061,2.080429442,3.330542751,3.452852963,2.170149235,2.508712597,2.34965539,4.364514578,1.890424111,2.125511174,2.613450263,2.468145329,3.668020823,3.283924608,2.917460906,1.852087611,2.76463023,3.178406788,2.44839308,2.758664147,2.842567251,3.047195575,2.829647007,2.511101443,3.380030613,3.153998349,2.419081849,3.421098307,2.261462362,2.299480946,2.964139628,2.301149888,3.072976823,1.911882243,3.369555508,2.262341583,2.504500824,3.042208487,3.292264684,3.421788954,3.314295778,2.784713778,3.573584292,2.756348737,2.00464217,3.30857618,3.131356231,3.120042346,2.809748099,3.263279865,3.425485206,1.671076654,3.751665817,2.920051255,2.51646027,1.408843475,3.302579885,4.096486757,2.961329527,2.532306901,2.550760416,3.304015473,3.569410657,1.927594174,2.220953242,3.965884369,2.495250518,2.12684702,4.064926231,1.544123607,1.759797792,4.420523047,3.448166479,2.160918709,2.4330247,3.439650938,3.273339375,2.046205885,3.154871492,3.643125194,2.420770095,3.034461807,2.923255537,2.72764765,2.926957113,3.111224359,3.399111371,2.07148667,2.461345373,3.62576404,3.3820989,1.680692888,3.094876329,3.416639065,2.137215798,4.627918739,3.670907474,2.176676787,3.070049027,3.708675718,3.030840976,2.585510133,2.522838231,2.344282487,2.783082712,2.432918109,5.081627956,2.788559738,2.619058138,3.710987547,3.937491733,2.332573714,2.471499775,3.240208525,3.453109951,3.317766291,3.514648661,1.86302906,2.648404169,2.55779251,2.567989801,4.27285362,2.560313787,2.926640888,3.005573795,3.027332858,2.603359928,2.673828302,2.309467411,3.964164379,2.632124238,1.262110029,2.206388894,2.627340721,3.70281344,3.405563145,2.940317644,2.578147094,2.033110011
3.278699545,0,2.856021448,2.450827603,3.02017451,2.989712911,3.343761302,2.269489039,2.23384486,2.666688182,1.878406169,2.225916616,1.849839021,2.967813082,2.744213669,1.810320009,3.897645349,2.17157559,1.745852883,3.936259777,2.823265892,1.419677933,3.315991042,1.593621248,3.202012139,3.627474634,2.299813501,1.304095339,2.254755654,1.080121911,2.477882198,3.27934063,1.494428224,2.549957208,3.279119134,1.659604506,2.440557949,3.975484029,2.540928188,2.391881764,2.25167778,2.567048602,4.360250976,2.340970548,3.732896875,2.33671152,3.000284755,2.258910585,2.598937823,2.89512896,2.006087645,3.218356653,3.327768399,2.963704945,2.447124762,2.295203269,3.976742577,2.657386792,1.342693344,1.843346575,2.65432554,2.998505534,2.177938284,3.004986645,3.021265177,2.086303291,3.658546217,2.615094936,3.523184991,2.581042179,2.123540338,2.463668682,3.595784141,1.482401472,3.407381111,1.931111475,3.753903923,2.515824603,2.918828484,1.429105438,3.547528267,2.64400856,1.942682895,2.6488769,3.802338596,3.280225373,1.81438406,2.861405848,3.036410894,1.786791357,2.667117359,1.833301069,2.557735343,2.330966936,2.543167958,2.507376784,2.276221065,3.649850517,2.107614889,1.958029127,3.58765822,2.968459657,2.041070443,2.796396297,1.854984967,3.152296374,2.721201694,2.896827142,2.778110832,2.85882832,2.811319758,2.980776243,2.581675138,2.838566837,2.936033363,2.033291843,3.317692791,1.490744899,2.42217442,2.584956242,2.337866645,2.863350656,2.185393965,3.908703561,3.280659189,3.833618666,3.042174408,3.056500246,1.685707201,3.280251296,3.008748069,3.193347132,3.173467307,3.757946698,2.899030832,3.929700655,2.282347174,3.040791884,1.827227567,2.907620407,3.359719594,2.734271708,1.853655551,3.232982737,2.660620344,3.612436334,2.096797264,2.729930545,2.03009517,1.505447751,3.448321638,1.422616927,2.931624182,2.222935962,1.164493797,2.69631356,3.96886862,3.297870384,2.943947443,3.403693192,2.80699207,3.001329666,2.533037703,1.828080329,1.257907172,1.984892831,3.526985699,3.305806949,4.245737819,2.956771355,2.889140526,3.145643817,2.244391389,1.866882213,3.051144704,1.965411084,2.901902081,2.417370455,2.306999482,3.836801619,2.70439324,2.196054363,2.582512518,3.836382697,4.062733765,1.966768583,2.737013726,2.778823566,3.196501601,2.117555835,2.170454683,2.631165187,3.515539951,1.978937957,2.90815501,2.318007032,2.646317706,0.827969985,2.797216159,2.298556108
3.496580456,2.856021448,0,2.764290704,3.056568575,1.54693494,1.446470109,2.040985346,0.944572817,1.34486472,2.103840412,1.444436046,2.731202903,1.371501016,2.344355188,2.734684331,4.428270327,2.087715984,2.320221254,1.52539317,3.061341242,2.570146815,2.859662382,1.447998036,3.864883435,1.70833862,2.138780141,2.747660997,2.026880205,2.363602134,3.941929843,1.911853086,2.903737816,1.831219701,2.763010235,2.110344844,2.172788072,2.414937619,1.629416234,3.158563543,1.818333658,2.344597614,2.676745135,1.053177916,2.672794046,1.776965303,2.336501715,2.560774908,2.668763312,1.568993146,1.400363667,1.783620543,1.693745943,2.413797167,1.735502418,1.854669468,1.340400765,1.652584337,1.597692832,1.689669804,3.142789401,2.514213841,1.875204393,2.640487172,1.888191953,1.697122326,1.960391222,1.806517559,2.942334748,2.238661411,2.637031876,2.669213201,1.876281214,2.402872477,2.106239797,2.459536189,2.627250411,3.181240307,2.209051469,2.384370075,1.684054471,2.027865137,3.381435918,1.622259106,2.885514746,1.624526082,1.920719949,1.821056186,2.505932518,2.05071949,1.625170952,1.336419703,1.600488162,1.981688704,2.02217757,1.300287129,2.073953569,4.147654568,1.848200597,1.180702326,2.461091359,1.904022704,2.336047624,1.71943023,2.100904651,3.310112168,0.848059578,0.867394931,1.740403082,2.586469269,1.591767971,2.801748369,2.473908345,3.594111979,1.209913545,2.049905349,2.867104581,2.408981766,1.444728262,2.003100206,2.909149709,3.001980217,1.534770655,2.95903778,2.396798807,2.516128667,2.255204587,2.826136109,2.169189254,1.749349371,2.097605532,2.990004377,2.886266527,2.648579901,2.164115478,2.291535016,1.899214328,1.258460881,2.568284198,1.996235782,2.339960588,1.499143762,2.795692921,2.118425419,1.234512067,3.269498304,1.505276004,1.086217548,3.232189157,2.038080327,1.33417988,2.546276911,2.548475326,1.80197152,2.330210088,1.438602124,2.361973889,1.941451673,2.374655737,1.917886039,1.652533329,2.524920996,1.680746233,2.37024981,2.067291795,2.956761863,2.453184835,2.284803242,3.236264072,2.265087974,1.46100882,2.870195461,2.294696736,2.285854444,1.247338426,3.169801659,2.238215765,1.573961892,2.253575458,3.337870074,3.161499947,2.568344739,2.892255447,2.396318458,4.040557675,3.282187433,1.399128672,1.610627996,2.479767723,2.878602496,1.723449497,2.459486417,3.509940206,1.815987267,1.42986381,1.482895099,1.230187117,2.519524336,0.981062055,2.382080989
1.251303695,2.450827603,2.764290704,0,1.020033093,1.932954175,2.636976435,1.319646442,1.928692765,2.168936817,2.168145973,2.046841777,2.149194319,2.392350544,1.425568771,1.219858644,3.335363487,3.349941124,3.062963166,2.806508445,2.219076313,1.685944863,1.893578438,2.314749739,2.315099706,3.433100696,2.834162699,2.294349842,1.451894574,2.59214768,2.274578556,2.038142496,1.598770417,1.446338947,2.485010955,2.223417936,1.235791192,2.818811983,2.509177887,1.528386007,1.286894411,1.017160634,3.810224149,2.130773537,1.839214806,2.000736388,1.372272717,1.801030048,2.609270811,2.125884981,1.93732481,2.263032012,2.836989583,1.89091991,2.295444239,1.422864356,3.625957391,2.100559299,1.948538965,2.388750401,1.247176602,2.854965015,1.5457999,2.505420377,2.54363936,1.349001272,2.452400968,1.528009734,3.262124286,0.905385657,1.667687201,1.486128519,2.423490478,3.04124059,3.046589028,1.831541106,1.789612027,2.201018241,2.755605425,1.949290608,2.294169011,1.684721663,2.080942813,2.319480599,2.651541287,2.481211132,2.238799144,1.725598667,2.718581459,1.288688792,1.779378863,2.249878728,2.015068584,2.007429975,1.74712986,2.801718894,1.816676185,1.880031233,1.99533966,2.38573187,3.40516866,2.706382395,1.834223589,2.684824679,2.033580347,1.554502855,2.667482465,2.638157732,2.526419825,2.185008877,2.453094285,2.374035275,1.702568107,3.128200089,2.162489815,2.216044593,0.97608432,2.507978357,3.030700498,2.602754328,2.36760158,2.098308761,2.458454162,3.047304142,2.130169063,1.91447045,3.62617088,2.19727556,1.364023938,3.1111364,1.363566695,1.172960632,3.296835895,3.168796959,1.327605881,2.14838228,2.703149174,2.376044083,1.318873423,2.090691695,3.472613433,1.84293426,2.328679577,2.658377927,1.957862951,2.123890783,2.215979788,2.683570244,1.486031599,1.494741947,3.176166445,2.885239834,1.316960827,2.158484951,2.473693939,1.472790099,3.912519852,3.380231539,1.774010725,2.421820928,3.203385655,2.949454926,1.81599234,2.104325918,1.655729419,2.592012435,1.701139339,4.317386902,2.574027012,1.764181028,2.780961074,3.190022191,1.466398488,1.402472933,2.691757815,2.312300811,2.42497207,2.908777677,1.68162193,2.251288196,1.894616501,1.603383591,3.048816852,2.188280986,3.216469972,2.605310785,2.205645872,2.287720687,2.346638628,2.037280366,3.233596268,1.597027841,1.467283194,1.200503846,1.94787723,2.700580183,2.609358003,2.057761641,1.985401566,0.959610336
1.966856943,3.02017451,3.056568575,1.020033093,0,2.268943453,3.025625666,1.682545102,2.227852965,2.198113231,2.654996576,2.360500531,3.110228393,2.692730229,1.77673318,1.525275397,3.481178182,3.894294027,3.535337245,2.940965177,2.855402948,2.112908901,2.115126104,2.893659221,3.271723949,3.850574116,3.50737865,2.431662126,1.797233532,3.19338141,3.096640005,2.390446991,2.099468904,1.932450961,2.850217908,2.938023175,1.589777057,3.3629143,3.135785427,2.17651781,1.467866617,1.711961269,4.369975857,2.698329851,1.586891567,2.763700205,1.500116368,2.758909206,2.854596766,2.377925875,2.097318457,2.782321213,2.828758466,2.275446052,2.914511003,2.177020712,3.977685004,1.922027312,2.434569321,2.571141552,1.476965501,3.628485483,2.299397784,2.243873645,2.426856835,1.815694157,2.959324254,1.734957796,2.946653467,1.212662371,2.224171924,1.478858028,2.946574363,3.630166056,3.515755102,1.769851774,1.98139473,2.733784793,3.07111673,2.676619331,2.503714717,1.384288412,2.356683895,2.907148136,3.02828075,2.427191111,2.468178113,1.78938246,2.628659136,1.681121815,2.194099481,2.777639642,2.696680527,2.038886992,2.588886219,3.326463183,2.581566217,1.426705736,1.983524974,2.724175718,3.981831484,2.996608892,2.119594641,2.946289068,2.417890388,1.446639299,2.993896043,3.070704558,2.777282415,2.669440812,2.689540635,1.864770034,2.639976515,3.206685498,2.268517437,3.044020806,1.08695693,2.900587822,3.110536881,3.111166073,3.130179035,2.698150481,2.902051059,3.083522028,2.897836471,2.007930041,4.220156296,2.778298318,1.960394954,3.155885282,1.904840542,1.100981401,2.960184261,3.538716482,1.416975972,2.133733321,2.983809492,2.323907588,1.8938184,1.846514625,4.085258688,2.286598681,2.924903136,3.268780784,2.298309957,1.31076421,2.412900705,2.918610085,1.980847972,1.982995043,3.473138551,3.596574903,1.948335985,2.353287118,2.95042841,1.858592084,4.133417514,3.886706099,2.339305169,2.633321326,3.813273242,3.537371555,2.261074651,2.793586062,2.396684694,3.372873062,1.321699385,4.616064932,2.338457459,1.911631675,2.870726346,3.232945271,1.820449653,1.820557418,2.939245639,2.19248648,2.614650688,3.4484062,2.431090325,2.04608683,2.330953437,1.558692934,2.731408402,2.217106006,3.966807252,3.209630649,2.507741391,2.994792494,2.712382061,2.895040954,3.777283927,1.444503215,1.601844882,1.558919907,2.149352184,2.892307348,2.745845924,2.560274333,2.374294083,1.346644488
2.513258352,2.989712911,1.54693494,1.932954175,2.268943453,0,1.880270707,1.31682155,1.373930081,1.865937291,2.484762919,1.827729947,2.388393003,2.086462176,2.257117547,2.263975084,4.631240492,2.427268243,3.169274586,1.442152931,3.080325976,2.693761267,2.762461029,2.063718119,3.065577989,2.753002241,2.85032382,3.000232766,1.841543676,2.66576321,3.093443824,1.348853673,2.396760937,1.754981452,2.985943603,2.273310573,2.076146094,2.378320784,1.978686966,2.765638893,1.455236811,1.715263221,2.795433636,1.047785958,1.632818741,1.559854607,1.993488164,1.94680135,3.240181719,2.059574111,1.521381851,1.096853447,2.245523648,1.851473688,2.133501956,1.321122532,2.175745976,1.625100282,1.896616341,1.90482844,2.060790383,1.964981131,1.75604689,2.608417592,1.556234416,1.706794686,1.768644088,1.863826351,3.331132599,1.585926984,2.00800267,2.124718359,1.649765826,3.070604329,1.705694844,2.515167353,2.06420719,2.166317022,2.219644861,2.458426841,1.6768237,1.745072713,3.152948255,0.971015507,2.946861857,1.252131841,2.055415646,1.844192089,2.720643776,2.039933791,1.814287041,1.640083998,1.725515588,2.341870363,1.695685352,2.344396859,2.039677659,3.363831042,2.054503796,2.08490088,3.017850512,2.740335024,1.597004444,1.715153763,2.454297414,2.977297236,1.694732337,1.729580184,2.475604916,2.185253194,2.227505841,2.968854035,1.947324956,4.061399038,0.908104471,2.278120764,1.82173932,2.489599967,2.281787928,2.547683215,3.135043976,2.521076454,1.496415761,3.422956218,1.533133794,1.482927884,2.543422402,1.556767779,1.733184082,2.257664598,1.246370322,2.459100187,2.835285188,3.266979107,0.963103043,1.859285071,2.765675283,1.174715066,2.504056164,2.15946155,2.296666674,0.32805923,2.99595544,2.369790426,0.58427846,2.782750268,2.132987172,1.624104484,3.047644891,2.154236599,1.880011755,2.866766345,1.728851792,2.419573615,2.350857275,1.022160115,3.147895547,2.904475601,1.090018046,1.074088947,1.888293099,2.782959807,1.576782096,2.654385651,2.017116028,3.200205075,1.465459827,3.760435138,3.115892531,1.784590914,2.362690389,3.688587722,2.33058303,1.871629695,1.789020533,2.883532086,2.246803239,2.589675699,2.046808411,3.237184883,2.721335023,2.522772551,3.252427879,2.201677169,2.9151208,3.604968621,1.570724353,1.337656541,2.821438829,2.807272124,2.285740608,1.570806512,2.706606503,1.37510707,1.73582248,1.726138354,2.018743845,2.42457102,0.847746095,1.698698624
2.925282544,3.343761302,1.446470109,2.636976435,3.025625666,1.880270707,0,2.5892192,1.508122008,1.520450158,2.627542206,2.206990766,2.795507365,1.09288748,1.865914475,2.778488712,4.139396835,3.035738232,2.528215433,1.687077974,2.895404458,2.658254348,2.021602886,1.869242559,3.333173065,1.232740951,1.874874854,3.233577541,1.72651741,2.685846084,4.09893965,1.167264669,3.420795562,1.336901218,1.713285929,2.009477147,1.930283811,1.515024226,1.15113359,2.578513551,2.297149287,2.324929829,1.725895441,1.546017175,2.853303439,1.494389657,1.736892177,2.356674854,2.846832732,1.206558043,2.266974386,1.351038694,1.449959876,1.761555795,2.025083524,2.024158035,1.7534791,2.247807537,2.110677154,2.746027892,3.461593692,2.459653627,1.897572151,2.624066304,2.542362916,1.633612835,1.383864299,1.776932335,3.77911141,2.39035342,2.495136677,3.218458089,1.20685841,2.649049031,2.03396654,2.710138981,1.979000063,3.714096162,1.893797983,2.248975899,1.593541489,2.57459569,3.902589524,2.199414923,1.602269515,2.537000585,2.360437698,1.427506785,2.295184972,2.108255599,1.085411591,1.80661283,1.052113259,2.497771963,1.753958137,1.510705629,2.134567538,4.200435848,2.239448237,1.916796026,1.378616535,1.80373351,2.975584817,2.865891396,1.959543539,2.80458753,1.138171242,0.702446271,1.287967332,3.133012606,2.139402737,2.999845327,2.199738145,3.311101833,1.627106651,1.871791795,2.657215978,2.789083249,2.70881508,1.330398772,2.489247938,3.342551944,2.599415196,2.806630018,1.972666127,2.437740414,2.446948488,3.175214397,2.230289199,2.925965226,1.544813372,2.704866912,3.801169581,2.227656057,2.438711005,1.736304291,1.891395549,2.023812441,2.409112458,2.527488931,2.271476323,1.798518399,3.186063045,2.087970907,1.941779021,3.165214623,1.777381455,1.54961808,3.024172415,2.299897922,1.230900084,2.741908928,2.558360873,2.161200299,3.205761892,1.385971668,3.240319643,1.29791437,2.6719173,2.616785729,2.467035143,1.662785586,2.185148633,2.044503615,2.207757292,2.564570671,2.547776651,2.921000688,2.416930047,2.763323652,2.295374729,2.844689194,2.370027405,2.863674085,0.991677615,3.788952831,3.0373836,1.928852685,1.63307654,2.852145126,3.520845888,2.527778553,3.708008908,2.037047082,4.110993552,3.036317776,2.184182623,1.820042453,1.927614363,2.833284296,2.766234443,2.927387618,2.798582472,2.045537059,1.294053427,2.709235829,1.505031453,2.974218955,1.141894462,2.719408225
2.327309817,2.269489039,2.040985346,1.319646442,1.682545102,1.31682155,2.5892192,0,1.434340691,1.981043987,1.686114239,1.245804731,2.098343121,2.238674393,1.97327862,1.752336082,3.86289967,2.526827044,2.956573493,2.236595969,2.427537222,1.9825695,2.673747022,1.957870597,2.986673727,3.198811642,2.834160163,2.212441241,1.861476764,2.450187952,2.418290353,2.215639953,1.273265538,1.758022557,3.117386157,2.298344268,1.657982541,2.886719073,2.478505171,2.530936513,0.639291659,1.109315487,3.809078686,1.53201826,1.550385214,1.971317424,2.01981924,1.969666093,2.541135401,2.121499299,1.132341354,2.154011557,2.777897116,2.387302359,1.828510942,1.023867493,2.927461842,1.637185559,1.582110502,1.477625582,1.178319623,2.62618986,1.393549658,2.715920399,1.980223151,1.451279467,2.318258571,1.527385082,2.569966029,0.823822056,2.068207743,0.893079849,2.314912982,2.901479539,2.773350937,1.975954244,2.211840568,1.662484004,2.853969705,2.21982086,1.954598563,1.183456429,1.871510294,1.519629281,3.274101526,1.447325291,2.018417838,1.963221307,2.956134729,1.509739492,1.930284787,1.837083137,2.031881075,1.614982041,1.734003847,2.427582383,1.612023203,2.428720008,1.83791978,1.844290317,3.580614102,2.581941943,1.193855754,1.399871707,2.275917541,2.561431557,2.291703392,2.311947083,2.618138142,1.378642761,1.856736348,2.497920025,1.84333136,3.656333707,1.673815989,2.199094083,1.545134687,2.373537308,2.117255501,2.808913408,2.764712038,1.653748527,1.330442647,3.055562896,2.137531064,1.736054803,3.245675251,1.666153639,1.545977723,1.984406507,1.707197505,1.915706268,2.650607331,3.171850266,0.913166146,2.283340628,2.688742303,1.663382891,1.879712207,1.615525496,3.187985376,1.293272621,2.059101219,2.309834096,1.031108177,2.595883324,2.056959464,2.260117603,2.29316063,1.437045766,2.844111873,2.771611615,1.237543414,1.905872026,1.712870225,1.270009903,2.969708697,3.311681965,1.180229607,1.387294463,2.337167579,3.268724726,1.044118492,2.427037567,1.655129121,2.985715496,1.59547316,3.757081511,3.212745299,0.984009825,2.064286948,3.26535891,1.574909274,0.617180974,2.511993651,2.100100026,1.443273067,2.478143687,2.170776141,2.865022897,1.601288715,2.06691369,2.594294906,2.241171378,2.998330663,3.06357088,1.252749971,1.727451366,2.624784566,2.165730416,2.338269642,1.220892333,2.655605978,1.10415035,1.803975888,1.636505261,2.346010144,1.892281306,1.541672806,0.552909854
2.808797444,2.23384486,0.944572817,1.928692765,2.227852965,1.373930081,1.508122008,1.434340691,0,0.787580342,1.622810315,1.032490236,2.305567762,1.18476459,1.625770846,1.835946947,3.799150908,2.206137688,1.972449839,1.835751797,2.553048847,1.71727475,2.213540475,1.065957745,3.341855357,2.056440492,1.919355864,1.978782762,1.214088693,1.89140183,3.347848274,1.621710213,2.181348154,1.153282608,2.267223071,1.626923145,1.369666538,2.437274974,1.487015406,2.358930033,1.066135782,1.713542363,2.971623556,0.953561076,2.259267558,1.460685563,1.616702858,2.106571723,2.164539539,1.158614163,0.777758943,1.708664782,1.536306918,1.87995893,1.54482627,1.375858839,2.14481436,1.106820374,0.923765037,1.299938403,2.443426761,2.487140504,1.349218588,2.028747125,1.640970593,0.841997253,1.984547584,1.113308562,2.648627415,1.517473435,1.956226164,1.983967759,1.905857171,2.077663733,2.231253938,1.592432378,2.190887697,2.731336334,1.938494153,1.72537567,1.62405328,1.348730339,2.659189154,1.62584319,2.52466604,1.601836144,1.323599006,1.153448169,1.989519227,1.130880074,1.071227767,0.999324021,1.297075065,1.34187795,1.659661675,1.367442028,1.650725877,3.348798005,1.083586343,0.801991964,2.49839124,1.676757478,1.777252199,1.771898394,1.370600216,2.468867532,0.983104033,1.103663635,1.364331188,2.28671259,1.411654208,2.083038217,2.053642024,2.907547806,1.004516896,1.700730835,2.212014636,1.8705368,1.44720616,1.672891007,2.382331797,2.592529154,1.474885153,2.667799632,2.220855346,2.2280699,2.488280025,2.552849942,1.391506696,1.927986039,1.594008064,2.230045709,2.569908998,2.543995731,1.612721864,2.01316997,1.471455915,1.141926289,1.712902697,1.467758973,2.55295453,1.252721228,2.274754763,2.107744107,1.055390879,2.540642148,0.856430111,1.114019669,2.354586321,1.205205841,1.715605018,2.207021118,2.04693965,1.206178722,1.908941489,0.889963366,2.743670073,2.098488258,2.064352354,1.937411288,2.04132054,2.289782419,1.323720057,1.76429997,1.374277509,2.437151912,1.956517617,2.615210152,2.730784222,1.833098683,1.413027433,2.441234034,1.542483817,1.604982125,1.259646406,2.429491904,1.998268756,1.593443355,1.653955971,2.703840942,2.594250626,1.668186856,2.358903723,2.089544034,3.854741642,2.627063596,1.27547738,1.636201376,2.057084486,2.348382842,1.932292216,1.811297881,2.750147878,0.950763117,0.996335164,1.427836678,0.989571484,1.837954179,0.818950828,1.652896143
3.038113364,2.666688182,1.34486472,2.168936817,2.198113231,1.865937291,1.520450158,1.981043987,0.787580342,0,2.077776734,1.540671131,2.947280464,1.146416919,1.572834176,1.963453284,3.692531161,2.845141282,2.096331944,2.023141849,2.857056807,1.845171466,1.967017632,1.583875735,3.774748382,2.0968349,2.18071076,2.059691127,1.179358903,2.284097976,3.934976345,1.69753915,2.688647217,1.252076818,2.001745527,2.012130107,1.392184253,2.640371578,1.792073118,2.426569348,1.447779802,2.138327672,3.139751959,1.656285515,2.425832862,1.970678858,1.406927346,2.674286303,2.197743577,1.01160483,1.249141092,2.06340487,0.982377868,1.894130719,2.082514103,2.012185777,2.45370407,1.024886219,1.431282372,1.773261023,2.84287685,3.073556061,1.892898426,1.578898598,1.729142297,1.077926629,2.285150207,1.151231251,2.637501875,1.825626671,2.221004481,2.320836065,2.206863625,2.371644688,2.582385222,1.439186702,2.195547869,3.35917341,1.919746626,2.04594027,1.786377557,1.401348845,3.023946977,2.34129659,2.317447126,1.937579194,1.480258017,0.774043229,1.48014065,1.271134883,1.103055815,1.55316294,1.679713788,1.408987897,2.199111985,1.705380547,2.200281474,3.402944288,0.919927068,1.180746883,2.525923041,1.61279887,2.274240408,2.395963772,1.314442706,2.207006893,1.153887737,1.353713032,1.006286218,2.881161985,1.668829331,1.589262108,2.598400422,2.530290204,1.201779547,2.199299043,2.373395005,2.135147777,1.717206196,1.647671669,2.62622531,3.159310458,2.211980596,2.509523759,2.723341695,2.464672974,2.910769589,3.187303263,1.754764252,2.285446179,1.83636825,2.189226697,2.577615064,2.553021176,1.945580665,1.896355801,1.261613487,1.290001967,1.85605672,1.396041934,2.972990642,1.805521976,2.731644381,2.5537036,1.681817809,2.13178453,0.695637814,1.253026769,2.438998504,1.536103552,1.790444342,2.645848656,2.512696161,1.233872932,2.519801744,1.241873872,3.084968774,2.13396725,2.673814191,2.464288376,2.748792761,2.334159493,1.885582837,1.9725649,1.874122178,2.684337246,1.979805441,2.664577344,2.247482181,2.232992752,1.544062747,2.096680473,1.711657268,2.133102354,1.166782152,2.577926296,2.455882582,1.967678416,1.895075265,2.389133171,3.050956475,1.422224465,2.234113342,2.036308413,4.511787254,2.736110567,1.812404489,2.315255031,2.000475689,2.83009698,2.601329279,2.046475798,2.648980396,1.290410361,0.964159521,1.955591054,0.708065362,2.254266901,1.283213832,2.071672172
3.016070144,1.878406169,2.103840412,2.168145973,2.654996576,2.484762919,2.627542206,1.686114239,1.622810315,2.077776734,0,0.871515445,2.096156223,1.816251399,1.83915715,2.344584685,2.885936572,2.662661442,2.083457364,2.801091546,1.521460402,1.483973407,2.569324042,1.503850814,3.341434088,2.5943097,1.92566602,1.883517371,2.221798164,2.208137306,2.97346969,2.918098005,1.827149238,1.81458733,2.792837708,2.148400503,1.590132936,2.835657512,2.424241245,2.666213005,1.484982262,1.608811194,3.989935124,1.946905222,2.854207244,2.228432055,2.409898849,2.353408759,1.207410948,1.811639328,1.649657395,2.899889108,2.983474784,3.071279966,0.982818444,1.512092155,2.910963775,2.381302812,1.492277045,1.886000524,2.579590633,3.213008212,1.18123114,3.253120578,3.02743907,1.480114002,2.505025853,1.480885089,2.325334709,1.702091728,2.801728645,1.799007957,2.572381286,2.223022948,3.530822723,2.124648502,2.673222417,2.872952781,3.310833603,1.956086477,2.168562973,2.025732018,1.687489722,2.347054117,3.124055105,2.486203216,2.390878689,2.215748684,3.245667085,1.474974504,1.832807755,2.008200453,1.931309043,1.151210838,1.798060184,1.607091979,1.111957565,3.131089821,2.126518883,1.239606675,3.209282723,1.62037772,2.431375595,1.926809841,1.975779937,2.72172488,2.403334349,2.212649652,2.194604738,1.617485985,1.146337515,2.601701568,2.00098902,2.999261432,2.538993408,1.650812823,2.622812281,2.61959776,2.120006288,2.442530067,1.837244308,1.735029743,1.875892152,2.274001697,2.789399572,2.806956156,3.469717532,2.989534449,2.130863961,2.04059577,2.478497378,2.309100652,3.469636634,2.222303015,2.441546892,2.85265796,2.034701284,2.531576539,1.533817135,1.775146693,3.618689508,2.365741052,0.750600057,1.730836946,2.020488943,3.405811753,1.874229077,2.643092617,1.98070319,1.009483784,3.171045066,2.437745075,1.941412519,1.081255669,1.876270653,1.87287632,2.358853231,2.667233942,2.511097209,2.53924531,2.560117638,3.166968926,1.156182909,1.809288219,1.591990392,2.310283279,2.894805074,2.691074255,3.368963765,1.698984588,1.479185029,2.199719438,1.065360622,1.314796228,2.758285364,2.723623041,1.431531744,1.371713305,2.257782237,2.747743436,1.632359053,2.208802719,2.634050548,2.452900853,3.90412511,2.080431297,1.362715283,2.026836675,1.906939323,1.403819035,2.262112984,2.650167197,3.336410422,1.891260519,1.76575019,2.193350141,2.393844784,2.086744851,2.074925829,1.630588148
2.996309476,2.225916616,1.444436046,2.046841777,2.360500531,1.827729947,2.206990766,1.245804731,1.032490236,1.540671131,0.871515445,0,2.336189413,1.468837052,1.771225447,2.251877525,3.381905437,2.447086304,2.293647933,2.063753839,2.044162849,1.774199155,2.51353303,1.451336621,3.521523379,2.357758976,2.164012706,2.01901302,1.964894431,2.315651187,3.207856544,2.433383974,1.930704129,1.589135979,2.779287081,2.191803087,1.487482643,2.609000771,2.226339326,2.790321674,0.95858262,1.489872992,3.658680608,1.48133046,2.246088959,2.041802533,2.110065528,2.377266948,1.640698612,1.482095576,1.043911431,2.420086138,2.447673764,2.738001757,1.067548572,1.295629673,2.343321885,1.713877844,1.343951563,1.425330615,2.357566564,2.985342146,1.197331051,2.832839137,2.327304373,1.255092712,2.135265312,1.136110714,2.004964266,1.360335463,2.627467554,1.539808849,2.182157604,2.435127746,3.04363705,1.962755598,2.335053721,2.696793549,2.939989109,2.141265337,1.601505816,1.416955355,2.059829401,1.881128596,3.018260471,1.649142764,2.070801389,1.791203912,2.877477939,1.404708622,1.55719208,1.706218279,1.761148954,0.889007574,1.744798119,1.521319861,1.305524354,3.076949053,1.727470151,0.944791713,3.116170376,1.583106961,2.045792869,1.315526157,1.961168212,2.692774866,1.895042434,1.77421252,1.980459642,1.5319675,0.747474048,2.30427325,2.062387949,3.218097875,1.816554037,1.85828432,2.28617111,2.492314124,1.572621541,2.373146111,2.348015904,1.890300048,1.407911689,2.261285162,2.527566028,2.249805817,3.18907847,2.648668009,1.964046475,1.360312786,2.100723381,2.169395571,2.907817407,2.305956795,1.858738505,2.310887796,1.978516608,1.725238641,1.784058674,1.198930212,3.282141251,1.780144571,1.576809866,1.716205026,1.318285319,2.979323136,1.564247126,2.073388179,2.344244774,1.14206711,2.608659839,2.608685356,1.767096574,0.990279864,1.841700935,1.328887295,2.048872779,2.569254255,2.103807906,1.839910052,2.213352592,3.079008294,0.702684785,2.080460431,1.681547186,2.7089914,2.248926219,2.645556479,3.080812911,1.241510289,0.939521729,2.348272227,1.194339671,1.17495617,2.236780171,2.562600656,1.074394718,1.468770427,2.225500611,2.661940057,1.854748608,2.082024417,2.36444401,2.032193304,3.796259558,2.65394378,0.64829983,1.715492193,1.987601577,1.985917669,2.038750806,2.128898709,3.183238343,1.505271278,1.271829886,1.596397022,1.902186931,2.123932687,1.453212941,1.382965827
2.345540722,1.849839021,2.731202903,2.149194319,3.110228393,2.388393003,2.795507365,2.098343121,2.305567762,2.947280464,2.096156223,2.336189413,0,2.768857886,2.527700738,2.282772167,4.114066777,2.266960045,2.542210891,3.340972825,2.310610483,2.171162391,3.049318979,1.761143567,1.730821723,3.201110149,2.065204885,2.755866179,2.308454571,1.810094112,1.668430435,2.638383582,1.89124534,2.192784241,3.030523479,1.497782799,2.372389389,2.870225827,2.002768615,2.161966947,2.338322974,1.909295624,3.325269424,1.798363896,3.344686719,1.421185234,2.787147728,0.783584603,3.019740296,2.755167718,2.438773113,2.315231954,3.500884015,2.544601612,1.923372674,1.454107697,3.365789482,3.086426817,1.832346374,2.545143143,2.483116551,1.748991733,1.489887343,3.616450808,3.286920488,2.04425129,2.624164227,2.555815303,4.20058889,2.33047168,1.973738188,2.690964744,2.552555878,2.160049994,2.711135048,2.862322791,3.053173114,2.070624945,2.875746915,1.485794296,2.983165254,3.013328831,2.604113802,1.839252582,3.218894174,3.20018511,2.503924116,2.846310669,3.562090596,2.126775473,2.356692217,1.849107135,1.792150235,2.845792574,1.363867887,2.326245232,1.498598346,3.752500957,2.81582239,2.378289798,2.952936206,2.988268082,2.238439804,2.693634348,2.341114589,3.250476093,2.652396374,2.510739096,2.919270455,2.293744112,2.810019166,3.807458682,1.167415835,3.751521071,2.801725784,1.229953607,2.781671301,2.311370804,3.146580041,2.45589357,1.91752627,2.158146865,2.074924406,3.87079654,1.845636835,3.091606348,2.598871391,2.082186372,1.713202505,3.424122987,2.207586742,3.006096798,4.086881255,3.353872422,2.578807469,3.384776166,2.841548362,3.108637789,2.011954436,3.269002355,2.580011713,2.118825803,2.016078531,2.351572941,2.268086029,4.005645607,2.639521928,2.801511378,2.32944655,1.920952674,3.130822289,1.665445647,2.062478616,2.690715363,1.939025976,2.243651194,3.819667049,2.944682425,2.004998194,2.842015193,2.141067042,2.565245017,2.138460172,1.779670852,1.248745014,1.781060059,3.311297857,3.83521993,4.078405933,2.697687832,3.176289363,3.778377406,2.34891933,1.99571544,2.926842055,3.140720082,2.854149796,2.331967549,1.685873785,3.802600727,2.431203475,2.850238147,3.894046795,3.355347378,2.537609711,2.366420102,2.492808518,1.657341941,2.892763139,1.389915238,2.197521855,2.834459911,3.111855805,2.080379008,2.721020489,2.711665503,2.9765145,1.844191751,2.301899739,2.163213056
2.964446194,2.967813082,1.371501016,2.392350544,2.692730229,2.086462176,1.09288748,2.238674393,1.18476459,1.146416919,1.816251399,1.468837052,2.768857886,0,1.325740562,2.593218496,3.276373642,3.089870551,2.19100659,1.778442092,2.202454702,2.08829476,1.717238142,1.627004273,3.539683797,1.20779655,1.663270149,2.655237504,1.702253762,2.606274414,3.981992007,1.838542972,3.009797565,1.060706213,1.687700524,2.109300727,1.340101334,1.750467593,1.650463406,2.557791214,1.794301861,1.931907768,2.746080391,1.682202617,2.64890495,1.856135669,1.581338703,2.541011153,1.820414863,0.370342336,1.875454395,2.067382925,1.66335059,2.281699234,1.410853987,1.804621562,1.941605885,2.024289172,1.815048173,2.400749636,3.22130148,3.034512868,1.488039262,2.633625019,2.642521614,1.204794883,1.548260228,1.040636446,2.866686814,1.934089403,2.727769316,2.641335851,1.548102858,2.488787282,2.82484158,2.262474078,1.839088695,3.66742543,2.489255359,2.146667986,1.225505542,2.082050463,3.197355045,2.38520416,1.816303479,2.322800714,2.319102062,1.17193504,2.400315293,1.616021673,0.737669871,1.883039846,1.200190446,1.596615509,1.71534752,1.084107152,1.66467125,3.669841673,1.921712175,1.29922303,1.989190118,0.783383563,2.894235826,2.484913707,1.68937055,2.409251478,1.436720261,1.017135299,0.94419788,2.604219651,1.194784373,2.390553301,2.172743002,2.826303852,1.811280369,1.747393618,2.479941338,2.807346405,2.295075702,1.514991567,2.08011506,2.820209737,2.412541368,1.844101613,2.401113423,2.368696921,3.052999518,3.33088671,2.228282422,2.316915057,1.802963056,2.202098212,3.59769169,1.487043221,2.362857915,1.700214247,1.455929668,1.978331664,1.895176429,1.745372005,3.042378834,2.030966252,2.430266765,1.634963719,1.882629004,2.948473574,1.39976969,1.857383728,2.51451521,1.688685282,1.983700888,2.777180143,2.255976078,1.221186669,2.902992784,1.242103593,2.559526883,1.472861765,2.726945917,2.527254792,2.647239152,2.265336882,1.607901809,1.795088234,2.021795697,2.449494302,2.456203737,2.438812075,2.194734146,2.185803728,1.40426734,1.916309119,1.564856123,2.346993964,1.533250238,3.421792332,2.310595938,1.341102429,1.818305159,2.21191555,2.867331422,2.112644729,3.091212472,1.572412241,4.329961444,2.54967521,1.601312072,1.921835056,1.173338587,2.358877556,2.702694726,2.797208486,2.85979885,1.87411477,0.597635036,2.497624309,1.471396411,2.77351803,1.279186176,2.264866357
1.94439009,2.744213669,2.344355188,1.425568771,1.77673318,2.257117547,1.865914475,1.97327862,1.625770846,1.572834176,1.83915715,1.771225447,2.527700738,1.325740562,0,1.899233408,2.544339663,3.575015452,2.521328702,2.446218123,1.673256347,1.514093139,0.776376445,2.014891293,2.849993992,2.381604545,2.06930958,2.360151908,1.31453016,2.65909591,3.323999836,1.896735214,2.487420603,0.665861743,1.387948794,2.124453986,0.390160527,2.072805985,2.091356471,1.638618491,1.542382351,1.302576209,3.341746166,2.120342826,2.313810313,1.963525365,0.810219057,2.227181255,1.728727116,1.006469818,2.05878274,2.298311021,2.22597672,1.996230276,1.775583178,1.639768392,3.060861794,2.165454652,1.925588554,2.638820484,2.538488957,3.199142758,1.314392915,2.483118863,2.863425926,0.905974447,1.911137702,0.74671305,3.002581333,1.32552622,2.296136378,2.146874682,1.927442239,2.748362875,3.212353261,1.861706908,1.310014339,3.326292204,2.688639475,1.872710352,1.669797323,1.894387722,2.59400106,2.674713219,1.605718227,2.67130785,2.389341393,1.018302766,2.416889813,1.09462427,0.840820838,2.231708453,1.469572426,1.560218009,1.603764691,2.012080788,1.545038,2.62422173,1.911277153,1.890919054,2.550558949,1.502495175,2.702093271,2.886813551,1.552759873,1.215700216,2.231117216,1.988238221,1.495973536,2.471962106,1.756983952,2.06036831,1.829233702,2.42912176,2.178523472,1.839028344,1.660436473,2.790982537,2.907435827,1.84029714,1.694699736,2.45115809,2.763212416,1.898585204,2.33064004,2.135848999,3.620537368,3.136766028,1.856860672,2.931121931,1.444260046,1.08829462,3.715879729,1.919885868,2.056291308,1.628621839,1.882932216,2.40290836,1.042318688,1.761522679,3.525632817,2.178008505,2.177067166,2.030292133,2.172133579,2.326852079,1.714316505,2.480145844,1.469391317,1.331914613,2.794929847,2.894867238,1.735881127,1.404898002,2.939307724,1.264830673,3.375854359,2.389091654,2.544115247,2.768230076,3.279933609,2.457384804,1.706507745,1.568246374,1.796478657,2.198722011,2.132011728,3.476169594,1.672707172,1.984728687,2.135963035,2.056392042,0.929545033,1.985161076,2.213731314,3.019129737,2.42420016,2.144068082,1.460465845,1.358385962,2.303296414,1.481991974,3.09085304,1.451086747,4.052112987,2.074630539,2.011533202,2.270322967,1.004245544,1.909930399,3.296752339,2.459114672,1.788788858,1.578511047,1.064270142,2.930297751,2.104472776,2.537950323,1.756139972,1.695943816
2.158628283,1.810320009,2.734684331,1.219858644,1.525275397,2.263975084,2.778488712,1.752336082,1.835946947,1.963453284,2.344584685,2.251877525,2.282772167,2.593218496,1.899233408,0,3.719047998,2.947298601,2.449436069,3.299739706,2.871058922,1.279332943,2.293230372,1.990072952,2.807421002,3.569256417,2.70314731,1.51846587,1.108044468,1.852625585,2.578809421,2.227346626,1.566188297,1.761143781,2.533049617,1.779618263,1.62164088,3.485349876,2.344827561,1.40248008,1.58820109,1.959212886,3.944217342,2.176645966,2.626796332,2.046685155,1.7181647,2.061416758,2.763259561,2.342330449,1.704152477,2.486004286,2.512701603,1.729514948,2.689989853,2.001279448,3.889674456,1.78600297,1.482145205,1.969119047,1.774141709,2.897720126,2.03441231,1.756047487,2.180231772,1.425971966,3.134967419,1.923084106,3.402239333,1.7176239,1.087969705,1.921309613,3.03758587,2.394852349,2.903672849,1.053210119,2.684182277,2.363910368,2.175589271,1.497112697,2.937100575,1.754039675,2.211932713,2.519102716,2.956738527,2.726711517,1.382028017,1.801385697,1.996540516,1.089886083,2.008409759,1.846082025,2.237858274,2.083826262,2.299746684,2.791786563,2.346048358,2.573074216,1.348389426,2.16384278,3.373513174,2.877849751,1.538670606,2.918924393,1.453976534,1.831532118,2.41041236,2.650642469,2.329769396,2.908069782,2.7818662,2.023258162,2.352163562,2.518908162,2.117922017,2.308248579,2.051492254,1.534439488,2.635446278,2.312812551,2.535205688,2.918247623,2.446824396,3.560167718,2.742498976,2.839192444,3.230877098,2.638718372,0.831312204,3.330932526,1.950686644,2.037751245,2.67468332,3.644429766,1.820743452,2.827378587,2.232817535,2.324526361,1.32821233,2.30280621,3.258111571,2.07727082,2.560151456,3.286730835,2.212356253,2.00281941,1.729345986,2.296350915,1.494807154,1.384785277,2.98960149,2.283511391,2.349752457,2.127999872,2.040733789,1.906089385,4.295703669,3.321056644,2.400870098,2.946754906,3.215065939,2.638394494,2.369296538,1.87938369,1.343006673,2.331914877,2.214074666,3.993739539,2.980088622,2.4937247,2.896228268,3.068637714,1.858105231,1.692848496,2.44779659,1.516966251,2.929032417,2.921677744,1.684791399,2.819709193,2.655711244,1.020768145,2.423445162,2.971070063,3.882959864,2.347769025,2.626069682,2.718941177,2.796954118,2.475761713,2.960697617,1.498845881,1.939497718,0.988481521,2.269341625,2.41631152,2.178444377,1.242230696,2.220455785,1.624820102
